chr10-71500000-71600000	-0.221672	-0.752062	0.149756	4.90594
chr10-48200000-48300000	-1.54629	-0.627641	0.251226	1
chr10-11600000-11700000	1.17622	-0.273385	-0.187153	2.34104
chr10-116100000-116200000	0.782613	-0.225931	0.8012	1.71191
chr10-48400000-48500000	-0.478118	-0.093262	-0.158239	1.97404
chr10-20400000-20500000	1.0092	0.100305	-0.226893	1.32102
chr10-104300000-104400000	1.01275	-1.13196	0.987459	7.4409
chr10-19600000-19700000	0.789295	0.724111	-0.578053	1.30428
chr10-6100000-6200000	1.41893	-0.441197	-0.197068	4.43857
chr10-108700000-108800000	0.302595	0.686439	0.607103	1.15213
chr10-84200000-84300000	-0.352569	0.067416	0.185279	1.11096
chr10-100700000-100800000	0.173703	0.139466	0.377108	1.60219
chr10-100300000-100400000	0.108708	0.00341	0.442899	1.69071
chr10-116300000-116400000	0.847802	-0.170843	0.584213	2.04404
chr10-104700000-104800000	0.784951	-0.851122	0.378577	1.90256
chr10-100100000-100200000	0.817608	-0.381729	0.661028	4.55027
chr10-106100000-106200000	0.62356	0.404681	0.632319	1.50475
chr10-28200000-28300000	0.729896	0.035194	-0.881747	1.98248
chr10-112500000-112600000	0.52181	0.28741	0.963475	1.54643
chr10-39000000-39100000	0.364612	1.622	-0.494048	1.64538
chr10-77500000-77600000	-0.416505	-0.526017	0.130192	1.3259
chr10-104100000-104200000	1.26237	-0.788629	0.79176	5.7648
chr10-102100000-102200000	1.11728	0.172729	1.09241	3.3514
chr10-108300000-108400000	-0.178038	0.642455	0.624629	1.60974
chr10-103100000-103200000	0.999071	-0.120985	0.628871	3.05421
chr10-102500000-102600000	0.041162	-0.74884	0.719357	1.21998
chr10-100500000-100600000	0.033365	0.618419	0.975919	1.17943
chr10-129100000-129200000	0.086437	-0.068736	0.536717	2.33403
chr10-60800000-60900000	0.239775	0.349149	0.010656	1.16787
chr10-84500000-84600000	-0.290585	0.61682	0.392013	1.20089
chr10-13100000-13200000	1.5405	0.222713	0.132671	3.50499
chr10-24400000-24500000	0.95905	0.699096	0.018719	1.38238
chr10-102700000-102800000	0.761335	-0.982252	0.595988	8.07667
chr10-88800000-88900000	0.360049	1.2493	0.972183	3.9301
chr10-106300000-106400000	0.554453	0.479562	0.717726	1.71512
chr10-134700000-134800000	-0.367203	-0.02037	1.25935	1.52019
chr10-108100000-108200000	0.434981	0.59299	0.454552	1.32903
chr10-57100000-57200000	-0.549539	0.165582	-0.1125	1.23707
chr10-44100000-44200000	0.156804	-0.609897	0.046092	4.04706
chr10-80800000-80900000	0.409711	-0.95433	0.033953	7.63554
chr10-102300000-102400000	0.321026	-0.758695	0.914484	1.68037
chr10-100000-200000	1.79728	0.489903	0.704416	4.52532
chr10-44500000-44600000	0.344607	-0.607283	-0.02314	1.41852
chr10-105500000-105600000	0.481255	-0.876774	0.423213	5.12341
chr10-129900000-130000000	-0.286997	-0.108749	0.982364	1.38131
chr10-84700000-84800000	0.390706	0.514205	0.191681	1.31604
chr10-57500000-57600000	-0.239174	0.847434	-0.172902	1.0036
chr10-109100000-109200000	-0.181519	0.282033	0.60039	1.18473
chr10-7100000-7200000	1.22279	0.594829	0.130377	1.31553
chr10-103500000-103600000	0.640677	-0.777119	1.10092	4.08631
chr10-0-100000	2.23505	0.551311	0.922653	1
chr10-129500000-129600000	-0.013476	0.638749	0.961641	1.238
chr10-32600000-32700000	1.40982	-0.414431	-0.608975	4.0823
chr10-100400000-100500000	-0.467426	0.121443	0.834507	1.24835
chr10-74400000-74500000	0.51255	-0.985867	0.253386	2.55717
chr10-81500000-81600000	0.160988	-1.8712	1.08629	1.17593
chr10-104400000-104500000	1.24331	-0.517967	0.685303	7.13434
chr10-30300000-30400000	0.952841	-0.735571	-0.464666	4.26838
chr10-16500000-16600000	0.875492	0.528599	-0.402523	1.33025
chr10-96500000-96600000	0.289541	1.26642	0.586478	1.15225
chr10-100000000-100100000	0.663524	0.264607	0.839753	4.11989
chr10-107800000-107900000	0.300182	0.585336	0.238828	1.17009
chr10-69900000-70000000	-0.240093	-0.648794	0.122719	2.7343
chr10-102200000-102300000	0.473861	-0.097904	1.16424	3.55149
chr10-43700000-43800000	-0.629019	-0.079191	-0.509487	1.55387
chr10-1000000-1100000	1.42586	0.17325	0.133997	4.86131
chr10-2800000-2900000	0.70462	0.427515	-0.691924	1.26757
chr10-14700000-14800000	1.14411	-0.65662	-0.454986	1.7392
chr10-122800000-122900000	0.175139	0.543758	0.980687	1.1766
chr10-130000000-130100000	-0.21015	0.617246	0.862219	1.34094
chr10-102000000-102100000	0.827682	-0.361474	0.761604	3.99386
chr10-100200000-100300000	0.696574	0.346154	0.648064	3.13821
chr10-121600000-121700000	0.259233	-0.554049	0.876995	3.95346
chr10-78500000-78600000	-0.480828	0.194306	0.089451	1.19382
chr10-106000000-106100000	0.148285	-0.123305	0.438324	5.12177
chr10-72300000-72400000	-0.455954	-0.591929	0.10803	1.74325
chr10-63500000-63600000	0.491098	-0.536129	0.229108	1.73717
chr10-100600000-100700000	0.444671	0.791654	0.424497	1.48593
chr10-69700000-69800000	0.266623	-1.09565	0.009269	2.42494
chr10-34600000-34700000	0.827671	-0.404497	-0.632181	1.83707
chr10-105000000-105100000	0.444357	-1.3139	0.314528	2.49815
chr10-101000000-101100000	0.395324	0.384312	1.04655	2.09476
chr10-125200000-125300000	0.039791	0.654515	0.900001	1.27163
chr10-101400000-101500000	1.0569	-0.048061	0.851763	3.88774
chr10-109800000-109900000	0.194441	0.545415	0.959415	1.12314
chr10-118800000-118900000	-0.245206	0.294514	1.30092	1.22884
chr10-43400000-43500000	-0.486972	0.14953	-0.14232	1.33418
chr10-125400000-125500000	0.223519	0.502069	1.10115	1.19391
chr10-14400000-14500000	1.41791	-0.535521	0.175493	3.21447
chr10-10000000-10100000	0.777309	0.793128	-0.391625	1.24808
chr10-100800000-100900000	0.212096	0.49156	1.00221	1.49073
chr10-100900000-101000000	0.629675	0.926649	0.616323	1.21323
chr10-69200000-69300000	-0.187771	0.136946	0.147634	1.24251
chr10-27500000-27600000	1.44361	0.510316	-0.723944	5.92392
chr10-21500000-21600000	1.18767	-0.066197	-0.785295	1.39748
chr10-83600000-83700000	0.324964	0.612476	0.153963	1.15101
chr10-10800000-10900000	1.54755	-0.087843	-0.542581	1.77959
chr10-67400000-67500000	-0.02843	0.821802	-0.034457	1.16477
chr10-63000000-63100000	0.042874	0.021339	-0.33721	1.43385
chr10-10100000-10200000	0.806488	0.229939	-0.844002	1.27298
chr10-115000000-115100000	0.454272	-0.450315	1.01361	1.85928
chr10-109600000-109700000	0.173846	0.736887	0.769716	1.14981
chr10-57200000-57300000	-0.134503	0.448559	-0.649176	1.11703
chr10-24600000-24700000	1.35872	0.208608	0.178646	1.56961
chr10-119100000-119200000	0.401935	0.320427	1.06231	3.05047
chr10-101500000-101600000	0.459128	-0.352775	1.09656	2.64741
chr10-64400000-64500000	-0.038373	-0.361709	-0.45195	1.79828
chr10-111100000-111200000	0.908385	0.60786	0.841106	1.49879
chr10-101100000-101200000	0.460834	-0.115244	0.537218	3.14689
chr10-125500000-125600000	-0.321986	0.040033	1.17371	1.5202
chr10-95600000-95700000	0.184326	-0.060298	0.452814	2.63295
chr10-61700000-61800000	0.124917	0.340853	-0.237647	1.23207
chr10-16700000-16800000	0.978646	0.50903	-0.468446	1.91026
chr10-58400000-58500000	-0.489542	0.15684	-0.110263	1.17109
chr10-116800000-116900000	-0.39651	0.135823	0.842559	1.92756
chr10-129200000-129300000	0.367056	0.190345	1.1462	2.22176
chr10-89400000-89500000	0.715641	0.317559	1.1927	2.64575
chr10-105400000-105500000	0.481049	-0.461647	0.992129	9.00759
chr10-29500000-29600000	1.46982	0.101433	-0.623512	1.33919
chr10-12700000-12800000	1.48457	-0.462211	0.140027	2.54571
chr10-85800000-85900000	0.233104	0.585014	0.143593	4.07251
chr10-27100000-27200000	1.37861	0.330215	-0.613417	2.57749
chr10-115800000-115900000	0.408486	0.400938	1.08661	1.58566
chr10-105200000-105300000	1.07052	-0.440146	1.05127	2.9484
chr10-101600000-101700000	0.093596	-0.816464	0.688161	2.96223
chr10-85000000-85100000	-0.354457	0.474196	0.233485	1.13886
chr10-101200000-101300000	0.701102	0.476392	0.889095	1.39026
chr10-129400000-129500000	-0.564318	0.22949	0.802464	1.10041
chr10-18100000-18200000	2.3366	0.990239	-0.50552	1
chr10-109000000-109100000	0.409785	0.442195	1.00654	1.10372
chr10-134600000-134700000	-0.023432	-0.59967	1.06264	1.38728
chr10-55300000-55400000	-0.508248	0.340606	0.016948	1.0998
chr10-19000000-19100000	1.38372	0.264006	-0.455221	1.37624
chr10-15300000-15400000	1.46475	-0.505578	-0.089097	1.73112
chr10-101300000-101400000	0.368916	-0.154697	0.74106	3.77566
chr10-126500000-126600000	0.928997	-0.542859	0.796288	1.92555
chr10-129300000-129400000	0.05487	-0.013366	0.538546	1.152
chr10-93000000-93100000	1.08718	-0.207598	0.872685	2.15281
chr10-111700000-111800000	0.990306	-0.091081	0.671538	3.16919
chr10-101700000-101800000	0.754067	-0.774073	0.572449	3.45074
chr10-59900000-60000000	-0.337892	-0.003977	0.119589	1.52424
chr10-54800000-54900000	-0.483453	0.152331	-0.107016	1.21487
chr10-133200000-133300000	-0.434491	0.288046	1.01293	1.22643
chr10-14100000-14200000	0.943909	-0.711744	-0.353319	2.11034
chr10-76800000-76900000	0.51199	-0.955605	0.167854	2.96971
chr10-101800000-101900000	0.944238	-0.239687	0.996211	1.88572
chr10-101900000-102000000	0.770121	0.356889	0.661797	3.50189
chr10-30000000-30100000	1.52261	-0.717191	-0.043201	4.23389
chr10-10200000-10300000	1.13749	0.071329	-0.216187	1.38504
chr10-83300000-83400000	-0.43097	0.170986	0.032772	1.14152
chr10-87500000-87600000	-0.474075	0.546392	0.429705	1.23756
chr10-52200000-52300000	0.430301	-0.446811	-0.071126	1.6055
chr10-21000000-21100000	0.759741	0.79359	-0.538175	1.26877
chr10-72000000-72100000	-0.22855	-0.904459	0.328909	2.31819
chr10-115400000-115500000	0.270922	0.130168	1.18058	3.21782
chr10-120400000-120500000	0.279955	0.368213	1.13677	2.01003
chr10-129000000-129100000	0.06661	-0.729261	0.8058	2.08419
chr10-63700000-63800000	0.210845	0.226124	-0.499369	2.40724
chr10-104200000-104300000	0.866558	-1.15365	0.376866	4.55293
chr10-131600000-131700000	-0.456486	0.308023	0.957753	1.28629
chr10-29800000-29900000	1.37891	-0.627165	0.071456	3.1086
chr10-27200000-27300000	0.774732	0.755145	-0.639173	1.40839
chr10-102400000-102500000	-0.049646	-0.263995	1.20737	1.26063
chr10-117400000-117500000	0.052205	0.553223	0.362387	1.2779
chr10-14000000-14100000	1.07508	-0.332402	-0.903912	2.39967
chr10-117600000-117700000	0.642778	-0.392521	0.616382	1.61593
chr10-131200000-131300000	-0.062816	0.002726	0.565852	2.7345
chr10-70500000-70600000	-0.085033	-0.827699	-0.446938	2.46401
chr10-65000000-65100000	-0.210625	-0.826581	-0.543962	2.0066
chr10-108600000-108700000	0.092704	0.010515	0.469336	1.10603
chr10-96200000-96300000	0.800421	-0.061129	0.66367	1.6083
chr10-126200000-126300000	-0.070844	-0.274068	1.32974	2.02879
chr10-58200000-58300000	-0.062593	0.369777	-0.621112	1.15744
chr10-102600000-102700000	0.602564	-0.378049	0.953055	2.86949
chr10-1400000-1500000	1.38309	0.461387	0.291132	1.50313
chr10-54700000-54800000	0.106218	0.395219	-0.436217	1.4988
chr10-78300000-78400000	-0.243693	-0.725351	0.247637	1.77074
chr10-85300000-85400000	0.370579	0.593905	0.240215	1.42016
chr10-45500000-45600000	-0.710626	0.386969	-0.42585	1.26773
chr10-104000000-104100000	0.830729	-1.04651	0.402656	3.12808
chr10-45100000-45200000	0.402087	-0.350196	-0.098543	1.55145
chr10-132000000-132100000	0.253735	0.302967	1.20394	1.70282
chr10-10300000-10400000	0.702256	0.375633	-0.712781	1.36186
chr10-90300000-90400000	0.952918	-0.420284	0.629656	2.58307
chr10-7400000-7500000	1.46358	0.278953	0.122775	1.5767
chr10-65700000-65800000	-0.342698	0.129325	0.075849	1.31413
chr10-10500000-10600000	0.791956	0.007114	-0.767011	2.05849
chr10-12300000-12400000	1.34741	-0.643334	-0.058612	2.48312
chr10-38100000-38200000	1.05105	0.227743	-0.380376	3.06988
chr10-8000000-8100000	1.34369	0.633241	0.13267	1.84867
chr10-104600000-104700000	1.35678	-0.667848	0.709148	3.46046
chr10-102800000-102900000	0.990038	-0.6709	1.20828	4.77218
chr10-116400000-116500000	0.469592	-0.214927	1.1514	2.07311
chr10-63300000-63400000	0.272876	0.354112	-0.152608	1.66552
chr10-106400000-106500000	-0.179957	0.598515	0.7083	1.29188
chr10-49800000-49900000	-0.539699	-0.018007	-0.502486	6.50078
chr10-104900000-105000000	0.992833	-1.12984	0.659083	3.35956
chr10-102900000-103000000	0.642365	-0.978076	0.700098	1.47585
chr10-49700000-49800000	-0.426536	-0.632518	-0.152407	4.88709
chr10-104800000-104900000	1.08675	-0.542383	0.926513	2.76964
chr10-34400000-34500000	0.768655	-0.19308	-0.825712	1.57227
chr10-123200000-123300000	0.348042	0.097818	1.12297	1.21753
chr10-134000000-134100000	0.136787	-0.396602	1.49032	2.71149
chr10-12400000-12500000	1.56458	-0.158112	-0.516846	1.86814
chr10-127800000-127900000	0.449497	-0.769048	0.314095	2.06912
chr10-5000000-5100000	1.91327	0.162803	0.23526	1.48776
chr10-103800000-103900000	0.768996	-1.46741	0.448884	7.54007
chr10-16400000-16500000	1.26127	0.744023	0.146051	1.72185
chr10-92100000-92200000	0.839922	-0.142646	0.520987	1.29851
chr10-3600000-3700000	1.09966	-0.052182	-0.197421	1.62074
chr10-89500000-89600000	0.973218	0.374506	0.530283	3.06803
chr10-103600000-103700000	1.08038	-0.28273	0.874876	2.44502
chr10-16000000-16100000	0.950577	0.20652	-0.263894	1.10335
chr10-90200000-90300000	0.746615	0.156509	0.234634	1.41496
chr10-103400000-103500000	0.896874	-0.705932	0.448274	3.47209
chr10-10700000-10800000	0.91707	0.138875	-0.808364	1.41189
chr10-56000000-56100000	0.130679	0.473445	-0.476868	1.16293
chr10-103200000-103300000	0.952683	-0.808046	0.554043	1.54973
chr10-92400000-92500000	0.272933	0.464464	0.056895	1.28857
chr10-70700000-70800000	0.409673	-0.589666	-0.075271	4.02618
chr10-126000000-126100000	-0.344806	-0.274722	0.874782	2.03731
chr10-106200000-106300000	0.069224	-0.038281	0.554588	1.30184
chr10-103000000-103100000	0.896067	-0.515097	1.16596	1.66176
chr10-120600000-120700000	0.678077	0.30786	0.877062	1.47328
chr10-94600000-94700000	0.703362	-0.363129	0.962559	2.58853
chr10-66200000-66300000	0.158099	0.367195	-0.35162	1.08607
chr10-103700000-103800000	1.00183	-0.88386	0.777718	2.01467
chr10-17000000-17100000	1.53882	-0.23609	0.066059	4.18793
chr10-13400000-13500000	1.49773	0.509046	0.011726	1.38545
chr10-4700000-4800000	1.20468	-0.533417	-0.53959	3.43359
chr10-103300000-103400000	0.284852	-0.797559	0.749637	3.67936
chr10-17400000-17500000	0.821695	-0.078801	-0.834167	1.41383
chr10-123300000-123400000	0.583178	0.506992	0.5932	1.19768
chr10-103900000-104000000	0.442156	-1.24484	-0.107984	3.46879
chr10-61400000-61500000	-0.548688	-0.061428	-0.00898	1.42944
chr10-124800000-124900000	-0.302846	0.083121	1.11971	1.26651
chr10-45400000-45500000	-0.44408	-0.207827	-0.099075	7.09096
chr10-10400000-10500000	1.24461	0.256751	-0.25981	1.60208
chr10-51600000-51700000	-0.302462	0.344649	-1.45122	1
chr10-106500000-106600000	0.055312	-0.025412	0.458142	1.12972
chr10-131100000-131200000	0.123619	-0.365958	1.14753	1.28696
chr10-44300000-44400000	0.351768	-0.646388	-0.058045	4.07811
chr10-104500000-104600000	0.756894	-1.01477	0.817653	3.46873
chr10-7300000-7400000	1.20104	0.95229	0.168971	1.6181
chr10-62500000-62600000	-0.028996	-0.361613	-0.360646	1.58211
chr10-44200000-44300000	0.046028	-0.39901	-0.648067	1.67559
chr10-105100000-105200000	0.971862	-0.916748	0.577758	3.72701
chr10-22500000-22600000	0.813584	0.164263	-0.841776	2.28236
chr10-13500000-13600000	1.49776	-0.121331	0.255345	2.28781
chr10-64100000-64200000	-0.246836	-0.653437	0.035369	2.16398
chr10-118700000-118800000	-0.04728	0.642965	0.705619	2.68719
chr10-105300000-105400000	0.836406	-0.840449	0.512115	4.95732
chr10-67000000-67100000	-0.567401	0.238219	-0.043467	1.16457
chr10-61100000-61200000	-0.469898	0.205846	-0.03223	1.7227
chr10-105600000-105700000	0.952855	-0.406974	0.668952	4.70025
chr10-89200000-89300000	0.701496	1.49849	0.835914	5.23709
chr10-28100000-28200000	1.26682	0.373859	-0.5992	1.32101
chr10-111300000-111400000	0.369796	0.603682	1.03701	1.85211
chr10-79200000-79300000	-0.136218	-0.980495	0.364708	4.322
chr10-62800000-62900000	0.077318	-0.212777	-0.481525	1.35809
chr10-105700000-105800000	0.53567	-0.658013	0.164001	3.27938
chr10-82000000-82100000	0.029461	0.659156	0.583167	1.61917
chr10-54000000-54100000	0.333316	-0.335411	-0.27836	3.29542
chr10-105800000-105900000	0.157837	-0.140895	0.479191	3.09978
chr10-51900000-52000000	-0.11203	-0.308519	-1.21715	1.0989
chr10-105900000-106000000	0.818335	-0.184596	0.714424	2.21633
chr10-49300000-49400000	-1.17034	-0.647503	-0.983164	1.38246
chr10-34800000-34900000	0.989257	-0.213658	-0.203526	2.15708
chr10-18300000-18400000	1.4178	0.318446	-0.46851	1.26935
chr10-50200000-50300000	-0.158331	0.662643	0.005763	1.69002
chr10-10600000-10700000	1.01583	0.060578	-0.089855	1.60771
chr10-130800000-130900000	0.293738	0.433865	1.0071	1.36193
chr10-106600000-106700000	0.4229	0.546153	0.253511	1.14964
chr10-106700000-106800000	0.245515	-0.091293	0.56205	1.13317
chr10-108500000-108600000	0.497404	0.6033	0.598589	1.10828
chr10-2100000-2200000	0.877673	0.354301	-0.869916	1.21446
chr10-50800000-50900000	-0.52703	0.096414	-0.001854	1.48697
chr10-124000000-124100000	-0.27346	-0.646589	0.780483	2.07395
chr10-12600000-12700000	1.56258	-0.099151	-0.462822	1.92881
chr10-133400000-133500000	-0.40245	0.420176	1.15984	1.23977
chr10-3000000-3100000	1.30065	0.748103	0.179774	3.62892
chr10-119800000-119900000	0.070046	-0.017368	0.528263	4.09743
chr10-18400000-18500000	0.871265	-0.024992	-0.787108	1.59837
chr10-7000000-7100000	0.864629	0.786821	-0.448293	1.20384
chr10-69400000-69500000	-0.520552	0.15103	-0.086063	1.15094
chr10-4200000-4300000	1.21473	-0.723462	0.048168	1.76323
chr10-63600000-63700000	0.06378	-0.442093	-0.332148	2.78451
chr10-106800000-106900000	0.303265	0.522128	0.961461	1.19624
chr10-113800000-113900000	0.116313	-0.100342	0.749367	1.48963
chr10-106900000-107000000	0.402611	0.568364	0.258325	1.23523
chr10-52100000-52200000	-0.12138	-0.406506	-0.517207	2.45377
chr10-49500000-49600000	-0.120045	0.062334	-0.702416	2.39879
chr10-45300000-45400000	0.253613	-0.099636	-0.282802	2.75931
chr10-107000000-107100000	-0.215006	0.504771	0.63323	1.14998
chr10-107100000-107200000	0.214295	-0.003077	0.378446	1.10036
chr10-107200000-107300000	0.453672	0.596579	0.693206	1.04929
chr10-85500000-85600000	-0.002468	-0.023414	0.443451	1.23336
chr10-6700000-6800000	1.51996	0.354917	0.09884	2.37728
chr10-53400000-53500000	-0.004071	0.109349	-0.606967	2.8669
chr10-107300000-107400000	0.118815	-0.002298	0.48011	1.21699
chr10-116600000-116700000	0.688803	-0.433072	0.448565	2.72265
chr10-47500000-47600000	-1.04865	-0.507871	-0.630141	2.41298
chr10-107400000-107500000	0.120123	0.702805	0.335239	1.07086
chr10-107600000-107700000	-0.14723	0.681834	0.560932	1.13468
chr10-114200000-114300000	0.663186	0.04849	0.95299	3.216
chr10-24800000-24900000	1.07839	0.304108	-1.00881	1.79533
chr10-24000000-24100000	0.73243	0.988928	-0.346997	1.11169
chr10-107500000-107600000	0.017289	-0.015358	0.450468	1.11669
chr10-1700000-1800000	1.03036	0.527719	-0.193074	1.24346
chr10-51500000-51600000	-0.302286	0.346206	-1.45108	3.50787
chr10-37500000-37600000	0.743446	0.79654	-0.451933	1.20368
chr10-28000000-28100000	0.730307	-0.048312	-0.824915	1.72294
chr10-134500000-134600000	0.368364	-0.082921	1.33467	3.37476
chr10-95100000-95200000	0.885069	-0.527784	0.571101	4.34914
chr10-62400000-62500000	-0.06636	0.358488	-0.299327	1.3113
chr10-131700000-131800000	0.222551	0.359892	1.17311	1.40605
chr10-107700000-107800000	0.036728	-0.017557	0.526369	1.26093
chr10-107900000-108000000	0.235935	0.467598	0.95866	1.15123
chr10-32500000-32600000	0.834583	-0.177303	-0.940268	1.8634
chr10-85100000-85200000	0.217272	0.888596	0.404125	1.40598
chr10-108000000-108100000	0.084905	-0.049774	0.464906	1.15485
chr10-45600000-45700000	-0.346912	-0.164811	-0.6629	2.05551
chr10-108200000-108300000	0.056132	-0.018997	0.432871	1.08386
chr10-125000000-125100000	-0.059793	-0.239548	0.667085	1.46281
chr10-34100000-34200000	0.880734	-0.571255	-0.664123	1.38836
chr10-32700000-32800000	0.801673	-0.227393	-0.921555	3.26277
chr10-112800000-112900000	0.436154	0.33812	1.12125	1.2392
chr10-23800000-23900000	0.796799	0.81918	-0.404991	1.18308
chr10-36600000-36700000	1.37741	-0.538401	0.120636	1.73477
chr10-14600000-14700000	1.42434	-0.318721	0.06953	3.12133
chr10-108400000-108500000	0.124291	-0.010418	0.471938	1.24652
chr10-108800000-108900000	-0.249055	0.240974	0.446945	1.11455
chr10-126400000-126500000	0.234771	-0.724542	0.809463	4.36422
chr10-108900000-109000000	0.070916	0.87808	0.538955	1.087
chr10-10900000-11000000	0.860223	-0.185763	-0.475013	1.69299
chr10-69100000-69200000	-0.482072	0.683427	-0.232793	1.11767
chr10-21100000-21200000	1.07607	0.74861	0.121669	1.20616
chr10-109200000-109300000	0.347682	0.618862	0.245	1.23135
chr10-16600000-16700000	1.29929	0.581467	0.168817	1.92486
chr10-109300000-109400000	0.049326	-0.016577	0.440906	1.55995
chr10-30500000-30600000	0.963698	-0.745571	-0.491451	2.33333
chr10-29100000-29200000	0.84701	-0.572037	-0.700302	1.93534
chr10-21300000-21400000	1.06884	0.888722	-0.219518	1.28767
chr10-69600000-69700000	0.155475	-0.560286	-0.437756	3.04737
chr10-65600000-65700000	-0.135185	0.185646	-0.607574	1.31407
chr10-109400000-109500000	-0.076838	0.67284	0.625115	1.32587
chr10-121200000-121300000	0.152853	-0.443784	1.09365	4.61986
chr10-71800000-71900000	0.002237	-0.527018	0.576673	3.76415
chr10-20800000-20900000	1.3252	0.633811	-0.546309	1.22291
chr10-8100000-8200000	0.822112	0.870373	-0.328022	1.73923
chr10-60400000-60500000	-0.019804	-0.531015	-0.340476	1.84774
chr10-97600000-97700000	0.367626	0.352462	0.970562	2.16821
chr10-500000-600000	1.38646	-0.042216	-0.304366	3.70967
chr10-109500000-109600000	0.40356	0.60121	0.084106	1.12016
chr10-1300000-1400000	1.05336	0.999603	-0.027008	1.30652
chr10-42400000-42500000	0.354593	0.980818	-0.120631	1.43103
chr10-11400000-11500000	1.44665	0.439531	-0.558723	1.37192
chr10-120100000-120200000	0.171891	0.672779	0.779677	2.80457
chr10-109700000-109800000	-0.383446	0.308414	0.60321	1.07329
chr10-35400000-35500000	0.906099	-0.547367	-0.525324	3.46863
chr10-109900000-110000000	0.394891	0.990684	0.419779	1.12202
chr10-134300000-134400000	0.309775	-0.880903	0.88158	3.7259
chr10-91500000-91600000	0.811222	-0.235358	0.77538	3.64093
chr10-73100000-73200000	0.290416	-0.493774	0.233803	1.97923
chr10-3300000-3400000	1.60847	0.102764	0.281174	1.90927
chr10-68400000-68500000	0.263668	-0.069045	-0.172717	1.27524
chr10-1100000-1200000	1.0948	0.684409	-0.253596	4.08064
chr10-20000000-20100000	0.850414	-0.107383	-0.822313	1.44077
chr10-19800000-19900000	1.61055	0.046974	0.112878	1.26401
chr10-33300000-33400000	1.10825	-0.677704	-0.462654	1.85078
chr10-119700000-119800000	0.284726	0.650696	0.668023	1.67581
chr10-11000000-11100000	1.20009	0.258339	-0.03686	1.70109
chr10-27300000-27400000	1.34319	0.393924	-0.424132	2.99089
chr10-94100000-94200000	1.19015	-0.185659	1.24985	1.53517
chr10-131400000-131500000	-0.577453	-0.38612	0.717586	1.92587
chr10-110000000-110100000	-0.245522	0.697686	0.569941	1.22397
chr10-66600000-66700000	-0.290785	0.93035	-0.126177	1.18382
chr10-110100000-110200000	0.459108	0.606226	0.407105	1.33472
chr10-110200000-110300000	-0.236384	0.715988	0.603031	1.1937
chr10-2400000-2500000	0.8552	1.22807	-0.007247	1.17085
chr10-66400000-66500000	-0.244328	0.279691	-0.598459	1.11314
chr10-110300000-110400000	0.479849	0.885272	0.559535	1.24108
chr10-45800000-45900000	-0.470634	0.822005	-0.358206	1.24852
chr10-119400000-119500000	0.348005	0.290945	1.10358	1.21193
chr10-29700000-29800000	1.56567	-0.911389	-0.557946	3.04858
chr10-61200000-61300000	0.134138	0.589625	-0.014019	1.34568
chr10-118000000-118100000	0.364245	0.501504	0.892305	2.62364
chr10-110400000-110500000	0.414234	0.311464	1.00488	1.14137
chr10-118300000-118400000	0.054417	-0.003022	0.532632	1.20616
chr10-124300000-124400000	-0.215404	-0.018467	1.25813	1.34487
chr10-128500000-128600000	0.177816	-0.417056	1.1705	3.34374
chr10-110500000-110600000	0.108047	0.036521	0.403819	1.47803
chr10-86000000-86100000	-0.174666	-0.724157	0.335267	3.21614
chr10-132400000-132500000	-0.390941	0.264116	1.19694	1.2161
chr10-56100000-56200000	-0.385239	0.571942	0.020383	1.11706
chr10-50600000-50700000	-0.362532	-0.513899	-0.392095	1.60442
chr10-110600000-110700000	0.608774	0.519074	0.621756	1.88113
chr10-20700000-20800000	0.656612	0.802377	-0.726435	1.14484
chr10-82400000-82500000	0.006969	-0.046537	0.464148	1.54041
chr10-86400000-86500000	0.371249	0.774769	0.493844	1.21332
chr10-73700000-73800000	0.074176	-1.17998	-0.118033	5.88937
chr10-62200000-62300000	-0.474907	0.097915	-0.172463	1.41132
chr10-122500000-122600000	0.511438	0.644742	0.606192	1.19684
chr10-122700000-122800000	-0.081905	0.048836	0.544878	1.38808
chr10-28700000-28800000	1.30895	-0.198546	-0.846009	1.52354
chr10-110700000-110800000	-0.082334	0.698143	0.772434	1.07876
chr10-30200000-30300000	1.50891	-0.635442	-0.024578	2.23983
chr10-110800000-110900000	0.59833	0.609134	1.01981	1.19141
chr10-112400000-112500000	0.211077	-0.308625	0.716926	1.97132
chr10-132200000-132300000	0.337879	0.290362	1.11285	1.18449
chr10-117000000-117100000	-0.031452	0.088535	0.482748	1.2131
chr10-117800000-117900000	0.326401	0.139501	1.1094	2.19443
chr10-131000000-131100000	-0.423328	0.038657	0.928012	1.25672
chr10-81200000-81300000	0.341327	-0.88649	0.099881	4.64893
chr10-92200000-92300000	0.554905	0.167465	-0.05864	1.25895
chr10-131800000-131900000	-0.33477	-0.081497	1.07611	2.97261
chr10-110900000-111000000	0.075518	0.700765	0.522774	1.60987
chr10-24200000-24300000	0.696034	0.254123	-0.893528	1.13978
chr10-117300000-117400000	0.278009	0.390571	1.03173	1.26735
chr10-77800000-77900000	0.129719	-0.342757	-0.197376	1.70248
chr10-11100000-11200000	0.958872	0.111617	-0.703771	1.33971
chr10-122200000-122300000	0.393032	0.545596	0.815486	1.31768
chr10-23500000-23600000	0.986782	0.962917	-0.604652	1.20653
chr10-74600000-74700000	-0.041191	-0.907916	-0.103868	1.73775
chr10-58000000-58100000	-0.504995	0.150097	-0.010003	1.78788
chr10-49200000-49300000	-1.16917	-0.646918	-0.982296	1
chr10-27600000-27700000	1.41565	-0.210267	-0.768091	1.32478
chr10-111000000-111100000	0.284095	0.332191	1.09739	2.02402
chr10-56700000-56800000	-0.549947	0.144959	-0.110101	1.23122
chr10-30100000-30200000	1.13183	-0.686101	-0.602071	2.11664
chr10-125600000-125700000	-0.064268	0.023844	0.521409	1.38907
chr10-29200000-29300000	1.33245	-0.834219	-0.32376	2.22026
chr10-25500000-25600000	0.663364	0.37293	-0.723682	1.07875
chr10-129800000-129900000	0.337005	0.196774	1.14961	1.48352
chr10-65100000-65200000	0.354753	-1.03316	-0.20019	1.74288
chr10-111200000-111300000	0.404091	0.59828	0.305229	1.22847
chr10-89000000-89100000	0.3771	1.89483	1.07906	1
chr10-92300000-92400000	0.779035	0.402692	0.571035	1.4549
chr10-61000000-61100000	0.047655	0.360502	-0.50866	1.40003
chr10-81800000-81900000	0.650543	0.094458	0.713057	3.55655
chr10-119900000-120000000	-0.401405	0.409035	0.857181	1.22552
chr10-63400000-63500000	0.098867	-0.316511	-0.346622	1.76171
chr10-29300000-29400000	0.799067	-0.678883	-0.745216	1.54229
chr10-78100000-78200000	0.522184	-0.554098	0.225415	2.54378
chr10-9900000-10000000	0.799937	0.205897	-0.808485	1.30404
chr10-111400000-111500000	-0.27555	0.63382	0.737092	1.17907
chr10-62700000-62800000	0.359164	0.31325	-0.088808	3.90977
chr10-11200000-11300000	1.09211	0.18658	-0.001438	1.70654
chr10-55100000-55200000	-0.442588	0.299386	0.006382	1.05023
chr10-111500000-111600000	0.272408	0.288739	1.07605	1.26754
chr10-47000000-47100000	-0.106055	0.079753	-0.765198	6.01328
chr10-111600000-111700000	0.380431	-0.413554	0.845795	3.88359
chr10-130600000-130700000	-0.305585	0.246613	0.709997	1.22304
chr10-4400000-4500000	1.37144	-0.528888	-0.053366	1.4585
chr10-121000000-121100000	0.593005	0.037704	1.30542	4.41632
chr10-21400000-21500000	0.745132	0.500674	-0.731634	1.25754
chr10-89800000-89900000	0.236867	-0.476556	-0.141745	2.42732
chr10-25700000-25800000	0.628758	0.378478	-0.715029	1.18041
chr10-25600000-25700000	0.813249	0.930692	-0.304722	1.12417
chr10-111800000-111900000	0.463113	-0.119766	1.12343	1.80205
chr10-111900000-112000000	0.908051	-0.262551	0.576321	3.50963
chr10-50000000-50100000	-0.015193	0.364451	-0.501291	1.85589
chr10-112000000-112100000	0.426767	-0.655407	0.230618	3.22119
chr10-21600000-21700000	1.58185	0.448107	-0.450425	2.71322
chr10-43000000-43100000	-0.198478	0.995069	-0.067845	3.15996
chr10-128000000-128100000	0.472816	-0.42405	0.290222	2.27831
chr10-73800000-73900000	0.588457	-0.710361	0.038198	1.784
chr10-112100000-112200000	0.687456	-0.50142	0.869136	4.57899
chr10-130500000-130600000	0.305543	0.461667	1.00231	1.24318
chr10-97100000-97200000	0.380097	0.587555	0.216278	1.83286
chr10-59100000-59200000	-0.196976	0.854448	-0.198616	1.10707
chr10-5700000-5800000	0.97557	0.030868	-0.166571	3.61739
chr10-51100000-51200000	-0.338441	-0.125582	-1.8981	1.74459
chr10-123100000-123200000	-0.325577	0.051284	0.87456	1.17946
chr10-112200000-112300000	0.9467	0.010943	1.21004	4.17257
chr10-1500000-1600000	1.52505	0.86573	-0.275216	1.26751
chr10-33800000-33900000	0.992509	-0.002701	-0.198624	1.38293
chr10-26100000-26200000	0.797834	0.740937	-0.515371	1.17203
chr10-112300000-112400000	0.925934	-0.390805	0.621437	2.55106
chr10-80400000-80500000	-0.120256	-0.800429	0.446028	2.17354
chr10-50300000-50400000	0.134026	0.284358	-0.50909	3.31344
chr10-120200000-120300000	-0.008458	-0.002428	0.577161	1.38242
chr10-74300000-74400000	0.156148	-1.11468	-0.337245	2.32331
chr10-112600000-112700000	0.73371	-0.1962	0.493324	4.52694
chr10-112700000-112800000	0.59768	0.501459	0.421268	1.50811
chr10-66900000-67000000	-0.001256	-0.069796	-0.393802	1.14641
chr10-112900000-113000000	-0.262998	0.324857	1.22123	1.35053
chr10-71200000-71300000	-0.175535	-0.810465	0.308426	1.9426
chr10-114300000-114400000	0.207349	-0.436904	0.69366	1.56037
chr10-19300000-19400000	0.974819	-0.483869	-0.570253	1.30036
chr10-60300000-60400000	0.207813	0.142765	-0.323674	1.72989
chr10-33600000-33700000	1.23889	-0.842477	-0.26727	4.14138
chr10-68300000-68400000	-0.40381	0.059948	0.078646	1.24301
chr10-11300000-11400000	1.40983	0.83717	0.031354	1.43608
chr10-4800000-4900000	0.83097	0.076353	-0.592273	2.98726
chr10-114800000-114900000	0.815996	-0.222037	0.647181	3.13976
chr10-16300000-16400000	0.792795	0.713479	-0.399443	1.15329
chr10-29000000-29100000	1.25866	-0.770864	-0.194267	1.98272
chr10-114400000-114500000	0.496504	0.035775	1.14808	1.66722
chr10-78200000-78300000	0.060337	-0.228466	-0.200611	1.41681
chr10-25800000-25900000	1.08869	0.154579	-0.219584	1.16215
chr10-133800000-133900000	-0.056804	0.040822	1.30726	1.8698
chr10-113000000-113100000	-0.149132	-0.023475	0.60146	1.36641
chr10-135200000-135300000	-0.22119	-0.628614	0.877776	4.04912
chr10-57800000-57900000	0.056036	0.364111	-0.511317	1.25528
chr10-26000000-26100000	1.51698	0.629146	-0.54989	1.12832
chr10-17700000-17800000	1.89094	0.569103	-0.278845	2.3684
chr10-113100000-113200000	0.317252	0.299935	1.04434	1.39185
chr10-54400000-54500000	-0.480682	0.534111	-0.263912	1.32033
chr10-29400000-29500000	1.41943	-0.537876	-0.452713	2.04965
chr10-113200000-113300000	-0.152089	0.694993	0.666912	1.144
chr10-85200000-85300000	-0.337598	0.553158	0.084726	1.46779
chr10-25100000-25200000	1.38311	-0.1051	-0.501704	2.37549
chr10-23600000-23700000	0.920306	0.255826	-0.832381	1.77912
chr10-55200000-55300000	-0.33621	0.587661	-0.658038	1.11046
chr10-48000000-48100000	-1.54567	-0.626207	0.251416	0
chr10-33000000-33100000	0.708353	0.030025	-1.05686	1.44638
chr10-26300000-26400000	1.30767	0.612179	-0.600936	1.1684
chr10-113300000-113400000	-0.411542	0.071635	0.91205	1.17567
chr10-113400000-113500000	0.002129	0.603349	0.636816	1.09334
chr10-115200000-115300000	0.395824	0.204087	1.09332	1.60172
chr10-116000000-116100000	0.265827	-0.698026	0.729875	2.1113
chr10-12200000-12300000	1.51521	0.00609	0.199492	3.3175
chr10-18800000-18900000	1.36901	0.147137	-0.340644	1.61083
chr10-113600000-113700000	0.044014	0.717762	0.501079	1.2118
chr10-135400000-135500000	-0.681664	-0.506867	1.44829	1.89516
chr10-85600000-85700000	0.177017	0.570156	0.058507	1.17006
chr10-53800000-53900000	-0.441686	0.145456	0.010794	1.47514
chr10-113500000-113600000	0.72333	0.584131	0.679584	1.11145
chr10-22200000-22300000	1.30437	0.522163	-0.539656	2.29432
chr10-44800000-44900000	0.148844	-0.299921	-0.353526	1.64986
chr10-133700000-133800000	-0.167212	-0.651092	1.24895	5.38313
chr10-20200000-20300000	1.36759	0.413775	-0.015061	1.98849
chr10-113700000-113800000	-0.479855	0.302832	0.763668	1.3141
chr10-32900000-33000000	1.38107	-0.074928	-0.888373	1.36544
chr10-113900000-114000000	0.277874	0.526743	0.401846	2.73831
chr10-65400000-65500000	-0.238101	-0.752587	-0.059777	2.19271
chr10-25200000-25300000	1.58038	-0.173511	0.176226	3.65046
chr10-25000000-25100000	1.82382	0.150323	-0.031006	3.48749
chr10-119000000-119100000	-0.226908	0.018636	0.867091	1.41831
chr10-65500000-65600000	-0.491608	-0.076056	0.001996	1.2885
chr10-81000000-81100000	0.413963	-0.654854	0.120072	6.96733
chr10-114000000-114100000	0.76977	0.083019	0.653051	1.64318
chr10-114100000-114200000	0.075447	-0.088398	0.540019	2.08417
chr10-124500000-124600000	0.170139	0.383621	1.20877	1.20704
chr10-128100000-128200000	0.531252	-0.223149	0.971738	1.97525
chr10-28500000-28600000	0.984623	0.035041	-0.274374	1.56913
chr10-91000000-91100000	1.16938	-0.195247	0.818347	2.91066
chr10-114500000-114600000	0.309587	-0.631721	0.969018	1.95609
chr10-114600000-114700000	0.716417	-0.096593	1.25576	1.58205
chr10-53000000-53100000	0.047093	0.252804	-0.562367	1.42802
chr10-123700000-123800000	-0.031794	-0.238941	1.59994	2.47661
chr10-126300000-126400000	0.618526	-0.342221	1.26599	3.74625
chr10-46200000-46300000	-0.418444	0.175216	-1.41476	2.28789
chr10-4300000-4400000	0.905181	-0.583806	-0.580178	1.94652
chr10-114700000-114800000	0.285205	-0.574346	0.903909	2.82295
chr10-127300000-127400000	0.286046	-0.568639	1.02443	1.46115
chr10-15700000-15800000	1.73749	0.359026	-0.199877	1.44778
chr10-64700000-64800000	0.03791	-0.734964	0.086054	1.56649
chr10-15400000-15500000	1.63151	0.107023	0.215954	2.32398
chr10-114900000-115000000	0.462031	0.255443	1.0668	1.89036
chr10-64000000-64100000	0.435167	-0.546014	-0.056215	2.26047
chr10-11500000-11600000	1.52595	0.245599	0.142144	1.82325
chr10-33500000-33600000	0.797976	-0.358662	-0.588109	2.53158
chr10-121100000-121200000	0.850048	-0.490095	0.927725	4.33378
chr10-115100000-115200000	0.068382	-0.103003	0.528947	1.58304
chr10-13600000-13700000	1.28576	-0.01371	-0.425604	2.9476
chr10-115300000-115400000	0.023184	0.006125	0.498948	1.27901
chr10-73000000-73100000	-0.387571	-0.5673	-0.000837	2.57845
chr10-59500000-59600000	-0.422003	0.484717	-0.331267	1.24527
chr10-121500000-121600000	0.764301	-0.122707	0.693142	2.95648
chr10-80500000-80600000	0.287109	-0.231095	0.437091	3.02768
chr10-33400000-33500000	1.32175	-0.371623	-1.06771	2.11625
chr10-115500000-115600000	0.306668	-0.275974	0.595903	1.28435
chr10-5600000-5700000	1.2801	0.609214	0.133924	3.8075
chr10-23100000-23200000	1.42434	0.627956	-0.048504	1.99561
chr10-76400000-76500000	0.130939	-1.06214	0.386286	1.47098
chr10-124400000-124500000	-0.397894	0.512057	0.802021	1.22287
chr10-69000000-69100000	0.15878	0.634318	0.083967	1.16437
chr10-115600000-115700000	0.340164	0.198275	1.13032	3.69289
chr10-129600000-129700000	-0.257509	-0.034526	0.936554	1.31403
chr10-87600000-87700000	0.228146	0.627001	0.265538	1.22212
chr10-25400000-25500000	1.3379	0.6041	-0.592863	1.22896
chr10-19900000-20000000	1.52073	0.022897	-0.607005	2.12321
chr10-9600000-9700000	1.38375	0.35604	-0.559449	1.52243
chr10-115700000-115800000	0.773689	0.04044	0.591904	2.37912
chr10-124100000-124200000	0.095423	-0.121	0.465207	2.34727
chr10-119300000-119400000	-0.189286	0.566824	0.735025	1.58503
chr10-115900000-116000000	0.738914	-0.154689	0.744194	3.51337
chr10-116200000-116300000	0.339894	-0.665576	0.434551	1.62303
chr10-6500000-6600000	1.17989	0.324844	-0.385295	1.21824
chr10-116500000-116600000	0.875525	0.205102	0.745291	3.4704
chr10-13200000-13300000	1.53715	-0.004417	-0.552465	1.68856
chr10-127100000-127200000	0.381233	-0.516307	0.987111	1.21866
chr10-134100000-134200000	0.419486	-0.900065	1.1205	4.14172
chr10-79000000-79100000	0.20823	-0.444316	-0.191086	3.03398
chr10-5300000-5400000	1.28971	0.167637	0.534821	2.1263
chr10-130100000-130200000	-0.450279	-0.020891	0.645733	1.14901
chr10-71000000-71100000	-0.344242	-0.61983	0.134307	5.01467
chr10-60200000-60300000	0.107769	-0.556803	-0.430391	2.82183
chr10-88200000-88300000	0.703917	0.466744	0.56529	3.3436
chr10-9500000-9600000	0.82505	0.827036	-0.509604	1.15789
chr10-4500000-4600000	1.64024	0.091853	0.137875	2.15419
chr10-116700000-116800000	0.086831	-0.056885	0.369449	1.63897
chr10-88300000-88400000	0.189822	-0.023234	0.694592	2.58656
chr10-116900000-117000000	0.015531	0.749354	0.765396	1.19672
chr10-46700000-46800000	-0.418364	0.176245	-1.41749	1
chr10-11700000-11800000	1.65996	0.073957	0.187582	2.12003
chr10-117100000-117200000	0.375292	0.693271	0.455686	1.15682
chr10-118100000-118200000	0.048951	0.029405	0.431638	1.13076
chr10-133100000-133200000	0.051254	-0.002645	0.576911	1.23182
chr10-67500000-67600000	-0.502316	0.279653	0.071402	1.07522
chr10-83800000-83900000	0.184758	0.621558	0.054737	1.104
chr10-67100000-67200000	-0.049661	-0.190738	-0.335631	1.08272
chr10-117200000-117300000	-0.30744	0.574917	0.65858	1.11305
chr10-53700000-53800000	-0.105849	-0.281064	-0.473204	1.43356
chr10-31200000-31300000	1.22068	-0.958831	-0.281558	2.05077
chr10-95400000-95500000	1.02668	0.628765	0.736484	2.4912
chr10-22400000-22500000	0.825745	0.793175	-0.515866	1.15073
chr10-24500000-24600000	1.34063	0.37995	-0.497443	1.42124
chr10-117500000-117600000	0.694362	0.317514	0.599295	1.60091
chr10-117700000-117800000	0.037393	-0.032992	0.486056	2.0102
chr10-7500000-7600000	1.37896	0.662186	-0.50117	1.32736
chr10-117900000-118000000	0.868038	0.04977	0.667487	1.57001
chr10-13000000-13100000	1.402	-0.472145	0.241481	1.73393
chr10-11800000-11900000	1.62029	-0.229338	-0.473483	3.95375
chr10-95800000-95900000	0.220009	-0.106422	0.4091	1.86081
chr10-2000000-2100000	0.689203	0.88325	-0.430848	1.17107
chr10-50700000-50800000	-0.400181	0.117516	-0.735015	3.40442
chr10-118200000-118300000	-0.189498	0.664922	0.706737	1.18315
chr10-63800000-63900000	0.298478	-0.44781	-0.268292	3.40995
chr10-52600000-52700000	-0.365623	0.050214	-0.000514	1.36358
chr10-118400000-118500000	0.327636	0.207769	1.17115	2.75697
chr10-21700000-21800000	1.12748	0.139137	-0.887373	2.93398
chr10-118500000-118600000	-0.017765	0.653619	0.748319	3.15841
chr10-122100000-122200000	-0.316881	0.557414	0.743761	1.42544
chr10-132100000-132200000	-0.022004	0.773931	0.741665	1.28638
chr10-118600000-118700000	0.066795	-0.027517	0.504313	3.04783
chr10-118900000-119000000	0.407918	0.362587	0.993891	1.32001
chr10-11900000-12000000	1.56788	-0.074138	0.199242	3.49213
chr10-23200000-23300000	0.999579	0.565229	-0.613413	1.32989
chr10-70200000-70300000	-0.053235	-0.930577	0.224234	2.84893
chr10-25300000-25400000	1.2849	0.475852	0.128333	2.88059
chr10-119200000-119300000	-0.215412	-0.063132	1.10087	1.87826
chr10-59600000-59700000	-0.05667	-0.084774	-0.593528	1.0942
chr10-48500000-48600000	-0.241608	-0.7036	0.021047	3.22455
chr10-19500000-19600000	0.74425	0.060591	-0.858937	1.44658
chr10-119500000-119600000	-0.213634	0.112936	0.70727	1.2795
chr10-84300000-84400000	-0.196137	0.708384	0.495683	1.25023
chr10-56300000-56400000	0.139804	0.536252	-0.146802	1.27196
chr10-119600000-119700000	0.287015	0.188951	1.20886	1.31186
chr10-65800000-65900000	0.045611	0.74538	-0.025686	1.28097
chr10-21800000-21900000	1.68829	0.38266	-0.502337	4.39007
chr10-72800000-72900000	-0.213329	-0.881537	0.0786	1.32891
chr10-49900000-50000000	-0.50035	0.502284	0.008682	1.34876
chr10-1200000-1300000	1.51916	0.596169	0.313582	1.30015
chr10-63100000-63200000	-0.499112	-0.329902	-0.014956	1.19725
chr10-14800000-14900000	1.51324	-0.443503	0.071955	3.47
chr10-18200000-18300000	1.91521	0.784501	-0.30626	1.48141
chr10-6200000-6300000	1.86031	0.109848	-0.084761	6.49974
chr10-12000000-12100000	1.26364	-0.629553	-0.11563	3.24469
chr10-61800000-61900000	0.095019	-0.390214	-0.205965	1.59032
chr10-125800000-125900000	0.437777	-0.462696	1.24174	1.38958
chr10-81600000-81700000	0.327	-1.23355	0.979232	1.92747
chr10-120000000-120100000	0.102358	0.015582	0.503508	1.54547
chr10-92600000-92700000	0.918953	-0.153215	0.625187	3.33756
chr10-71700000-71800000	-0.460469	-0.488495	0.04111	1.81982
chr10-59700000-59800000	-0.326759	-0.041405	0.072407	1.33049
chr10-120300000-120400000	0.429606	-0.318502	1.06143	1.37924
chr10-17300000-17400000	1.05772	0.035681	-0.185704	1.35501
chr10-17800000-17900000	2.33602	0.991117	-0.503429	1
chr10-51800000-51900000	-0.110809	-0.307577	-1.21683	2.03096
chr10-120500000-120600000	0.4736	-0.325676	1.10273	2.59973
chr10-62600000-62700000	0.380573	-0.317026	0.242851	1.82982
chr10-120700000-120800000	0.602884	-0.34871	1.06892	1.87091
chr10-122300000-122400000	0.067447	-0.006333	0.505298	1.14683
chr10-1600000-1700000	1.47342	0.523082	0.350829	1.25658
chr10-87800000-87900000	-0.299452	0.638952	0.612749	1.2993
chr10-94800000-94900000	0.621176	-0.089267	0.794688	1.64279
chr10-21200000-21300000	1.32343	0.227475	-0.319903	1.31154
chr10-43800000-43900000	-0.423595	-0.614927	-0.100243	3.29929
chr10-36800000-36900000	0.823653	0.062132	-0.866044	1.84003
chr10-132600000-132700000	-0.318809	-0.252557	0.840489	1.24425
chr10-120800000-120900000	0.229539	-0.902887	0.844744	4.44955
chr10-8200000-8300000	1.24179	0.423518	0.025883	1.16356
chr10-120900000-121000000	0.729728	-0.641104	1.28111	4.51216
chr10-72500000-72600000	-0.421638	-0.586406	-0.011238	2.19989
chr10-12100000-12200000	1.63079	-0.147174	-0.487664	3.13975
chr10-123400000-123500000	0.175749	0.217726	1.10082	1.24437
chr10-85700000-85800000	-0.375349	0.642394	0.533892	1.16497
chr10-18700000-18800000	1.29761	0.757068	0.037565	1.62986
chr10-78000000-78100000	0.044177	-0.3605	-0.278213	2.03321
chr10-2300000-2400000	1.24325	0.631739	0.108846	1.15515
chr10-121300000-121400000	0.400081	-0.747344	0.488152	3.95938
chr10-121400000-121500000	0.475739	-0.56725	1.17856	5.02182
chr10-135000000-135100000	-0.650109	-0.114537	1.40951	4.19582
chr10-121700000-121800000	-0.239448	-0.013542	0.819963	1.36347
chr10-132300000-132400000	-0.0946	0.78343	0.82819	1.14072
chr10-58100000-58200000	-0.164626	0.801077	-0.034572	2.53037
chr10-23300000-23400000	1.11539	0.030307	-0.128558	2.75747
chr10-96300000-96400000	0.467754	0.538443	0.405975	2.112
chr10-121800000-121900000	0.168561	0.518387	1.06366	1.15566
chr10-83200000-83300000	-0.124345	0.75668	0.344496	1.13753
chr10-121900000-122000000	-0.397016	0.07694	1.12431	1.30675
chr10-58300000-58400000	-0.212554	0.822612	-0.072187	1.11613
chr10-122000000-122100000	0.004559	-0.046848	0.534164	1.15539
chr10-122400000-122500000	-0.192634	0.608519	0.738912	1.19044
chr10-65300000-65400000	0.060162	-0.51754	-0.659833	3.06641
chr10-128400000-128500000	0.733727	-0.054642	0.891811	1.12516
chr10-89600000-89700000	0.785562	-0.120468	0.030949	3.81026
chr10-23000000-23100000	1.48353	0.107443	-0.519788	3.36776
chr10-23700000-23800000	1.06248	0.187078	-0.158419	3.18816
chr10-83400000-83500000	-0.552174	0.391439	0.704886	1.16333
chr10-90400000-90500000	0.824665	0.269201	0.547297	1.35604
chr10-38600000-38700000	0.60066	1.6879	-1.08875	1.44024
chr10-74500000-74600000	0.609418	-0.790786	-0.377051	1.95106
chr10-32400000-32500000	1.04316	-0.757866	-0.557742	2.06135
chr10-122600000-122700000	0.29167	0.218581	1.16265	2.6955
chr10-122900000-123000000	-0.367003	0.080629	1.01868	1.21592
chr10-45700000-45800000	-0.515706	0.173509	-0.068973	1.53895
chr10-16100000-16200000	0.795316	0.847112	-0.534481	1.08141
chr10-123000000-123100000	0.327339	0.124298	1.14174	1.14866
chr10-28600000-28700000	1.58462	-0.295781	-0.173475	1.3991
chr10-123500000-123600000	0.308122	-0.490046	1.01691	1.59418
chr10-22700000-22800000	0.756778	0.086107	-0.814502	4.1773
chr10-17600000-17700000	1.57901	0.204527	0.248738	3.54026
chr10-79100000-79200000	0.517945	-0.728135	0.356064	5.27179
chr10-5400000-5500000	1.3307	0.581445	-0.045922	1.7574
chr10-123800000-123900000	0.330691	-0.368707	1.01065	2.57227
chr10-123600000-123700000	-0.373285	-0.285084	0.944358	3.8057
chr10-123900000-124000000	-0.286156	-0.039694	1.17362	2.74223
chr10-124200000-124300000	0.386043	-0.373103	1.05495	2.89062
chr10-92800000-92900000	0.986804	-0.149765	0.816597	1.40331
chr10-43300000-43400000	-0.656004	-0.462037	-0.467138	1.44621
chr10-124600000-124700000	-0.345958	-0.089901	1.09604	2.87471
chr10-19700000-19800000	1.3862	0.317169	-0.511141	1.23841
chr10-124700000-124800000	0.139956	-0.096468	0.569126	4.16125
chr10-126100000-126200000	0.226878	-0.745043	0.848973	2.92015
chr10-13300000-13400000	1.95419	-0.050542	0.005264	3.81193
chr10-97300000-97400000	0.726544	0.143697	0.606678	2.10352
chr10-124900000-125000000	0.404022	-0.097131	1.1768	2.3698
chr10-54600000-54700000	-0.580813	0.318338	-0.201865	1.78151
chr10-9400000-9500000	1.11618	0.703877	0.135596	1.12568
chr10-96800000-96900000	-0.242169	0.722559	0.5992	1.28939
chr10-12500000-12600000	1.48931	-0.618185	-0.015843	1.78441
chr10-76200000-76300000	0.187683	-0.698334	-0.436825	1.4904
chr10-125100000-125200000	0.398421	0.080418	1.10929	1.1979
chr10-75000000-75100000	0.221557	-0.851138	-0.399841	4.69695
chr10-20300000-20400000	1.27076	0.556459	-0.721152	2.01665
chr10-26800000-26900000	0.787541	0.761276	-0.450371	1.19919
chr10-125300000-125400000	-0.322714	0.046274	1.06861	1.34418
chr10-125700000-125800000	-0.147439	-0.609924	0.877747	1.99392
chr10-125900000-126000000	0.049714	0.114879	1.30872	1.39342
chr10-23400000-23500000	1.5428	0.486376	-0.542749	1.35378
chr10-29600000-29700000	1.62055	-0.361505	-0.107798	2.31715
chr10-126600000-126700000	0.369567	-0.373528	1.19701	3.85769
chr10-128800000-128900000	0.481672	-0.171813	1.14511	2.78613
chr10-14500000-14600000	1.09648	-0.609248	-0.46613	3.24836
chr10-26400000-26500000	0.794429	0.914854	-0.227823	1.21908
chr10-77300000-77400000	-0.526323	-0.108652	0.103861	1.3079
chr10-79600000-79700000	0.539527	-0.911434	0.255344	4.8149
chr10-126700000-126800000	0.991079	-0.495475	0.854989	4.43772
chr10-22000000-22100000	1.40357	0.451411	-0.65791	2.40088
chr10-34700000-34800000	1.51237	-0.210345	-0.693003	1.72675
chr10-126800000-126900000	0.329576	-0.641766	1.0086	4.52862
chr10-126900000-127000000	-0.241576	-0.233349	1.06767	2.78401
chr10-74000000-74100000	-0.042624	-1.3484	0.143216	6.29101
chr10-127600000-127700000	0.645187	-0.113374	1.25057	1.96949
chr10-81100000-81200000	-0.294032	-0.653244	0.256954	8.09428
chr10-127000000-127100000	0.322719	0.152621	1.21253	1.26029
chr10-128200000-128300000	-0.130691	-0.207716	1.2743	1.34135
chr10-127200000-127300000	0.039041	-0.080985	0.564171	1.16655
chr10-38700000-38800000	0.599438	1.68737	-1.08959	1.27455
chr10-127400000-127500000	-0.324979	-0.504564	0.621381	3.11198
chr10-15600000-15700000	1.05243	0.218495	-0.171263	1.78619
chr10-5500000-5600000	1.56112	0.013265	0.328371	3.59705
chr10-127500000-127600000	0.390827	-0.606	0.768986	4.25167
chr10-80200000-80300000	-0.42282	-0.671033	0.360389	1.91648
chr10-68100000-68200000	-0.462223	0.381075	0.083183	1.15283
chr10-46000000-46100000	-0.26471	0.768063	-0.375492	2.36452
chr10-82100000-82200000	0.260088	0.393654	-0.046837	1.37033
chr10-20500000-20600000	0.745034	0.5501	-0.719523	1.47064
chr10-51000000-51100000	-0.237037	-0.008454	-1.192	1.71097
chr10-42600000-42700000	0.152655	1.58709	-0.392714	1.30053
chr10-24700000-24800000	0.891452	0.070213	-0.335605	2.49413
chr10-127700000-127800000	0.229968	-0.616298	0.962896	3.48594
chr10-127900000-128000000	0.424066	-0.541013	0.97522	2.40339
chr10-38000000-38100000	0.673708	0.483896	-0.933118	1.81702
chr10-16800000-16900000	1.51132	0.007308	-0.54456	2.92806
chr10-70400000-70500000	-0.072078	-1.08882	0.213952	3.28785
chr10-12800000-12900000	1.56017	0.09218	-0.290581	1.7969
chr10-130400000-130500000	-0.25039	0.015832	0.977463	1.59379
chr10-32200000-32300000	0.720658	-0.851372	-0.799845	3.55711
chr10-128300000-128400000	0.227015	0.378361	1.12642	1.28206
chr10-135300000-135400000	-0.754487	-0.188925	0.853927	2.10183
chr10-36100000-36200000	0.732482	-0.380468	-0.841295	2.0989
chr10-14200000-14300000	1.40175	-0.548741	0.172715	1.55635
chr10-134800000-134900000	-0.045969	-0.581303	1.46598	1.39734
chr10-56400000-56500000	-0.485556	0.174945	-0.067413	1.1291
chr10-30400000-30500000	1.33183	-0.964088	0.054105	3.48265
chr10-128600000-128700000	0.00176	-0.843105	1.72633	2.8408
chr10-128700000-128800000	0.595822	-0.521026	1.75945	2.73158
chr10-82600000-82700000	0.048047	0.705841	0.027487	1.14114
chr10-128900000-129000000	0.232061	-0.101006	0.487058	2.61724
chr10-12900000-13000000	1.18651	-0.484555	-0.399512	1.44359
chr10-129700000-129800000	0.292853	-0.501764	1.00455	1.44791
chr10-131300000-131400000	-0.245395	-0.061745	1.26138	2.3099
chr10-54500000-54600000	0.028927	0.118784	-0.579335	1.29159
chr10-36300000-36400000	1.0458	0.009535	-0.189874	1.54395
chr10-134200000-134300000	-0.245623	-0.755516	1.27179	4.82472
chr10-67800000-67900000	-0.217498	0.21882	-0.541628	1.12466
chr10-130200000-130300000	-0.257425	0.086072	1.31059	1.23208
chr10-130300000-130400000	0.291192	0.48589	1.0636	1.19586
chr10-93100000-93200000	0.69652	-0.722748	0.562668	4.03236
chr10-19200000-19300000	0.856814	0.147528	-0.884659	1.48052
chr10-80000000-80100000	0.28445	-0.456234	-0.103896	4.67525
chr10-71400000-71500000	0.043197	-0.140467	0.381388	2.62289
chr10-31800000-31900000	1.14804	-0.845773	-0.221574	2.38837
chr10-130700000-130800000	-0.05881	-0.159784	1.23915	1.21637
chr10-130900000-131000000	-0.273505	0.664864	0.631998	1.32154
chr10-59200000-59300000	-0.54742	0.246764	-0.021531	1.14207
chr10-200000-300000	1.63185	-0.085716	0.294324	2.08822
chr10-31000000-31100000	1.22567	-0.974985	-0.705143	3.49712
chr10-62300000-62400000	0.083413	-0.343474	-0.214545	1.31765
chr10-131500000-131600000	-0.145789	-0.259955	1.2654	1.73301
chr10-131900000-132000000	0.311343	-0.423476	1.0361	4.57311
chr10-132500000-132600000	-0.730449	0.249782	0.561607	1.25847
chr10-73300000-73400000	0.243708	-0.849043	0.293594	1.51567
chr10-68500000-68600000	-0.326738	-0.426247	-0.009197	1.34231
chr10-132700000-132800000	0.16953	0.107202	1.21116	1.17686
chr10-132800000-132900000	0.056066	0.680181	0.812497	1.29375
chr10-132900000-133000000	-0.391295	0.23811	1.1531	1.24888
chr10-63200000-63300000	0.175516	-0.347005	-0.257788	1.4733
chr10-3400000-3500000	1.34409	-0.543017	0.273434	2.39232
chr10-133000000-133100000	0.281242	0.444895	1.07191	1.25933
chr10-94000000-94100000	1.11062	0.464128	0.955897	2.99021
chr10-68600000-68700000	-0.379542	0.283224	-0.130796	1.20325
chr10-60000000-60100000	0.104277	-0.009242	-0.44567	3.45239
chr10-133300000-133400000	0.228256	0.130843	1.22801	1.22227
chr10-80100000-80200000	0.241195	-0.723061	0.553992	1.59353
chr10-133500000-133600000	-0.718947	-0.067293	0.754341	1.26199
chr10-22800000-22900000	1.39381	0.233816	-0.510953	2.26634
chr10-74100000-74200000	0.319063	-1.06957	-0.417016	4.18805
chr10-133600000-133700000	-0.404566	0.038354	1.37407	1.24242
chr10-81400000-81500000	-0.279297	-1.4728	0.812135	1.13658
chr10-133900000-134000000	-0.395508	-0.511326	1.01041	1.33832
chr10-134400000-134500000	-0.182046	-0.493797	1.17312	4.59294
chr10-134900000-135000000	-0.534962	-0.650595	0.987191	1.99317
chr10-135100000-135200000	-0.306738	-0.678622	1.5721	5.61913
chr10-80600000-80700000	0.36958	-0.740555	-0.039054	1.81302
chr10-37700000-37800000	0.727913	0.826801	-0.566831	1.31262
chr10-13700000-13800000	1.08015	-0.672087	-0.352537	3.28173
chr10-35700000-35800000	0.921023	-0.478396	-0.825033	3.40608
chr10-37600000-37700000	0.697222	0.150151	-0.746257	1.16783
chr10-20100000-20200000	0.887904	0.560762	-0.530506	2.59843
chr10-13800000-13900000	1.55688	-0.525476	0.148871	2.68796
chr10-13900000-14000000	1.64478	-0.23994	-0.501202	3.23046
chr10-29900000-30000000	0.990921	-0.810962	-0.467505	2.63539
chr10-14300000-14400000	1.6055	0.067201	0.436367	1.45249
chr10-14900000-15000000	1.58365	-0.305567	-0.616881	3.71092
chr10-74900000-75000000	0.123461	-1.14485	0.229291	2.86182
chr10-15000000-15100000	1.88036	-0.057859	-0.00587	3.75722
chr10-15100000-15200000	1.5778	0.415983	-0.436023	3.27515
chr10-15500000-15600000	1.46156	-0.31702	-0.349482	1.75853
chr10-48300000-48400000	-0.998084	-0.396928	0.218281	2.72393
chr10-79800000-79900000	0.425207	-0.856285	0.640726	2.72009
chr10-15200000-15300000	1.80736	0.061231	0.12776	2.86965
chr10-2700000-2800000	0.784948	1.01774	-0.303699	1.14588
chr10-15800000-15900000	1.14298	0.327175	-0.604185	1.81158
chr10-15900000-16000000	1.3715	0.726541	-0.018251	3.89392
chr10-16200000-16300000	1.48816	0.784162	-0.379964	1.16659
chr10-16900000-17000000	1.19526	-0.625529	-0.403498	2.04261
chr10-66100000-66200000	-0.481111	0.150385	-0.09675	1.17802
chr10-3500000-3600000	1.11794	-0.72874	-0.375088	2.40708
chr10-22100000-22200000	1.50935	-0.081254	-0.188516	1.41759
chr10-9300000-9400000	1.14176	0.581355	-0.595641	1.18247
chr10-93200000-93300000	0.980054	-0.082674	0.628082	1.80489
chr10-71100000-71200000	0.026598	-0.910642	-0.369658	4.31372
chr10-600000-700000	1.2863	-0.495595	0.195026	5.06175
chr10-17100000-17200000	1.50821	-0.377525	-0.632522	2.2801
chr10-17200000-17300000	1.25296	-0.67059	-0.097486	5.30257
chr10-91100000-91200000	0.596835	-0.50318	1.05632	3.30547
chr10-53500000-53600000	0.265682	-0.363503	-0.135013	1.44904
chr10-17500000-17600000	1.0067	0.039602	-0.15768	2.2735
chr10-17900000-18000000	2.33572	0.989832	-0.504284	0
chr10-1800000-1900000	1.33147	0.359493	0.435703	1.17291
chr10-36000000-36100000	1.22704	-0.393923	-0.332699	1.9827
chr10-7800000-7900000	1.53713	0.492745	-0.434292	3.64847
chr10-18500000-18600000	1.23466	0.11128	-0.156704	1.45696
chr10-7200000-7300000	0.8421	0.808679	-0.422444	1.30388
chr10-56500000-56600000	-0.189189	0.8397	-0.029326	1.1515
chr10-38400000-38500000	0.881673	0.759031	-0.51814	1.40926
chr10-18600000-18700000	0.835812	0.636493	-0.477546	1.4611
chr10-18900000-19000000	0.798848	-0.035217	-0.765126	3.51278
chr10-1900000-2000000	1.06309	0.957972	0.174599	1.22215
chr10-33100000-33200000	1.32673	0.291771	-0.815532	2.23467
chr10-19100000-19200000	0.837009	0.728737	-0.479112	1.18376
chr10-19400000-19500000	0.983413	0.12185	-0.187288	1.26958
chr10-20600000-20700000	1.02293	0.8243	-0.112074	1.10458
chr10-20900000-21000000	1.10572	0.823253	0.089061	1.28841
chr10-21900000-22000000	1.39721	-0.257308	-0.54482	1.8833
chr10-2200000-2300000	0.795596	0.874737	-0.392679	1.19947
chr10-9000000-9100000	0.785318	0.943557	-0.298654	1.23064
chr10-22300000-22400000	0.731758	0.204389	-0.893377	1.19714
chr10-800000-900000	1.65294	-0.147334	0.267561	4.29974
chr10-37300000-37400000	1.29255	0.958149	-0.563096	1.09718
chr10-22600000-22700000	1.10124	0.07666	-0.188918	6.92914
chr10-22900000-23000000	0.924362	-0.264328	-0.735687	2.20419
chr10-67900000-68000000	0.209714	0.555819	-0.046012	1.18412
chr10-23900000-24000000	1.21442	0.796623	0.148517	1.18714
chr10-6300000-6400000	1.5784	0.399656	0.505618	2.70654
chr10-24100000-24200000	1.22151	0.735275	-0.804891	1.14051
chr10-82200000-82300000	-0.02679	-0.108548	0.403783	6.77987
chr10-73600000-73700000	0.610634	-0.981358	0.255364	3.45646
chr10-24300000-24400000	1.27634	0.566995	-0.604485	1.19549
chr10-24900000-25000000	1.46287	-0.142732	-0.557839	1.96126
chr10-55600000-55700000	-0.265248	-0.220659	-0.177735	1.11612
chr10-35000000-35100000	1.1798	-0.055422	-0.301767	2.57512
chr10-2500000-2600000	0.854533	0.701306	-0.488318	1.13765
chr10-75500000-75600000	0.208871	-1.35887	0.064579	6.82841
chr10-25900000-26000000	0.793206	0.746798	-0.478902	1.26762
chr10-2600000-2700000	1.19758	0.641159	0.139879	1.19467
chr10-81300000-81400000	-0.254544	-0.813984	0.556673	1.50237
chr10-68700000-68800000	0.051322	-0.298873	-0.286935	1.04815
chr10-26200000-26300000	1.19965	0.836088	0.070997	1.13537
chr10-53100000-53200000	-0.034848	-0.393936	-0.274555	1.49206
chr10-35800000-35900000	1.51903	-0.113364	-0.629731	3.22592
chr10-7700000-7800000	1.69158	0.589986	0.266907	1.37822
chr10-26500000-26600000	1.1286	0.375294	0.102464	1.13456
chr10-26600000-26700000	0.764979	0.699818	-0.425193	1.21231
chr10-73400000-73500000	-0.40068	-0.592143	0.188466	1.81629
chr10-26700000-26800000	1.26411	0.695716	0.069245	1.91603
chr10-35100000-35200000	0.781357	-0.040578	-0.877995	2.51086
chr10-4900000-5000000	1.45561	-0.065875	-0.238679	1.36865
chr10-26900000-27000000	0.810617	0.655336	-1.17585	4.14855
chr10-27000000-27100000	0.800173	-0.000799	-0.847735	2.00828
chr10-27400000-27500000	0.93779	0.035665	-0.885102	3.20579
chr10-98500000-98600000	0.638632	-0.586165	1.18164	3.29527
chr10-27700000-27800000	1.16945	0.47255	-0.753682	2.19547
chr10-98000000-98100000	-0.208217	0.667608	0.57844	1.26868
chr10-27800000-27900000	0.746197	-0.088239	-0.866497	1.87216
chr10-98400000-98500000	0.422518	-0.285442	0.580682	1.95466
chr10-27900000-28000000	1.33492	-0.223228	-0.501629	1.70739
chr10-28300000-28400000	1.0108	0.040874	-0.23033	2.2198
chr10-28400000-28500000	1.28049	-0.556667	0.020118	1.58791
chr10-75800000-75900000	0.183606	-1.02498	-0.410934	3.31884
chr10-80700000-80800000	-0.203642	-0.836995	0.374548	3.63948
chr10-28800000-28900000	1.39648	-0.501928	-0.201591	3.87396
chr10-28900000-29000000	1.30924	-0.754313	-0.881369	2.47446
chr10-2900000-3000000	0.984172	0.174521	-0.06817	1.30788
chr10-5100000-5200000	1.37724	0.590516	0.41255	1.37988
chr10-93500000-93600000	0.560478	-0.784848	0.439453	3.02039
chr10-48600000-48700000	-0.613517	-0.464098	-0.549581	3.69212
chr10-300000-400000	1.28969	-0.575647	-0.026329	3.83469
chr10-30600000-30700000	1.64092	-0.742338	-0.331934	2.66668
chr10-30700000-30800000	0.973926	-0.846338	-0.596368	2.34106
chr10-54200000-54300000	0.093185	-0.51722	-0.593015	2.49424
chr10-98200000-98300000	0.157874	-0.082004	0.480442	1.80729
chr10-30800000-30900000	1.38424	-1.06968	-0.116249	1.46544
chr10-30900000-31000000	1.75334	-0.54007	-0.455383	1.63655
chr10-73500000-73600000	-0.016259	-1.1456	-0.047165	3.91212
chr10-3100000-3200000	1.64593	0.12725	0.291216	5.43827
chr10-31400000-31500000	1.4539	-0.567607	-0.638666	3.99015
chr10-60600000-60700000	-0.279071	-0.294887	-0.007935	1.69478
chr10-31100000-31200000	1.57811	-0.40572	-0.463969	2.27848
chr10-57700000-57800000	-0.074141	0.834378	0.032903	1.11017
chr10-31300000-31400000	0.777762	-0.728156	-0.778484	3.95289
chr10-3700000-3800000	1.59016	-0.138371	0.287221	1.72819
chr10-31500000-31600000	0.825633	-0.602024	-0.919432	2.02712
chr10-31700000-31800000	1.81036	-0.624874	-0.360911	2.256
chr10-31600000-31700000	1.13731	-0.767462	-0.287018	5.40918
chr10-31900000-32000000	0.730524	-0.724903	-0.771677	3.26146
chr10-3200000-3300000	1.72027	-0.290161	-0.30177	2.65546
chr10-38200000-38300000	0.920149	0.884363	-0.633245	3.76703
chr10-32000000-32100000	1.13542	-1.06259	-0.313903	4.01101
chr10-94400000-94500000	1.00917	-0.422458	0.602399	4.1176
chr10-38300000-38400000	0.922885	0.330085	-1.09068	3.30041
chr10-32100000-32200000	1.27235	-0.466452	-0.713406	2.08226
chr10-76500000-76600000	0.019425	-1.24192	-0.292052	3.63618
chr10-72400000-72500000	0.079269	-0.887786	0.403541	2.37622
chr10-69500000-69600000	0.150286	0.173288	-0.334756	1.90156
chr10-32300000-32400000	1.20378	-0.431066	-1.12167	3.18723
chr10-61500000-61600000	0.023604	-0.04331	0.413292	2.00758
chr10-32800000-32900000	1.00592	0.415249	-1.16328	1.36341
chr10-51700000-51800000	-0.30242	0.343192	-1.45063	1.3724
chr10-33200000-33300000	0.804941	-0.16844	-0.871211	4.69548
chr10-33700000-33800000	0.803129	-0.469749	-0.695294	1.59959
chr10-33900000-34000000	0.852161	-0.585833	-0.580638	1.57683
chr10-34000000-34100000	1.36923	-0.109789	-0.4443	1.35987
chr10-78800000-78900000	0.401116	-0.504583	0.020763	2.16906
chr10-94200000-94300000	1.05217	0.458574	0.940561	1.89827
chr10-34200000-34300000	1.37824	-0.062106	-0.614604	1.30097
chr10-43100000-43200000	-0.530546	0.367691	0.041929	4.51675
chr10-34300000-34400000	1.07033	-0.642673	-0.356756	1.72212
chr10-65200000-65300000	0.515852	-0.353606	-0.159484	4.2979
chr10-34500000-34600000	1.19341	0.157421	-0.376596	1.94789
chr10-34900000-35000000	0.865272	-0.320655	-0.902567	2.28566
chr10-35200000-35300000	1.19004	-0.583314	-1.02043	1.93387
chr10-71300000-71400000	-0.388121	-0.313923	-0.145273	1.79622
chr10-37200000-37300000	0.636485	0.763783	-0.727367	1.11603
chr10-35300000-35400000	1.55358	-0.239116	-0.502577	3.10177
chr10-35500000-35600000	1.48289	-0.233383	-0.795173	2.2663
chr10-35600000-35700000	1.06469	-0.075446	-0.252935	3.50307
chr10-35900000-36000000	0.827888	-0.149023	-0.873508	3.06367
chr10-70300000-70400000	-0.026513	-1.11805	-0.464468	3.36991
chr10-36200000-36300000	1.24992	0.10945	-0.869523	1.96493
chr10-36400000-36500000	0.863029	-0.447473	-0.71432	2.08878
chr10-54300000-54400000	0.125559	0.169756	-0.418192	1.48807
chr10-36500000-36600000	1.46841	-0.162065	-0.479673	1.52129
chr10-50100000-50200000	-0.514718	0.039296	-0.0948	1.51008
chr10-4600000-4700000	1.3587	-0.551368	0.161388	1.93697
chr10-36700000-36800000	1.35628	-0.071358	-0.419068	2.47083
chr10-90500000-90600000	0.67287	-0.199685	0.075273	1.37966
chr10-36900000-37000000	0.93077	-0.604399	-0.663177	1.85407
chr10-44000000-44100000	-0.142528	-0.113507	-0.385874	2.82329
chr10-37000000-37100000	1.48407	-0.1463	-0.64911	1.58095
chr10-37100000-37200000	0.845095	0.076158	-0.926273	1.27181
chr10-64600000-64700000	-0.085246	-0.381104	-0.504614	1.30877
chr10-37400000-37500000	0.895749	0.888396	-1.15649	1.04463
chr10-66700000-66800000	0.213296	0.395349	-0.133661	1.15342
chr10-37800000-37900000	1.13519	0.800414	0.037798	1.17416
chr10-66300000-66400000	-0.413069	0.550273	0.057181	1.12468
chr10-37900000-38000000	1.12656	0.9589	-0.648001	1.26048
chr10-67600000-67700000	0.143798	0.530788	-0.170507	1.27217
chr10-3800000-3900000	1.29507	-0.702327	-0.057402	5.02467
chr10-5200000-5300000	1.7309	0.174621	-0.003132	1.50457
chr10-85400000-85500000	-0.309182	0.479385	0.021044	1.13426
chr10-70100000-70200000	-0.221987	-0.58666	-0.360596	3.29447
chr10-38500000-38600000	0.795311	1.00592	-1.17676	1.24572
chr10-50500000-50600000	-0.507072	0.078729	0.002754	1.52172
chr10-38800000-38900000	0.599197	1.68802	-1.091	1.37559
chr10-38900000-39000000	0.59835	1.68756	-1.08976	1
chr10-3900000-4000000	1.5711	-0.34563	0.49823	3.09007
chr10-40700000-40800000	0.363323	1.62289	-0.49389	0
chr10-400000-500000	0.924959	-0.473588	-0.603455	3.95159
chr10-4000000-4100000	1.19158	-0.70912	0.018194	1.98793
chr10-4100000-4200000	1.636	-0.24655	0.331108	2.48245
chr10-55000000-55100000	0.034129	0.860364	0.03195	1.19776
chr10-42500000-42600000	0.151128	1.58697	-0.392357	4.02609
chr10-55400000-55500000	-0.019017	0.85774	-0.152739	1.10461
chr10-42700000-42800000	0.153265	1.58564	-0.392705	1.11093
chr10-62000000-62100000	-0.54755	-0.072471	-0.183713	1.57614
chr10-42800000-42900000	-0.281712	0.982987	-0.403257	1.32997
chr10-42900000-43000000	-0.607573	0.427865	-0.07868	1.87904
chr10-69800000-69900000	0.268978	-0.469177	-0.321004	3.71264
chr10-8800000-8900000	0.849607	0.951302	-0.320688	1.10712
chr10-43200000-43300000	-0.126027	0.031806	-0.432397	3.49537
chr10-52400000-52500000	-0.755642	-0.242176	-0.726456	3.43441
chr10-43500000-43600000	0.15735	0.396026	-0.183641	1.62324
chr10-43600000-43700000	0.011915	-0.306637	-0.306954	3.69818
chr10-90000000-90100000	0.756437	-0.20922	0.62985	1.67038
chr10-43900000-44000000	-0.319562	-0.672618	-0.803294	6.42382
chr10-44400000-44500000	0.000536	-0.352492	-0.593059	2.14764
chr10-44600000-44700000	-0.330019	-0.57482	-0.259273	1.51113
chr10-66500000-66600000	-0.576271	0.290724	0.056992	1.12942
chr10-62100000-62200000	0.109571	-0.347301	-0.20956	2.01704
chr10-44700000-44800000	-0.381009	-0.125763	-0.79633	1.55793
chr10-53600000-53700000	0.280465	0.320328	-0.315891	1.39643
chr10-44900000-45000000	-0.306831	-0.8129	-0.124308	1.46731
chr10-58500000-58600000	0.145111	0.427412	-0.337452	1.16467
chr10-45000000-45100000	-0.199837	-0.180199	-0.420987	2.7846
chr10-61600000-61700000	0.099526	-0.384426	-0.218249	3.08271
chr10-45200000-45300000	0.176133	-0.683319	-0.673175	1.89694
chr10-52300000-52400000	-0.051056	-0.318699	-0.55959	3.38023
chr10-45900000-46000000	-0.510978	0.110003	-0.338967	1.99125
chr10-46100000-46200000	-0.556023	0.304412	-0.835106	3.01307
chr10-60100000-60200000	-0.471845	-0.27895	-0.093045	3.10089
chr10-46600000-46700000	-0.418029	0.176149	-1.41596	0
chr10-86300000-86400000	-0.252846	0.418596	0.568682	2.82217
chr10-95300000-95400000	0.449771	0.382501	1.04313	1.84263
chr10-46900000-47000000	-0.417106	0.176726	-1.4183	3.90591
chr10-47100000-47200000	-0.429228	-0.366963	-0.307654	3.53242
chr10-74700000-74800000	0.595849	-0.990752	0.150606	2.24835
chr10-56800000-56900000	-0.223609	0.804779	-0.201019	1.1744
chr10-47300000-47400000	-1.04843	-0.507694	-0.628593	1
chr10-47600000-47700000	-0.937636	-0.464432	0.07966	2.82753
chr10-47700000-47800000	-1.54582	-0.627767	0.251275	2.20849
chr10-79900000-80000000	-0.191832	-0.645605	0.389288	2.59392
chr10-48800000-48900000	-1.16781	-0.645977	-0.979711	1
chr10-48900000-49000000	-1.16878	-0.646265	-0.980917	9.56604
chr10-49400000-49500000	-0.692596	-0.379061	-0.620659	1.30513
chr10-49600000-49700000	0.227192	-0.333065	-0.221225	3.8522
chr10-50400000-50500000	-0.424076	0.69218	-0.307979	1.43978
chr10-50900000-51000000	-0.586437	0.341422	-0.662577	1.39176
chr10-700000-800000	1.61302	-0.363662	-0.385033	3.78279
chr10-68000000-68100000	-0.042372	-0.102254	-0.265862	1.1791
chr10-51200000-51300000	-0.338585	-0.126133	-1.89957	1
chr10-88100000-88200000	0.078983	0.702487	0.850526	3.14078
chr10-93600000-93700000	1.12441	-0.836831	0.819635	3.22685
chr10-51400000-51500000	-0.337584	-0.127344	-1.89964	2.79015
chr10-70000000-70100000	0	0	0	4.55128
chr10-98600000-98700000	0.631321	-0.693832	0.4544	1.96629
chr10-98700000-98800000	0.899896	-0.141816	0.729223	2.66936
chr10-52000000-52100000	-0.112865	-0.309794	-1.21754	1.8108
chr10-52500000-52600000	-0.255845	0.305065	-0.654957	1.34157
chr10-89300000-89400000	0.69413	0.833344	0.723893	1.88748
chr10-52700000-52800000	0.035135	-0.351516	-0.482379	3.76629
chr10-52800000-52900000	0.242301	0.270241	-0.161853	2.19062
chr10-52900000-53000000	0.043149	-0.406388	-0.293532	1.55393
chr10-53200000-53300000	0.193428	0.298255	-0.264317	1.34942
chr10-53300000-53400000	-0.33011	-0.107535	-0.002656	1.38737
chr10-53900000-54000000	0.09162	0.353804	-0.429848	1.51982
chr10-54100000-54200000	-0.361071	-0.235771	-0.137752	1.68067
chr10-87000000-87100000	0.027956	0.019431	0.417325	1.18623
chr10-54900000-55000000	-0.056034	0.48805	-0.591933	1.2039
chr10-68800000-68900000	0.199012	0.187573	0.234448	1.1953
chr10-55500000-55600000	-0.029417	0.30572	-0.630031	1.13668
chr10-55700000-55800000	-0.562578	0.444585	-0.241599	1.22754
chr10-55800000-55900000	0.095002	0.752453	-0.144633	1.1946
chr10-95000000-95100000	1.04287	0.14106	0.777629	3.21878
chr10-55900000-56000000	-0.493123	0.330077	-0.143202	1.0994
chr10-56200000-56300000	-0.318438	0.282161	-0.654603	1.1286
chr10-87400000-87500000	0.06203	0.902529	0.115021	1.39512
chr10-56600000-56700000	-0.047086	0.391861	-0.59224	1.22986
chr10-56900000-57000000	-0.524	0.164735	-0.029647	1.1323
chr10-57000000-57100000	0.127087	0.365847	-0.297191	1.21077
chr10-57300000-57400000	-0.348823	0.884378	-0.112837	1.25517
chr10-57400000-57500000	-0.520923	0.1797	-0.037386	1.08981
chr10-57600000-57700000	-0.425408	0.191806	0.107933	1.09072
chr10-57900000-58000000	-0.204891	0.811041	-0.00212	1.23728
chr10-72200000-72300000	-0.041309	-1.12234	0.311004	1.90437
chr10-5800000-5900000	1.52025	0.279508	0.191798	3.30241
chr10-58600000-58700000	-0.527131	0.406894	-0.030453	1.07813
chr10-58700000-58800000	0.135773	0.680816	-0.131753	1.16136
chr10-67200000-67300000	-0.533024	0.328193	-0.143615	1.11687
chr10-58800000-58900000	-0.581315	0.742891	-0.033701	1.1481
chr10-58900000-59000000	-0.048334	0.559347	-0.507538	1.11051
chr10-5900000-6000000	1.63716	-0.417854	0.198572	4.34517
chr10-99900000-100000000	0.221682	-0.230778	0.592726	1.72706
chr10-59000000-59100000	-0.296193	0.182927	0.072124	1.06785
chr10-59300000-59400000	-0.136478	0.422779	-0.597749	1.14589
chr10-66000000-66100000	-0.063828	0.738221	-0.010518	1.13972
chr10-59400000-59500000	0.200686	0.616598	0.016979	1.31719
chr10-59800000-59900000	-0.06118	0.50803	-0.334984	1.29986
chr10-6000000-6100000	1.7514	0.174509	-0.17059	2.27386
chr10-60500000-60600000	0.166841	0.157559	-0.360897	1.69213
chr10-93800000-93900000	1.01937	-0.732352	0.413294	1.70886
chr10-71600000-71700000	0.207931	-0.326327	-0.175545	4.60291
chr10-60700000-60800000	-0.087458	0.123595	-0.58222	1.26636
chr10-60900000-61000000	-0.441466	0.094315	-0.029894	1.14804
chr10-61300000-61400000	-0.143629	0.194745	-0.553577	1.28946
chr10-61900000-62000000	0.046738	0.298506	-0.395098	1.63139
chr10-62900000-63000000	-0.57733	-0.332354	-0.204706	1.25869
chr10-63900000-64000000	-0.255244	-0.820466	-0.021288	2.25009
chr10-6800000-6900000	1.02132	0.826642	-0.132255	1.73409
chr10-6400000-6500000	1.23996	0.869613	0.095963	2.34231
chr10-90700000-90800000	0.995033	-0.706331	0.440407	3.42043
chr10-68200000-68300000	0.049368	0.312036	-0.424937	1.1105
chr10-84800000-84900000	-0.294917	0.720918	0.31938	1.1841
chr10-64200000-64300000	0.038823	-0.375185	-0.562035	1.6122
chr10-9700000-9800000	1.34616	0.522351	0.139106	1.23378
chr10-64300000-64400000	0.434548	-0.787516	-0.134345	2.68587
chr10-82500000-82600000	-0.523383	0.438658	0.362159	1.13685
chr10-64500000-64600000	0.100124	-1.01938	-0.226598	4.02249
chr10-64800000-64900000	-0.313805	-0.666981	-0.522933	2.89906
chr10-64900000-65000000	0.343737	-0.443014	-0.291312	2.03941
chr10-65900000-66000000	-0.01789	0.081745	-0.315464	1.11334
chr10-6600000-6700000	1.06404	0.914293	-0.005741	1.25083
chr10-66800000-66900000	-0.492287	0.476275	-0.306952	1.19372
chr10-91400000-91500000	0.654195	-0.608793	0.178169	3.05582
chr10-67300000-67400000	0.145167	0.192376	-0.367498	1.32787
chr10-67700000-67800000	-0.289497	0.059765	0.168602	1.10678
chr10-68900000-69000000	-0.484064	0.308973	0.00857	1.10299
chr10-6900000-7000000	0.940786	0.118479	-0.204009	1.54056
chr10-69300000-69400000	-0.369302	-0.551159	-0.004084	1.6317
chr10-70600000-70700000	-0.217928	-0.778126	0.225709	3.3735
chr10-70800000-70900000	-0.0062	-1.01883	-0.392596	3.47036
chr10-70900000-71000000	0.269592	-0.95687	0.256204	3.05843
chr10-71900000-72000000	0.431501	-0.923239	0.142816	5.29407
chr10-72100000-72200000	0.032312	-0.788302	-0.304453	3.31383
chr10-72600000-72700000	-0.023656	-0.767059	0.539569	2.3446
chr10-72700000-72800000	-0.465511	-0.278844	0.240733	1.33055
chr10-78600000-78700000	0.021311	-0.059017	-0.33629	1.55901
chr10-72900000-73000000	0.299226	-0.440492	0.175782	1.92547
chr10-73200000-73300000	-0.394311	-0.63062	0.266366	1.29784
chr10-82700000-82800000	-0.441493	0.185112	0.146408	1.21903
chr10-99700000-99800000	0.669874	-0.035439	0.847378	1.16925
chr10-73900000-74000000	0.458729	-1.08682	0.571764	2.68743
chr10-74200000-74300000	0.452205	-0.941457	0.261451	1.74034
chr10-92700000-92800000	0.908208	-0.852928	0.760142	1.78975
chr10-74800000-74900000	0.266075	-1.12909	-0.45416	3.24185
chr10-75100000-75200000	0.429891	-1.16037	0.16064	3.32686
chr10-75200000-75300000	0.194858	-0.965183	-0.457916	2.90824
chr10-75300000-75400000	0.461868	-1.26477	0.095521	2.55356
chr10-75400000-75500000	0.465759	-1.8856	0.370813	3.81904
chr10-75600000-75700000	0.274402	-1.0515	-0.539913	5.68176
chr10-75700000-75800000	0.663748	-1.20288	-0.012713	4.38066
chr10-75900000-76000000	0.626087	-0.968582	0.130793	4.00829
chr10-7600000-7700000	1.46399	0.052794	-0.136379	1.49874
chr10-96100000-96200000	0.39856	0.375956	0.254824	2.94155
chr10-76000000-76100000	-0.054457	-0.726587	-0.002071	1.87245
chr10-76100000-76200000	0.551078	-1.06786	0.037795	1.59667
chr10-76300000-76400000	-0.323804	-0.650734	0.056787	1.51954
chr10-76600000-76700000	0.509491	-0.891619	0.061915	2.48596
chr10-76700000-76800000	-0.160616	-0.699494	0.122405	2.36245
chr10-76900000-77000000	-0.18475	-0.92571	0.279272	5.38856
chr10-95900000-96000000	0.701651	0.181807	0.824721	1.68894
chr10-77000000-77100000	-0.57977	-0.826995	-0.327925	2.43714
chr10-77100000-77200000	-0.559351	-0.554266	0.339452	4.42054
chr10-77200000-77300000	0.013804	-0.519933	-0.096349	1.52788
chr10-77400000-77500000	0.120174	-0.174969	-0.172704	1.24499
chr10-77600000-77700000	-0.212974	0.14864	0.179054	1.23357
chr10-77700000-77800000	-0.281082	-0.539682	0.367364	1.40061
chr10-77900000-78000000	-0.313842	-0.659881	0.258496	2.16297
chr10-78400000-78500000	0.051968	-0.107579	0.437033	1.26446
chr10-78700000-78800000	0.005287	-0.023027	0.384877	1.69613
chr10-96400000-96500000	-0.198065	0.732205	0.650383	1.2129
chr10-78900000-79000000	-0.257888	-0.780649	0.214687	3.65417
chr10-7900000-8000000	0.990733	0.098079	-0.133473	2.49395
chr10-79300000-79400000	0.532878	-0.833014	0.429426	3.83832
chr10-79400000-79500000	0.328158	-0.467212	-0.148645	2.08097
chr10-79500000-79600000	-0.157824	-0.786206	0.262449	4.78559
chr10-79700000-79800000	-0.137725	-0.886275	0.156299	4.18964
chr10-80300000-80400000	-0.009559	-0.515132	-0.196694	1.89643
chr10-80900000-81000000	0.549276	-1.07966	0.697392	10.5282
chr10-81700000-81800000	0.345181	-0.54275	0.879814	1.3977
chr10-81900000-82000000	0.709493	0.787957	0.853415	6.27013
chr10-82300000-82400000	-0.503645	0.40289	0.202835	1.46461
chr10-82800000-82900000	0.134892	0.63628	0.106809	1.27516
chr10-82900000-83000000	-0.34315	0.093766	0.220807	1.09443
chr10-8300000-8400000	0.963401	1.08508	0.023757	1.28742
chr10-83000000-83100000	-0.150668	0.782854	0.285086	1.1119
chr10-83100000-83200000	0.239074	0.329137	-0.122739	1.05456
chr10-83500000-83600000	-0.247791	0.171323	0.076817	1.10262
chr10-83700000-83800000	-0.003371	0.017539	0.412071	1.12214
chr10-96000000-96100000	0.568719	-0.309237	0.332117	1.54867
chr10-83900000-84000000	0.047384	0.010019	0.410136	1.12647
chr10-8400000-8500000	0.845193	0.626888	-0.521811	1.38708
chr10-84000000-84100000	0.202017	0.48903	-0.106113	1.1515
chr10-88500000-88600000	1.12071	0.151662	0.909727	3.15529
chr10-84100000-84200000	-0.144057	0.699071	0.504558	1.52515
chr10-88400000-88500000	0.529382	0.565545	0.934523	3.75792
chr10-84400000-84500000	0.365766	0.466554	0.104967	1.19096
chr10-84600000-84700000	0.001235	-0.045565	0.436268	1.12441
chr10-84900000-85000000	0.336321	0.539273	0.014332	1.16246
chr10-8500000-8600000	0.994505	0.839456	0.145893	1.15737
chr10-85900000-86000000	-0.037332	-0.008687	0.489558	1.46717
chr10-8600000-8700000	1.26823	0.750479	-0.51592	1.16606
chr10-86100000-86200000	0.149425	-0.085971	0.424085	1.75535
chr10-86200000-86300000	0.428839	0.530878	0.264254	2.44862
chr10-86500000-86600000	-0.357044	0.667076	0.437799	1.33433
chr10-86600000-86700000	0.344874	0.653843	0.289854	1.13111
chr10-86700000-86800000	-0.120687	0.109068	0.322966	1.09887
chr10-86800000-86900000	0.463918	0.521426	0.229699	1.15467
chr10-86900000-87000000	-0.209629	0.699645	0.425933	1.13602
chr10-8700000-8800000	1.30371	0.752272	0.195448	1.17344
chr10-87100000-87200000	-0.419226	0.567756	0.285609	1.21462
chr10-87200000-87300000	0.289819	0.686559	0.222695	1.07608
chr10-87300000-87400000	-0.209928	0.689601	0.748933	1.23206
chr10-89700000-89800000	0.724052	-0.772461	0.253663	1.65836
chr10-87700000-87800000	-0.020536	-0.012744	0.48917	1.24594
chr10-87900000-88000000	0.320858	0.963894	0.552672	1.29985
chr10-88000000-88100000	-0.309656	0.820688	0.244422	1.23299
chr10-88600000-88700000	0.704486	0.520367	0.495707	2.38209
chr10-91200000-91300000	0.926944	-0.133175	0.539826	2.11659
chr10-88700000-88800000	0.642346	1.21604	0.326415	8.34263
chr10-99500000-99600000	0.353203	0.19051	1.13504	2.39972
chr10-88900000-89000000	0.377395	1.89492	1.08061	1.43296
chr10-8900000-9000000	0.699818	0.467822	-0.835012	1.20394
chr10-89100000-89200000	0.701865	1.49736	0.834883	1.11811
chr10-92500000-92600000	0.688101	0.535701	0.633308	1.5169
chr10-89900000-90000000	0.676078	-0.816988	0.294316	2.48824
chr10-900000-1000000	1.16325	-0.394752	-0.162302	3.50846
chr10-90100000-90200000	0.503048	-0.47446	0.020741	1.41306
chr10-90600000-90700000	0.302086	-0.775389	0.289967	3.9295
chr10-90800000-90900000	0.496565	-0.19332	0.400518	1.53084
chr10-90900000-91000000	0.752035	0.390513	0.651872	2.03287
chr10-9100000-9200000	0.919721	0.247962	-0.289126	1.16099
chr10-91300000-91400000	0.226747	-0.118734	0.464422	1.76416
chr10-91600000-91700000	0.786942	0.460868	0.611018	1.42827
chr10-91700000-91800000	0.850552	-0.244514	0.556601	1.12651
chr10-91800000-91900000	0.187441	-0.251345	0.292601	1.40545
chr10-91900000-92000000	0.321125	0.404262	0.043987	1.19653
chr10-9200000-9300000	1.25538	0.753386	0.11213	1.17734
chr10-92000000-92100000	0.819149	0.559682	0.537789	1.66301
chr10-92900000-93000000	0.839675	-0.709057	0.432364	3.76935
chr10-93300000-93400000	0.686333	-0.53997	0.192708	3.96577
chr10-93400000-93500000	1.04354	-0.36926	0.766757	2.97921
chr10-93700000-93800000	1.05639	-0.119665	0.776034	1.69191
chr10-93900000-94000000	0.838154	-0.093548	0.634782	2.01706
chr10-94300000-94400000	0.858518	-0.17085	1.24861	3.81006
chr10-94500000-94600000	1.01853	0.255776	0.756047	2.58005
chr10-94700000-94800000	0.786386	-0.579166	0.30254	1.7036
chr10-94900000-95000000	0.587555	0.534973	1.10928	1.4187
chr10-95200000-95300000	1.08721	0.044219	0.895008	5.54879
chr10-95500000-95600000	0.386311	0.637344	0.403781	1.33493
chr10-95700000-95800000	0.875456	-0.053857	0.655186	1.94997
chr10-96600000-96700000	-0.153261	0.744962	0.772557	1.10917
chr10-96700000-96800000	0.297033	1.11489	0.356978	1.13342
chr10-96900000-97000000	0.466822	0.906325	0.649521	3.19519
chr10-97000000-97100000	0.833348	0.293408	0.681677	5.25259
chr10-97200000-97300000	0.043345	0.004435	0.47332	1.27869
chr10-97400000-97500000	0.19989	0.573118	0.887969	3.15892
chr10-97500000-97600000	0.466094	0.397015	0.258775	1.64562
chr10-97700000-97800000	-0.041619	0.065734	0.451073	1.17148
chr10-97800000-97900000	0.573517	0.44634	0.521448	7.54769
chr10-97900000-98000000	0.014256	0.005614	0.469399	1.42913
chr10-9800000-9900000	1.04566	0.793873	-0.458187	1.25797
chr10-98100000-98200000	0.491289	0.539208	0.395001	1.7523
chr10-98300000-98400000	0.445105	0.246639	1.04805	3.13125
chr10-98800000-98900000	0.462847	0.34704	1.04045	1.35985
chr10-98900000-99000000	0.749485	-0.218141	0.768448	1.66543
chr10-99000000-99100000	0.268652	-0.721466	0.912625	3.39399
chr10-99100000-99200000	0.857077	-0.386395	1.13847	4.37261
chr10-99200000-99300000	0.518571	-0.836264	0.673275	4.79474
chr10-99300000-99400000	1.05727	-0.703024	1.04336	4.92613
chr10-99400000-99500000	1.06176	-0.00512	1.02449	6.56265
chr10-99600000-99700000	0.806734	0.669859	0.90023	1.69098
chr10-99800000-99900000	0.433094	0.443712	0.393355	3.02893
