chr18-55100000-55200000	-0.329509	0.468584	-0.133428	1.22144
chr18-24200000-24300000	-0.02847	0.282799	-0.531826	1.43949
chr18-39100000-39200000	-0.202985	0.129357	-0.23526	1.21884
chr18-33100000-33200000	0.03125	-0.019306	-0.2539	2.72426
chr18-13100000-13200000	-0.217393	-0.353422	-0.100557	2.18038
chr18-39000000-39100000	-0.449069	0.017996	-0.413475	1.66611
chr18-77800000-77900000	-0.32834	0.167573	0.161212	2.89482
chr18-11100000-11200000	-0.175847	-0.330751	-0.117382	2.43574
chr18-28200000-28300000	-0.289161	-0.008625	-0.493959	1.16765
chr18-100000-200000	-0.307076	-0.476825	-0.025048	3.68077
chr18-40600000-40700000	-0.283738	0.109986	0.073615	1.11525
chr18-33800000-33900000	0.199935	0.249239	-0.079109	2.78314
chr18-13200000-13300000	-0.050305	-0.15185	0.064111	1.57823
chr18-7500000-7600000	0.173863	-0.282599	-0.181235	3.16424
chr18-40300000-40400000	-0.030089	0.43475	-0.411481	1.08119
chr18-20000000-20100000	0.235818	0.100587	-0.383092	2.87289
chr18-66500000-66600000	-0.518003	0.321495	-0.149336	1.6439
chr18-0-100000	-0.484382	-0.68269	-0.094511	1.24803
chr18-39900000-40000000	-0.203038	0.54293	-0.323722	1.11676
chr18-12800000-12900000	0.246523	-0.109239	-0.068695	3.15858
chr18-36500000-36600000	-0.350245	-0.012905	-0.455489	1.19964
chr18-12000000-12100000	0.091388	-0.186816	-0.035343	2.44418
chr18-56500000-56600000	-0.133189	0.352021	0.346058	4.06518
chr18-10300000-10400000	-0.290763	-0.301166	0.082882	2.71069
chr18-54300000-54400000	-0.283427	0.348848	0.081423	3.84115
chr18-38000000-38100000	0.003259	0.47116	-0.29319	1.32219
chr18-10700000-10800000	-0.043239	-0.256514	0.10943	1.50484
chr18-1400000-1500000	-0.472031	-0.24184	-0.175364	1.09982
chr18-58200000-58300000	-0.214072	0.057007	0.104764	1.25979
chr18-12100000-12200000	0.152856	-0.165979	0.267732	1.10879
chr18-78000000-78100000	-0.621826	0.403729	0.359794	3.83887
chr18-58600000-58700000	-0.495449	0.032825	-0.377118	1.20994
chr18-10200000-10300000	-0.024771	-0.225006	0.141522	1.77952
chr18-52400000-52500000	-0.213546	0.227174	0.15809	2.14247
chr18-70700000-70800000	-0.551778	0.360822	-0.071753	1.28735
chr18-38300000-38400000	-0.18769	0.105133	-0.521762	1.2797
chr18-1000000-1100000	-0.263434	-0.244545	-0.478046	1.22413
chr18-27800000-27900000	-0.091589	0.037725	-0.644797	1.09004
chr18-25000000-25100000	-0.04725	-0.001241	-0.593905	1.1535
chr18-14500000-14600000	0.179873	-0.195011	0.572528	1.21577
chr18-67200000-67300000	-0.244547	0.16313	-0.204181	1.51831
chr18-27400000-27500000	-0.115653	-0.054234	-0.392248	1.23564
chr18-63700000-63800000	-0.55943	0.366354	-0.261253	1.08665
chr18-23200000-23300000	0.040773	-0.003936	-0.246481	1.76719
chr18-10500000-10600000	-0.304666	-0.321377	0.01754	3.05498
chr18-9600000-9700000	-0.04867	-0.407851	-0.221095	3.52657
chr18-19900000-20000000	0.186742	-0.137792	-0.511129	2.50054
chr18-12300000-12400000	0.032052	-0.396628	-0.201844	4.68474
chr18-70200000-70300000	-0.5131	0.103881	-0.351645	1.26599
chr18-52700000-52800000	-0.019585	0.09862	0.048068	1.65222
chr18-61400000-61500000	-0.392233	0.006037	0.019594	2.72645
chr18-18500000-18600000	0.301588	0.079242	-0.075272	3.34388
chr18-10400000-10500000	-0.025309	-0.178316	0.06229	1.81912
chr18-32800000-32900000	0.013325	0.036225	-0.42357	4.14233
chr18-10100000-10200000	0.168709	-0.25226	-0.070272	2.01237
chr18-63000000-63100000	-0.252592	0.206884	-0.220677	1.1384
chr18-29100000-29200000	-0.160682	0.036794	-0.336256	1.28778
chr18-14400000-14500000	0.179849	-0.193331	0.571414	0
chr18-12700000-12800000	0.084346	-0.055729	0.109415	3.26727
chr18-58500000-58600000	-0.262324	0.149869	-0.214119	1.23456
chr18-45000000-45100000	-0.237089	0.575374	-0.110029	1.16751
chr18-34600000-34700000	0.0302	0.329734	-0.402865	1.40758
chr18-30500000-30600000	-0.041069	0.415268	-0.414012	1.25372
chr18-27500000-27600000	-0.309692	0.148482	-0.569383	1.11345
chr18-67100000-67200000	-0.510205	0.109185	-0.023353	1.44756
chr18-50500000-50600000	-0.462947	0.015981	-0.386796	1.04633
chr18-10800000-10900000	0.052011	-0.287979	-0.190461	1.71462
chr18-45800000-45900000	0.0499	0.343745	-0.12309	1.76405
chr18-36300000-36400000	-0.111497	0.294039	-0.605524	1.13817
chr18-67800000-67900000	-0.310843	0.126095	0.158647	2.3025
chr18-21700000-21800000	0.169251	0.265346	-0.432165	2.36443
chr18-10000000-10100000	0.00579	-0.332436	-0.289363	2.48095
chr18-65200000-65300000	-0.284982	0.345816	0.122769	1.40082
chr18-69200000-69300000	-0.345022	0.26332	-0.504915	1.19649
chr18-38800000-38900000	-0.219828	0.212817	-0.238896	1.4603
chr18-14600000-14700000	0.178683	-0.193868	0.573685	1
chr18-54600000-54700000	-0.193181	-0.008675	-0.176083	1.74139
chr18-14200000-14300000	0.146139	-0.383371	0.415753	1.01827
chr18-10600000-10700000	-0.042184	-0.511025	-0.031581	1.50949
chr18-6000000-6100000	-0.206039	-0.288888	-0.182232	2.18386
chr18-74000000-74100000	-0.55772	0.257087	-0.049009	2.74756
chr18-14900000-15000000	0.294605	-0.045819	0.185821	1.40486
chr18-10900000-11000000	-0.129447	-0.406259	-0.384705	2.02885
chr18-51100000-51200000	-0.226545	0.546426	-0.310948	1.19555
chr18-39500000-39600000	0.100606	0.124853	-0.09506	2.61656
chr18-59100000-59200000	-0.299461	0.378877	0.11056	1.64948
chr18-7300000-7400000	-0.258505	-0.384983	-0.333051	1.30475
chr18-48600000-48700000	-0.447748	0.239114	0.038102	2.0813
chr18-48100000-48200000	-0.231046	0.260711	-0.192688	1.25958
chr18-35000000-35100000	0.040385	0.375729	-0.444659	1.30842
chr18-24600000-24700000	-0.369687	0.274866	-0.510291	1.25919
chr18-1500000-1600000	-0.375312	-0.29899	-0.465153	1.11275
chr18-55600000-55700000	-0.130841	0.280185	0.204282	1.83843
chr18-1100000-1200000	-0.538417	-0.188149	-0.354507	1.11995
chr18-13500000-13600000	0.063395	-0.086491	-0.060625	1.40521
chr18-62100000-62200000	-0.588332	0.293332	-0.213879	1.15119
chr18-2500000-2600000	-0.201307	-0.240645	-0.236625	2.96256
chr18-22500000-22600000	-0.169148	0.260962	-0.598751	1.63144
chr18-62500000-62600000	-0.393888	0.31955	0.092364	1.24957
chr18-73100000-73200000	-0.43411	0.424972	-0.201445	2.00428
chr18-39400000-39500000	-0.199872	0.238359	-0.189725	1.35983
chr18-1300000-1400000	-0.30984	-0.418605	-0.361247	1.09857
chr18-8100000-8200000	0.083035	-0.239257	-0.206028	2.48262
chr18-55800000-55900000	-0.223527	0.295649	0.173917	3.17282
chr18-13800000-13900000	-0.204356	-0.17842	0.186141	1.35901
chr18-15300000-15400000	0.731708	0.007401	0.138178	1.17585
chr18-11000000-11100000	0.112946	-0.343939	-0.221329	1.91883
chr18-55500000-55600000	0.089327	0.41197	0.057689	2.23974
chr18-11200000-11300000	-0.015107	-0.108695	0.019435	1.49191
chr18-77500000-77600000	-0.186116	0.55758	-0.090611	2.17764
chr18-40500000-40600000	0	0	0	1.12032
chr18-28400000-28500000	-0.253779	-0.001574	-0.477609	1.05088
chr18-64800000-64900000	-0.531833	-0.005792	-0.320776	1.46805
chr18-15000000-15100000	0.613845	-0.062337	0.287839	1
chr18-2300000-2400000	-0.228149	-0.293401	-0.015469	1.37757
chr18-66400000-66500000	-0.431876	0.039863	0.014488	1.40097
chr18-13400000-13500000	0.009518	-0.258682	-0.296957	1.55279
chr18-62600000-62700000	-0.522888	0.367199	-0.206442	1.24337
chr18-20500000-20600000	0.234512	0.013807	-0.236283	2.40774
chr18-11300000-11400000	0.049953	-0.305565	-0.205082	2.23301
chr18-57800000-57900000	-0.267755	0.222669	-0.187962	1.25445
chr18-39700000-39800000	-0.201292	0.181289	-0.234687	1.28211
chr18-11400000-11500000	-0.242833	-0.303726	-0.173555	1.48016
chr18-13300000-13400000	0.184129	-0.10963	-0.114683	1.89834
chr18-13600000-13700000	0.150977	-0.266885	-0.282585	1.71805
chr18-31800000-31900000	-0.209594	0.085154	-0.275853	1.23264
chr18-11500000-11600000	-0.09127	-0.259427	0.092298	1.42208
chr18-75100000-75200000	-0.648202	0.138193	-0.304856	1.31458
chr18-37800000-37900000	0.08317	0.285448	-0.12703	1.20428
chr18-20200000-20300000	0.138225	-0.073154	-0.370721	2.99045
chr18-6100000-6200000	-0.260214	-0.280985	-0.479097	1.43431
chr18-11600000-11700000	-0.10382	-0.495081	-0.132851	1.39291
chr18-4300000-4400000	-0.372988	-0.167978	-0.402012	1.09722
chr18-42200000-42300000	-0.145159	0.114194	-0.253378	1.78904
chr18-62200000-62300000	-0.404085	0.392842	-0.462954	1.20132
chr18-62400000-62500000	-0.542678	0.089476	-0.080841	1.17163
chr18-42700000-42800000	-0.192108	0.496327	-0.222884	1.27118
chr18-37700000-37800000	-0.063207	0.496125	-0.328697	1.27724
chr18-13700000-13800000	0.076874	-0.162415	0.022869	2.99051
chr18-26800000-26900000	0.035023	-0.017923	-0.332546	1.21585
chr18-19700000-19800000	0.287968	0.238655	-0.135168	3.05674
chr18-11700000-11800000	-0.122796	-0.206906	-0.048101	1.54522
chr18-55300000-55400000	-0.125381	0.20913	0.25739	2.8933
chr18-51800000-51900000	-0.237228	0.182778	-0.203232	3.15976
chr18-4700000-4800000	-0.3302	-0.247961	-0.478966	1.16079
chr18-26200000-26300000	0.083926	0.238909	-0.463814	1.16953
chr18-13000000-13100000	-0.26672	-0.240306	0.17252	2.20204
chr18-11800000-11900000	0.13397	-0.321005	0.01072	3.29471
chr18-11900000-12000000	-0.103782	-0.261193	0.183107	4.75511
chr18-5200000-5300000	-0.363902	-0.293846	-0.078602	6.91166
chr18-65800000-65900000	-0.448399	0.001429	-0.013498	1.73833
chr18-4000000-4100000	-0.231967	-0.233078	-0.261856	1.3534
chr18-14800000-14900000	0.448736	-0.12252	0.419854	1.10821
chr18-27200000-27300000	-0.145656	-0.096731	-0.506904	1.43632
chr18-25800000-25900000	0.045677	-0.070608	-0.374277	1.14438
chr18-1200000-1300000	-0.401039	-0.275148	-0.105874	1.12985
chr18-32300000-32400000	0.087758	0.311041	-0.366916	1.70522
chr18-12200000-12300000	0.038067	-0.406344	0.089573	6.0362
chr18-54700000-54800000	-0.422634	0.059655	0.022554	1.24743
chr18-12400000-12500000	0.017752	-0.271795	0.077138	3.48913
chr18-12500000-12600000	0.22752	-0.300389	-0.069256	1.97016
chr18-54400000-54500000	-0.012668	0.430398	-0.095361	1.55918
chr18-27600000-27700000	-0.010542	0.26108	-0.567485	1.55365
chr18-23600000-23700000	0.046754	-0.014841	-0.31486	3.89091
chr18-1600000-1700000	-0.438375	-0.206463	-0.177652	1.10062
chr18-63100000-63200000	-0.559062	0.191733	-0.348765	1.19147
chr18-47400000-47500000	-0.104363	0.469543	-0.062052	1.63475
chr18-34200000-34300000	0.122021	0.183818	-0.045696	2.98702
chr18-29000000-29100000	-0.142669	0.270217	-0.55786	1.28127
chr18-74600000-74700000	-0.251489	0.213461	-0.19073	2.55349
chr18-50800000-50900000	-0.513158	0.373777	-0.222444	1.12933
chr18-61800000-61900000	-0.533725	0.270447	-0.334943	1.16024
chr18-65000000-65100000	-0.257599	0.169467	0.177711	1.84053
chr18-30100000-30200000	-0.396809	-0.029223	-0.42277	1.19275
chr18-14000000-14100000	-0.209604	-0.207334	0.089097	1.59768
chr18-54100000-54200000	-0.208335	0.231073	-0.180408	1.43106
chr18-49200000-49300000	-0.443894	0.404212	-0.04944	1.11651
chr18-32700000-32800000	-0.091355	-0.011198	-0.129421	1.95569
chr18-29800000-29900000	0.040762	0.226189	-0.492741	1.8591
chr18-25700000-25800000	-0.132079	0.039622	-0.626496	1.8469
chr18-63600000-63700000	-0.544213	0.059925	-0.136714	1.11493
chr18-65700000-65800000	-0.304708	0.22385	0.150107	1.38803
chr18-12600000-12700000	0.026269	-0.355025	0.130365	3.33649
chr18-7000000-7100000	0.085688	-0.210644	-0.082933	2.08711
chr18-12900000-13000000	0.021457	-0.115097	0.118068	4.25697
chr18-54900000-55000000	-0.241621	0.412593	-0.176951	1.16244
chr18-13900000-14000000	0.091986	-0.171621	0.10953	1.21759
chr18-37900000-38000000	0.084043	0.196471	-0.436558	1.4561
chr18-49400000-49500000	-0.432428	0.110535	-0.465869	1.15165
chr18-14100000-14200000	-0.173792	-0.40951	0.303924	1.45403
chr18-69700000-69800000	-0.511999	0.354857	-0.151338	1.17638
chr18-58300000-58400000	-0.494124	0.042114	-0.058607	1.29264
chr18-47100000-47200000	0.030051	0.416897	-0.00918	1.68523
chr18-14300000-14400000	-0.026953	-0.312483	0.604865	1.03564
chr18-49500000-49600000	-0.249817	0.186267	-0.213749	1.09295
chr18-74700000-74800000	-0.155841	0.512634	-0.260566	2.59048
chr18-45300000-45400000	-0.176093	0.137758	-0.214753	1.42787
chr18-14700000-14800000	0.172849	-0.084273	0.349239	1.08333
chr18-51500000-51600000	-0.195906	0.298636	0.111753	1.33275
chr18-22100000-22200000	0.022108	-0.031235	-0.536995	1.60978
chr18-15100000-15200000	0.615151	-0.063669	0.287077	1
chr18-71100000-71200000	-0.384611	0.540127	-0.236803	1.70388
chr18-15200000-15300000	0.731606	0.009148	0.137179	1
chr18-600000-700000	0.132104	-0.330001	-0.260834	2.1571
chr18-60200000-60300000	-0.366932	0.324074	0.089045	1.69108
chr18-57300000-57400000	-0.176067	0.093133	0.152903	4.10424
chr18-75700000-75800000	-0.756961	0.201381	-0.232574	1.13797
chr18-15400000-15500000	0.699552	0.019891	0.107178	1
chr18-6300000-6400000	0.010766	-0.247616	-0.28437	1.20452
chr18-16900000-17000000	0.462885	0.064169	-0.020795	0
chr18-1700000-1800000	-0.346936	-0.240333	-0.456443	1.10709
chr18-5400000-5500000	-0.271847	-0.188641	-0.081914	1.98678
chr18-2000000-2100000	-0.235375	-0.263329	-0.419926	1.28236
chr18-2400000-2500000	-0.491699	-0.294938	-0.115134	1.71829
chr18-1800000-1900000	-0.303073	-0.21325	-0.148953	1.11188
chr18-41700000-41800000	0.0703	0.023689	-0.334174	1.17468
chr18-18600000-18700000	0.122246	-0.021251	-0.304494	3.39298
chr18-7200000-7300000	-0.078759	-0.341423	-0.587469	1.84396
chr18-5000000-5100000	-0.313704	-0.206283	-0.102513	1.19348
chr18-3600000-3700000	0.156735	-0.349143	-0.083154	4.29469
chr18-18700000-18800000	0.222358	0.03476	-0.565097	1.67492
chr18-9400000-9500000	0.05045	-0.396679	-0.189572	3.75201
chr18-18800000-18900000	0.154519	-0.065896	-0.273541	1.62182
chr18-18900000-19000000	0.213239	0.190948	-0.170438	1.42316
chr18-1900000-2000000	-0.523348	-0.194453	-0.361175	1.19442
chr18-42800000-42900000	0.049792	0.362961	-0.383252	2.02995
chr18-19000000-19100000	0.070148	0.296725	-0.405995	1.73
chr18-60700000-60800000	-0.412985	0.373971	-0.023698	1.56926
chr18-57100000-57200000	-0.19856	0.077883	0.208397	1.98791
chr18-19100000-19200000	0.182094	0.080394	-0.213092	3.629
chr18-44100000-44200000	0.010127	0.348612	-0.056283	1.25231
chr18-51200000-51300000	-0.041193	0.465733	-0.053112	1.22259
chr18-19200000-19300000	0.315041	0.313742	-0.089646	2.01082
chr18-62700000-62800000	-0.489262	0.100832	-0.023101	1.11808
chr18-44800000-44900000	0.083887	0.284663	-0.373736	1.24184
chr18-68600000-68700000	-0.566472	0.244183	-0.467117	1.1308
chr18-42500000-42600000	-0.195984	0.485372	-0.2819	1.68464
chr18-37300000-37400000	-0.028937	0.304734	-0.540546	1.40596
chr18-60100000-60200000	-0.21125	0.227446	-0.152348	3.45999
chr18-68300000-68400000	-0.294358	0.540935	-0.216523	1.30932
chr18-22600000-22700000	-0.211737	-0.036338	-0.52916	1.77776
chr18-19300000-19400000	0.347195	0.151826	-0.336213	2.93019
chr18-53800000-53900000	-0.220132	0.115502	0.139347	2.50567
chr18-53700000-53800000	0.054286	0.221949	0.034518	1.68833
chr18-19400000-19500000	0.152547	-0.020602	-0.512928	1.60259
chr18-46400000-46500000	0.004519	0.146634	0.141357	6.2962
chr18-39300000-39400000	0.042427	0.446515	-0.199016	1.22791
chr18-19500000-19600000	0.414761	0.171203	-0.439524	1.36046
chr18-700000-800000	-0.135799	-0.352185	-0.39533	2.29648
chr18-19600000-19700000	0.242288	-0.002392	-0.289738	1.34302
chr18-19800000-19900000	0.329681	0.028658	-0.356661	1.88797
chr18-48400000-48500000	-0.114281	0.453218	0.030164	3.58073
chr18-40400000-40500000	-0.040912	0.153835	-0.276174	1.07806
chr18-40200000-40300000	-0.325213	0.343353	-0.520709	1.02918
chr18-400000-500000	-0.018488	-0.235117	0.018993	1.80788
chr18-48200000-48300000	-0.141072	0.438481	0.04957	1.31066
chr18-44000000-44100000	0.032393	0.446168	-0.319455	1.26107
chr18-200000-300000	-0.223223	-0.243816	0.098333	3.59718
chr18-20100000-20200000	0.307946	-0.069239	-0.153547	2.55307
chr18-46100000-46200000	0.109187	0.363937	-0.083459	5.27957
chr18-20300000-20400000	0.170333	0.019682	-0.635453	1.68568
chr18-75300000-75400000	-0.515556	0.026941	-0.338916	1.29308
chr18-37400000-37500000	-0.255405	0.085284	-0.59728	1.53026
chr18-20400000-20500000	0.372654	0.128012	-0.433035	2.04539
chr18-31000000-31100000	0.019397	0.298566	-0.443203	1.30995
chr18-71500000-71600000	-0.267255	0.470295	-0.223317	2.02984
chr18-28800000-28900000	-0.020006	0.307685	-0.456206	1.23607
chr18-20600000-20700000	0.276837	-0.04293	-0.541134	2.81462
chr18-51400000-51500000	-0.248	0.20389	-0.195145	1.21448
chr18-31600000-31700000	-0.213699	0.154864	-0.254167	1.37454
chr18-26000000-26100000	0.052388	0.240606	-0.511556	1.18531
chr18-64500000-64600000	-0.374535	0.444824	-0.474155	1.21971
chr18-71700000-71800000	-0.548769	0.409082	-0.194671	2.54244
chr18-73700000-73800000	-0.321088	0.628892	-0.280497	1.1828
chr18-20700000-20800000	0.268813	0.208494	-0.397536	3.12357
chr18-53600000-53700000	-0.230636	0.262985	0.144665	1.30169
chr18-500000-600000	-0.130717	-0.442099	-0.115314	1.60507
chr18-28600000-28700000	-0.005204	0.019412	-0.432224	1.13591
chr18-20800000-20900000	0.3383	-0.026832	-0.272523	3.79812
chr18-25900000-26000000	0.193501	0.168051	-0.2416	1.16723
chr18-20900000-21000000	0.232017	-0.124034	-0.494688	2.40049
chr18-2100000-2200000	-0.304059	-0.273854	-0.112307	1.48084
chr18-43200000-43300000	-0.01219	0.309133	0.040596	2.21556
chr18-72000000-72100000	-0.597836	0.181939	-0.108133	1.4145
chr18-9200000-9300000	-0.03487	-0.479113	-0.069172	1.82714
chr18-38600000-38700000	-0.213452	0.330891	-0.542281	1.67194
chr18-3000000-3100000	-0.118806	-0.402283	-0.229985	2.81659
chr18-21000000-21100000	0.34669	0.099431	-0.299234	3.81993
chr18-29300000-29400000	-0.338775	-0.037633	-0.466739	1.24545
chr18-21100000-21200000	0.195061	0.069772	-0.037179	2.57462
chr18-58000000-58100000	-0.271666	0.250128	-0.164114	1.28387
chr18-52200000-52300000	-0.423672	0.379928	0.14746	1.22821
chr18-43800000-43900000	-0.111419	0.604503	-0.177557	2.21242
chr18-4200000-4300000	-0.245853	-0.235354	-0.139891	1.20713
chr18-36700000-36800000	-0.454079	0.023641	-0.427474	1.19834
chr18-29400000-29500000	-0.023436	0.029213	-0.49871	1.91351
chr18-21200000-21300000	0.317679	0.107491	-0.27099	2.25308
chr18-69400000-69500000	-0.533061	0.41642	-0.298287	1.10198
chr18-41200000-41300000	-0.203594	0.175021	-0.195659	1.29894
chr18-36800000-36900000	-0.211942	0.150696	-0.599343	1.29991
chr18-25100000-25200000	-0.273487	0.206896	-0.593127	1.12606
chr18-21300000-21400000	0.16313	-0.088889	-0.400286	1.62181
chr18-69600000-69700000	-0.257693	0.153837	-0.202833	1.1916
chr18-4600000-4700000	-0.537209	-0.231371	-0.255234	1.13935
chr18-21400000-21500000	0.319846	0.148088	-0.348681	2.8198
chr18-38500000-38600000	-0.093639	0.045932	-0.577818	1.38633
chr18-21500000-21600000	0.136834	0.03434	-0.167255	2.80884
chr18-61700000-61800000	-0.230766	0.184355	-0.241013	1.25119
chr18-27300000-27400000	-0.423173	0.049606	-0.467996	1.44303
chr18-61100000-61200000	-0.275978	0.228131	-0.184402	1.80293
chr18-29600000-29700000	-0.132959	0.022254	-0.596396	2.68647
chr18-21600000-21700000	0.211091	-0.049379	-0.415025	2.10444
chr18-76300000-76400000	-0.464731	0.218536	-0.511769	1.41619
chr18-49900000-50000000	-0.247057	0.513559	-0.110063	1.11966
chr18-21800000-21900000	0.128435	0.048029	-0.254592	2.50722
chr18-23500000-23600000	-0.199189	-0.023286	-0.501658	1.45209
chr18-72800000-72900000	-0.575454	0.277908	-0.066452	1.92035
chr18-8200000-8300000	-0.037601	-0.394127	-0.442617	1.78592
chr18-21900000-22000000	0.09416	-0.048638	-0.536441	2.13911
chr18-45700000-45800000	-0.020524	0.493191	-0.369818	1.23471
chr18-2200000-2300000	-0.034406	-0.365482	-0.232393	1.41581
chr18-46600000-46700000	0.077741	0.14277	-0.031397	1.6082
chr18-22000000-22100000	0.167714	0.240828	-0.43026	3.3644
chr18-73600000-73700000	-0.539616	0.440461	-0.185945	1.28945
chr18-35200000-35300000	-0.432705	0.454438	-0.42373	1.17064
chr18-22200000-22300000	-0.286038	-0.053784	-0.547277	2.52441
chr18-26100000-26200000	-0.009421	-0.04218	-0.367028	1.24239
chr18-22300000-22400000	-0.023457	-0.049986	-0.380597	3.03462
chr18-53400000-53500000	-0.193842	0.303833	0.226888	2.23037
chr18-35700000-35800000	-0.020945	0.398135	-0.460871	1.06282
chr18-22400000-22500000	0.102342	0.093547	-0.630732	2.30027
chr18-22700000-22800000	0.001748	-0.076314	-0.311541	1.72495
chr18-28500000-28600000	-0.12811	0.301297	-0.537899	1.22866
chr18-22800000-22900000	-0.22034	-0.151473	-0.508209	2.18433
chr18-22900000-23000000	-0.022084	0.078236	-0.596917	3.43991
chr18-41800000-41900000	0.096552	0.338198	-0.339718	1.17768
chr18-23000000-23100000	-0.000564	-0.07742	-0.333607	2.43805
chr18-23100000-23200000	0.067013	0.187054	-0.48777	1.38427
chr18-8600000-8700000	-0.180661	-0.357961	0.131189	3.04017
chr18-41000000-41100000	-0.092552	0.490861	-0.313694	1.17578
chr18-23300000-23400000	-0.095988	-0.066401	-0.515407	1.69274
chr18-70500000-70600000	-0.517725	0.308861	0.003305	1.28799
chr18-8400000-8500000	-0.215419	-0.32054	-0.12137	2.01503
chr18-49800000-49900000	0.020024	0.363057	0.005174	1.16644
chr18-23400000-23500000	0.027886	0.224774	-0.51414	1.6747
chr18-8000000-8100000	-0.171084	-0.267682	-0.036229	1.64032
chr18-43000000-43100000	0.022861	0.298238	-0.421834	1.20781
chr18-65100000-65200000	-0.56322	0.199319	0.057071	2.48998
chr18-65400000-65500000	-0.590202	0.016533	-0.177754	1.71487
chr18-7800000-7900000	-0.075249	-0.296764	-0.339873	1.72897
chr18-50100000-50200000	-0.197744	0.51794	-0.117471	1.1557
chr18-49000000-49100000	-0.249391	0.443458	-0.441681	1.31112
chr18-29200000-29300000	-0.112792	0.145734	-0.614612	1.38225
chr18-23700000-23800000	-0.156404	-0.006002	-0.560228	1.26653
chr18-63300000-63400000	-0.575661	0.1239	-0.38202	1.18384
chr18-47600000-47700000	-0.042787	0.480736	-0.149165	1.48742
chr18-25600000-25700000	0.072286	0.010487	-0.409169	1.97614
chr18-23800000-23900000	0.064573	0.240824	-0.534088	2.02009
chr18-7400000-7500000	0.015168	-0.341508	-0.440893	1.29147
chr18-45400000-45500000	0.089225	0.192485	-0.081432	3.22362
chr18-65500000-65600000	-0.491393	0.233878	0.036457	1.61076
chr18-23900000-24000000	-0.052479	-0.047252	-0.451418	1.27658
chr18-57500000-57600000	-0.264728	0.260134	0.174928	3.29097
chr18-48000000-48100000	-0.130628	0.475606	0.010254	1.1631
chr18-44500000-44600000	0.060341	0.381202	-0.034727	1.45508
chr18-68200000-68300000	-0.519004	0.341117	-0.112898	1.15178
chr18-4500000-4600000	-0.278318	-0.247549	-0.120266	1.24812
chr18-24800000-24900000	-0.354897	0.333789	-0.563464	1.18033
chr18-24000000-24100000	0.114655	0.213076	-0.383974	2.31496
chr18-73500000-73600000	-0.607051	0.220369	-0.391646	1.37047
chr18-53300000-53400000	-0.293601	0.019161	0.145935	1.47115
chr18-35300000-35400000	-0.128776	0.484744	-0.384438	1.24636
chr18-24100000-24200000	-0.071979	-0.013678	-0.420765	2.44943
chr18-59400000-59500000	-0.174134	0.362451	0.164708	1.83056
chr18-77200000-77300000	-0.591276	0.501344	-0.468377	2.19224
chr18-55000000-55100000	-0.120976	0.42467	0.08913	1.17503
chr18-77300000-77400000	-0.538453	0.468849	-0.203994	2.7141
chr18-24300000-24400000	-0.140834	-0.003265	-0.569942	1.1478
chr18-73300000-73400000	-0.563311	0.120025	-0.27002	1.5519
chr18-24400000-24500000	-0.049433	0.282224	-0.553478	1.17852
chr18-68800000-68900000	-0.617587	0.237697	-0.189924	1.11064
chr18-75800000-75900000	-0.517065	0.083021	-0.385081	1.22851
chr18-24500000-24600000	-0.199947	0.01639	-0.596826	1.22807
chr18-37600000-37700000	-0.023893	0.220018	-0.518383	1.23728
chr18-24700000-24800000	-0.131176	0.134031	-0.652672	1.21437
chr18-24900000-25000000	-0.041958	0.298151	-0.511947	1.19788
chr18-56600000-56700000	-0.153347	0.138264	0.191873	3.01548
chr18-25200000-25300000	0.023553	0.265184	-0.454494	1.20045
chr18-25400000-25500000	0.117708	0.106895	-0.414647	1.32677
chr18-25300000-25400000	0.141105	0.296989	-0.16901	1.14391
chr18-58800000-58900000	-0.218598	0.109277	-0.151161	1.25308
chr18-36000000-36100000	-0.286174	0.301804	-0.561523	1.137
chr18-34100000-34200000	0.165972	0.28326	-0.342811	2.41577
chr18-25500000-25600000	0.123976	0.044073	-0.118067	1.42342
chr18-50700000-50800000	-0.30686	0.325374	0.011709	1.05917
chr18-2600000-2700000	0.111543	-0.204963	-0.138873	3.03063
chr18-3500000-3600000	-0.099344	-0.483856	-0.125873	3.29503
chr18-33000000-33100000	0.250766	0.159625	-0.174559	3.30353
chr18-26300000-26400000	-0.140501	0.015052	-0.500211	1.34654
chr18-31500000-31600000	-0.339577	-0.070804	-0.430499	1.20359
chr18-42600000-42700000	-0.201208	0.181095	-0.218268	1.17442
chr18-26400000-26500000	0.131359	0.148791	-0.578017	1.35856
chr18-44200000-44300000	0.045067	0.437149	-0.346491	1.71723
chr18-26500000-26600000	0.154396	0.22931	-0.261983	1.27837
chr18-31300000-31400000	-0.249026	0.372398	-0.540533	1.24723
chr18-28300000-28400000	-0.31395	0.289845	-0.590021	1.07205
chr18-26600000-26700000	0.066519	-0.018368	-0.449939	1.28894
chr18-26700000-26800000	0.098746	0.28836	-0.393311	2.07451
chr18-66100000-66200000	-0.425138	-0.021836	-0.090711	2.0123
chr18-26900000-27000000	-0.006108	0.139154	-0.604497	1.35739
chr18-46800000-46900000	0.052886	0.180505	0.060572	1.67558
chr18-2700000-2800000	-0.037283	-0.281935	-0.382544	1.90319
chr18-50000000-50100000	-0.227236	0.212736	-0.205743	1.1721
chr18-38100000-38200000	0.110114	0.188319	-0.197855	1.54249
chr18-27000000-27100000	-0.293289	-0.014387	-0.556688	1.228
chr18-69000000-69100000	-0.483786	0.342536	-0.462374	1.17355
chr18-47800000-47900000	-0.128146	0.492391	-0.0265	7.0128
chr18-36400000-36500000	-0.414573	0.305353	-0.499965	1.19389
chr18-27100000-27200000	-0.060985	0.196374	-0.639995	1.30953
chr18-34500000-34600000	-0.191164	0.190831	-0.230288	1.49079
chr18-27700000-27800000	-0.325262	0.234557	-0.549298	1.2525
chr18-27900000-28000000	-0.347944	-0.048793	-0.460464	1.20333
chr18-2800000-2900000	-0.006471	-0.421544	-0.131269	2.00879
chr18-40000000-40100000	-0.331879	0.337025	-0.532756	1.08267
chr18-28000000-28100000	-0.366474	0.262345	-0.53088	1.36687
chr18-31400000-31500000	-0.083452	0.094893	-0.509696	1.08879
chr18-46500000-46600000	0.057979	0.430405	0.035161	4.90131
chr18-60500000-60600000	-0.148644	0.142659	0.160865	1.91419
chr18-28100000-28200000	-0.070404	0.175635	-0.619412	1.1464
chr18-28700000-28800000	-0.253437	0.140347	-0.585292	1.23496
chr18-64100000-64200000	-0.589079	0.277578	-0.191125	1.21057
chr18-6700000-6800000	-0.367761	-0.241558	-0.107591	2.25755
chr18-28900000-29000000	-0.190721	0.114514	-0.274245	1.20833
chr18-2900000-3000000	-0.250586	-0.267432	-0.044315	2.94883
chr18-29500000-29600000	0.055906	0.259533	-0.677785	3.3444
chr18-69100000-69200000	-0.529889	0.03393	-0.373746	1.1095
chr18-54800000-54900000	-0.392904	0.355716	0.072421	1.24165
chr18-29700000-29800000	-0.23906	0.340213	-0.528453	1.30464
chr18-29900000-30000000	-0.179963	0.025423	-0.578927	1.68719
chr18-57200000-57300000	-0.370854	0.317793	0.142421	1.88173
chr18-6500000-6600000	-0.291367	-0.303237	-0.082447	1.34957
chr18-300000-400000	-0.15495	-0.230456	-0.20454	1.47038
chr18-43500000-43600000	0.050289	0.437462	0.03291	3.56096
chr18-30000000-30100000	-0.114807	-0.011069	-0.287517	1.75259
chr18-30200000-30300000	-0.244161	0.211288	-0.583448	1.18218
chr18-43300000-43400000	0.191174	0.495722	-0.110988	5.32006
chr18-41500000-41600000	0.031001	0.341729	-0.355767	1.20464
chr18-30300000-30400000	-0.359161	-0.052706	-0.448029	1.16578
chr18-52800000-52900000	-0.284418	0.215954	-0.041525	1.68165
chr18-30400000-30500000	-0.31462	0.242217	-0.422119	1.15715
chr18-5600000-5700000	-0.326326	-0.336534	-0.05453	1.23343
chr18-45600000-45700000	-0.030135	0.428633	-0.070725	1.67404
chr18-30600000-30700000	-0.273939	0.251781	-0.562494	1.25598
chr18-32100000-32200000	0.001815	0.272052	-0.466713	1.57098
chr18-30700000-30800000	-0.244565	0.186896	-0.250253	1.20464
chr18-56400000-56500000	-0.1677	0.114302	0.21734	2.73207
chr18-30800000-30900000	-0.283812	0.298644	-0.556031	1.21828
chr18-6600000-6700000	-0.269835	-0.313268	-0.387297	1.54554
chr18-76600000-76700000	-0.543426	0.124152	-0.398476	1.20474
chr18-30900000-31000000	-0.199736	0.143508	-0.28281	1.06844
chr18-5700000-5800000	-0.123229	-0.138876	0.03727	1.2633
chr18-3100000-3200000	-0.2993	-0.445891	-0.034371	1.53568
chr18-9300000-9400000	0.209365	-0.315919	-0.006963	2.89031
chr18-37500000-37600000	-0.293579	0.402509	-0.532813	1.49277
chr18-31100000-31200000	-0.117912	0.096238	-0.230615	1.47418
chr18-57700000-57800000	-0.415508	-0.029702	-0.268784	1.51606
chr18-31200000-31300000	0.03491	0.231089	-0.475515	1.13835
chr18-31700000-31800000	-0.200604	0.153792	-0.578964	1.17685
chr18-8700000-8800000	0.025637	-0.158331	0.179703	5.98031
chr18-31900000-32000000	-0.147723	0.152229	-0.591393	1.28962
chr18-50300000-50400000	-0.205304	0.543176	-0.391178	1.22753
chr18-3200000-3300000	-0.191474	-0.198422	0.115256	5.14132
chr18-9000000-9100000	0.147681	-0.159444	0.230762	3.27599
chr18-32000000-32100000	-0.164307	0.067793	-0.288611	1.65957
chr18-59900000-60000000	-0.306687	-0.048706	0.041735	1.59653
chr18-61300000-61400000	-0.156198	0.120839	0.160684	1.66955
chr18-32200000-32300000	-0.170089	0.360088	-0.219593	1.60484
chr18-6400000-6500000	-0.27354	-0.309164	-0.403024	1.22869
chr18-72500000-72600000	-0.31883	0.417793	0.119689	2.771
chr18-4800000-4900000	-0.504295	-0.27734	-0.234807	1.11258
chr18-65300000-65400000	-0.55153	0.291858	-0.030481	1.64519
chr18-74500000-74600000	-0.481001	0.410738	-0.206623	3.8153
chr18-32400000-32500000	-0.203406	0.227699	-0.230675	1.5524
chr18-63200000-63300000	-0.477203	-0.047765	-0.13093	1.13702
chr18-32500000-32600000	-0.025605	-0.023111	-0.286186	2.22509
chr18-52000000-52100000	-0.432435	0.329156	0.195159	1.09705
chr18-41300000-41400000	0.093046	0.257727	-0.126204	1.14178
chr18-47700000-47800000	-0.238772	0.248521	-0.192658	3.05067
chr18-32600000-32700000	0.09091	0.216492	-0.150412	2.62168
chr18-32900000-33000000	0.089057	0.317867	-0.398385	3.09221
chr18-5300000-5400000	-0.295153	-0.266234	-0.386281	1.22016
chr18-9100000-9200000	-0.086544	-0.324098	0.156543	3.55695
chr18-3300000-3400000	-0.178161	-0.362895	-0.142494	1.59784
chr18-59500000-59600000	-0.294116	0.089063	0.155822	2.86251
chr18-75400000-75500000	-0.459533	0.342396	-0.422845	1.1775
chr18-800000-900000	-0.42943	-0.345033	-0.319059	3.21908
chr18-57000000-57100000	-0.416005	-0.037065	0.006448	2.82268
chr18-33200000-33300000	0.199592	0.195008	-0.139974	1.81848
chr18-33300000-33400000	0.182202	0.355891	-0.411977	1.55506
chr18-4100000-4200000	-0.548614	-0.246113	-0.192658	1.20305
chr18-3700000-3800000	-0.022396	-0.137663	0.074767	1.58402
chr18-33400000-33500000	0.011695	0.187228	-0.573304	1.42606
chr18-64400000-64500000	-0.371301	0.376319	-0.158233	1.10491
chr18-33500000-33600000	0.040341	0.397879	-0.359831	2.89444
chr18-59200000-59300000	-0.121691	0.092607	0.178656	3.02602
chr18-68000000-68100000	-0.510337	0.272907	0.014183	2.78404
chr18-33600000-33700000	0.150416	0.257712	-0.079528	2.19209
chr18-33700000-33800000	0.293594	0.245861	-0.360514	3.93213
chr18-33900000-34000000	0.059377	0.445621	-0.275611	1.95833
chr18-58100000-58200000	-0.30604	0.36081	0.120945	1.24705
chr18-3800000-3900000	-0.196058	-0.209517	-0.123531	1.40496
chr18-3400000-3500000	0.059221	-0.373579	-0.271351	4.07238
chr18-49300000-49400000	-0.265367	0.203236	-0.217773	1.1295
chr18-34000000-34100000	0.122508	0.252055	-0.050776	2.19829
chr18-36100000-36200000	-0.003492	0.368177	-0.422881	1.0706
chr18-74400000-74500000	-0.426533	0.316821	0.115156	1.66453
chr18-38400000-38500000	0.054575	0.288134	-0.438034	1.85514
chr18-6800000-6900000	-0.338172	-0.326191	-0.401767	1.54009
chr18-34300000-34400000	0.121228	0.355399	-0.298554	3.51567
chr18-36600000-36700000	-0.316394	0.295169	-0.554862	1.1093
chr18-34800000-34900000	-0.007405	0.441817	-0.339775	1.42425
chr18-34400000-34500000	-0.129348	0.309762	-0.517518	3.65743
chr18-43100000-43200000	-0.163366	0.150743	-0.200634	1.61288
chr18-34700000-34800000	-0.197148	0.205246	-0.238966	1.23953
chr18-70400000-70500000	-0.294571	0.536128	-0.069322	1.31346
chr18-70800000-70900000	-0.260343	0.267085	-0.171932	1.29971
chr18-34900000-35000000	-0.229416	0.476538	-0.555088	1.91057
chr18-40100000-40200000	-0.439248	0.051341	-0.442349	1.14218
chr18-73800000-73900000	-0.306549	0.324796	-0.258245	1.29539
chr18-35100000-35200000	-0.209978	0.332865	-0.625688	1.33
chr18-68400000-68500000	-0.558492	0.387087	-0.31335	1.17538
chr18-35500000-35600000	-0.093078	0.477672	-0.417141	1.15584
chr18-35400000-35500000	-0.257305	0.251223	-0.569243	1.13241
chr18-75000000-75100000	-0.529333	0.409908	-0.23347	1.47082
chr18-35600000-35700000	-0.297523	0.296985	-0.587621	1.26777
chr18-53100000-53200000	-0.269881	0.051718	0.205981	2.2688
chr18-35800000-35900000	-0.323165	0.324364	-0.522125	1.13656
chr18-9700000-9800000	0.043021	-0.386844	0.06193	2.97444
chr18-35900000-36000000	-0.403095	0.010792	-0.491114	1.1262
chr18-56000000-56100000	0.066447	0.08542	0.045853	2.64078
chr18-50200000-50300000	-0.447813	0.361094	-0.269637	1.12589
chr18-36200000-36300000	-0.280027	0.512714	-0.428403	1.12175
chr18-36900000-37000000	-0.084558	0.429491	-0.513589	1.25407
chr18-53200000-53300000	-0.007416	0.066212	0.057715	2.75259
chr18-37000000-37100000	-0.323284	0.214094	-0.512013	1.44513
chr18-62300000-62400000	-0.514024	0.095534	-0.403357	1.21696
chr18-64600000-64700000	-0.316872	0.363078	-0.159345	1.13473
chr18-48800000-48900000	-0.336429	0.442311	-0.42074	1.19439
chr18-37100000-37200000	-0.122819	0.461532	-0.452957	1.43946
chr18-64200000-64300000	-0.520096	-0.039229	-0.140509	1.16163
chr18-37200000-37300000	0.0925	0.322755	-0.240735	1.44311
chr18-38200000-38300000	-0.085826	0.36999	-0.37913	1.28611
chr18-38700000-38800000	0.059696	0.259502	-0.367149	1.44731
chr18-38900000-39000000	-0.213414	0.21779	-0.559438	1.6108
chr18-3900000-4000000	0.061439	-0.12338	-0.15976	1.804
chr18-55400000-55500000	0.036023	0.1306	0.074794	3.76171
chr18-39200000-39300000	0.113998	0.135315	-0.192822	1.21434
chr18-39600000-39700000	-0.001087	0.439045	-0.141193	1.70098
chr18-40700000-40800000	-0.220112	0.244577	-0.212893	1.27731
chr18-39800000-39900000	0.047469	0.332733	-0.375175	1.23703
chr18-66700000-66800000	-0.588468	0.358847	-0.237225	1.22242
chr18-5500000-5600000	-0.347818	-0.223701	-0.353557	2.27072
chr18-40800000-40900000	-0.193112	0.490248	-0.416082	1.25532
chr18-7700000-7800000	0.077849	-0.334623	-0.068931	1.95995
chr18-4900000-5000000	-0.233249	-0.34126	-0.384333	1.2407
chr18-40900000-41000000	-0.238972	0.217268	-0.232336	1.10568
chr18-41100000-41200000	-0.241286	0.287055	-0.522002	1.34517
chr18-43600000-43700000	0.243544	0.209072	0.036419	4.60075
chr18-65600000-65700000	-0.236788	0.281227	-0.146923	1.58501
chr18-43400000-43500000	0.171687	0.220394	-0.09789	4.55794
chr18-41400000-41500000	-0.209538	0.194007	-0.218999	1.11098
chr18-41600000-41700000	-0.209893	0.16152	-0.227669	1.15769
chr18-67300000-67400000	-0.170329	0.442932	-0.050455	1.32401
chr18-41900000-42000000	0.033948	0.441687	-0.036803	1.09542
chr18-42000000-42100000	-0.096712	0.526011	-0.316627	1.07485
chr18-71200000-71300000	-0.15597	0.471229	-0.025314	1.5991
chr18-42100000-42200000	0.027679	0.331422	-0.10303	1.31527
chr18-42300000-42400000	0.073815	0.272501	-0.10906	1.63197
chr18-42400000-42500000	0.048574	0.328251	-0.413853	1.45164
chr18-42900000-43000000	-0.176963	0.331954	-0.169858	1.17494
chr18-43700000-43800000	0.134302	0.459005	-0.149296	3.30429
chr18-43900000-44000000	0.061747	0.373458	-0.039335	1.43582
chr18-56700000-56800000	-0.123504	0.387704	0.032309	1.80442
chr18-4400000-4500000	-0.13765	-0.369826	-0.367236	1.14637
chr18-44300000-44400000	-0.24925	0.539704	-0.434564	1.59571
chr18-77000000-77100000	-0.529025	0.273847	-0.405242	2.05441
chr18-44400000-44500000	-0.199247	0.543627	-0.140128	2.53693
chr18-44600000-44700000	-0.160583	0.481463	-0.24595	3.42115
chr18-44700000-44800000	-0.169814	0.171591	-0.225914	2.63959
chr18-44900000-45000000	0.030142	0.448725	-0.124195	1.2351
chr18-49700000-49800000	-0.218217	0.368494	-0.21019	1.10134
chr18-45100000-45200000	-0.128296	0.509636	-0.383739	1.19673
chr18-72100000-72200000	-0.413953	0.378926	0.024998	3.0792
chr18-58400000-58500000	-0.498663	0.351393	-0.178377	1.27449
chr18-52600000-52700000	-0.196953	0.177336	-0.212289	2.82464
chr18-49600000-49700000	-0.300223	0.283319	0.086229	1.08934
chr18-63400000-63500000	-0.364575	0.375076	-0.452315	1.10556
chr18-63800000-63900000	-0.501807	0.105323	-0.449691	1.16161
chr18-45200000-45300000	-0.086466	0.446637	-0.082102	1.39532
chr18-56800000-56900000	-0.076393	0.091486	0.073547	2.01546
chr18-50600000-50700000	-0.484217	0.073695	-0.079856	1.14213
chr18-45500000-45600000	-0.199779	0.199735	-0.208594	1.5148
chr18-72600000-72700000	-0.270844	0.306672	-0.153663	2.22667
chr18-45900000-46000000	-0.155531	0.142303	-0.22371	1.85804
chr18-46000000-46100000	0.009257	0.152044	0.072733	5.43244
chr18-51700000-51800000	-0.17788	0.28324	0.104207	3.93734
chr18-46200000-46300000	-0.057951	0.179051	0.125434	5.06753
chr18-66000000-66100000	-0.317872	0.151869	0.144408	2.01578
chr18-51300000-51400000	-0.335757	0.402397	0.02496	1.20513
chr18-46300000-46400000	0.121408	0.144818	-0.127388	5.46922
chr18-46700000-46800000	0.03289	0.448991	-0.063186	1.82235
chr18-46900000-47000000	-0.046037	0.062963	-0.19337	2.75864
chr18-54000000-54100000	-0.067321	0.377329	0.044098	1.51845
chr18-47000000-47100000	0.132616	0.321927	-0.296403	3.13133
chr18-74200000-74300000	-0.544971	0.342428	-0.060964	3.99027
chr18-47200000-47300000	-0.061495	0.190621	0.115509	2.62784
chr18-72700000-72800000	-0.344022	0.293337	0.151688	2.79192
chr18-47300000-47400000	-0.18069	0.164247	-0.178924	3.36757
chr18-47500000-47600000	-0.186829	0.242711	-0.244572	1.60909
chr18-47900000-48000000	-0.287005	0.39445	-0.279324	1.85301
chr18-48300000-48400000	-0.175094	0.54831	-0.261009	1.46744
chr18-9500000-9600000	-0.154536	-0.452623	0.039035	3.51802
chr18-48500000-48600000	-0.136083	0.156097	0.111671	2.97589
chr18-48700000-48800000	-0.237019	0.224791	-0.204192	4.0418
chr18-60000000-60100000	-0.214996	0.208213	0.16779	1.52991
chr18-48900000-49000000	-0.216532	0.430128	-0.125434	1.21303
chr18-49100000-49200000	-0.228578	0.213645	-0.216348	1.17476
chr18-50400000-50500000	-0.353512	0.28507	-0.536803	1.12223
chr18-67000000-67100000	-0.55366	0.046652	-0.341981	1.59432
chr18-9900000-10000000	0.241066	-0.245571	-0.116826	3.20438
chr18-50900000-51000000	-0.233084	0.196469	-0.223825	1.19097
chr18-5100000-5200000	-0.396744	-0.335151	-0.378964	1.12176
chr18-51000000-51100000	-0.477823	0.346592	-0.370529	1.14518
chr18-66200000-66300000	-0.248296	0.206886	-0.20238	1.77004
chr18-51600000-51700000	-0.234075	0.225855	-0.20888	1.72741
chr18-51900000-52000000	-0.417262	0.039057	0.042301	1.25064
chr18-52100000-52200000	-0.566462	0.375221	0.400329	0
chr18-52300000-52400000	-0.16163	0.490318	-0.017117	1.43396
chr18-52500000-52600000	0.018714	0.10711	0.0063	1.86611
chr18-52900000-53000000	-0.043227	0.003402	0.039995	1.92897
chr18-57400000-57500000	0.046158	0.259384	0.100077	2.76224
chr18-53000000-53100000	-0.330184	-0.104713	-0.050316	1.95588
chr18-53500000-53600000	0.050443	0.326995	0.023247	1.63001
chr18-53900000-54000000	0.054323	0.093856	0.018458	1.47703
chr18-5800000-5900000	-0.391081	-0.309982	0.033336	1.95772
chr18-54200000-54300000	-0.035799	0.11876	0.068418	1.72644
chr18-54500000-54600000	-0.263949	0.278299	-0.205365	1.57611
chr18-67400000-67500000	-0.264551	0.155565	-0.136334	1.74687
chr18-55200000-55300000	-0.043933	0.462006	0.040295	3.9526
chr18-55700000-55800000	-0.119889	0.035159	0.062281	2.13359
chr18-55900000-56000000	0.045847	0.371585	0.152525	2.28904
chr18-56100000-56200000	-0.014314	0.371763	0.101442	2.55601
chr18-56200000-56300000	-0.105604	0.117708	0.244123	2.90002
chr18-76800000-76900000	-0.487729	0.07496	-0.425556	2.95224
chr18-56300000-56400000	0.082448	0.269395	0.125525	2.57594
chr18-70600000-70700000	-0.561381	0.05225	-0.160001	1.24382
chr18-56900000-57000000	-0.355618	0.212595	0.13561	1.44871
chr18-57600000-57700000	-0.444588	0.037797	0.052578	1.82823
chr18-77100000-77200000	-0.437279	0.536724	-0.227413	2.19888
chr18-57900000-58000000	-0.491028	0.117778	0.012558	1.39559
chr18-58700000-58800000	-0.508595	0.043397	-0.053507	1.11195
chr18-58900000-59000000	-0.490677	0.168423	-0.019089	1.35259
chr18-5900000-6000000	-0.086435	-0.201547	0.08799	1.4927
chr18-59000000-59100000	-0.393654	0.433489	-0.178788	1.57863
chr18-59300000-59400000	-0.413553	0.1877	0.150287	1.99076
chr18-68500000-68600000	-0.579419	0.114934	-0.159192	1.11129
chr18-59600000-59700000	-0.490357	-0.00942	-0.06173	3.41927
chr18-59700000-59800000	-0.468764	0.252227	0.091482	1.50758
chr18-59800000-59900000	-0.141139	0.185605	0.145967	3.83095
chr18-60300000-60400000	-0.254198	0.597901	-0.012098	2.11939
chr18-71600000-71700000	-0.37448	0.215052	-0.356961	2.84918
chr18-60400000-60500000	-0.372722	0.344248	0.14624	2.03314
chr18-60600000-60700000	-0.428901	0.063303	0.026142	1.5374
chr18-66300000-66400000	-0.241346	0.277981	0.129208	3.1086
chr18-60800000-60900000	-0.138337	0.395146	0.102575	1.50306
chr18-60900000-61000000	-0.337657	0.181271	0.12547	1.94757
chr18-61000000-61100000	-0.459046	-0.024875	-0.094382	3.93598
chr18-61200000-61300000	-0.399714	0.048435	0.034456	1.44321
chr18-61500000-61600000	-0.11936	0.103096	-0.095189	2.46446
chr18-61600000-61700000	-0.417772	0.002423	-0.020394	3.72202
chr18-61900000-62000000	-0.525337	0.132796	-0.053495	1.23754
chr18-6200000-6300000	-0.282597	-0.231919	-0.185655	1.53365
chr18-62000000-62100000	-0.476588	0.018814	-0.345018	1.06217
chr18-75200000-75300000	-0.523369	0.072184	-0.038509	1.21367
chr18-62800000-62900000	-0.525992	0.404702	-0.149807	1.14997
chr18-62900000-63000000	-0.542956	0.163127	-0.361654	1.28456
chr18-63500000-63600000	-0.253602	0.202058	-0.198569	1.10234
chr18-72300000-72400000	-0.397874	0.60247	-0.104997	2.20765
chr18-63900000-64000000	-0.545246	0.294528	-0.184081	1.06698
chr18-64000000-64100000	-0.446765	0.335953	-0.483914	1.17021
chr18-64300000-64400000	-0.553619	0.200073	-0.363365	1.15533
chr18-64700000-64800000	-0.550222	0.323701	-0.38613	1.30349
chr18-64900000-65000000	-0.410827	-0.012937	0.0007	1.72314
chr18-65900000-66000000	-0.536513	0.307023	-0.005905	1.52196
chr18-66600000-66700000	-0.320452	0.511095	-0.334693	1.30773
chr18-66800000-66900000	-0.497715	0.062083	-0.337501	1.25327
chr18-66900000-67000000	-0.577556	0.311452	-0.163493	1.26665
chr18-67500000-67600000	-0.467432	0.318072	-0.305299	1.88026
chr18-67600000-67700000	-0.481543	0.403197	-0.000159	2.07254
chr18-67700000-67800000	-0.57494	0.093717	-0.04651	2.08135
chr18-67900000-68000000	-0.504845	-0.01769	-0.034684	3.36467
chr18-68100000-68200000	-0.57582	0.013328	-0.172193	1.73886
chr18-77600000-77700000	0.040174	0.429909	-0.016448	2.6849
chr18-68700000-68800000	-0.417924	0.01884	-0.295469	1.23904
chr18-68900000-69000000	-0.523121	0.022717	-0.426318	1.0895
chr18-6900000-7000000	-0.111194	-0.426325	-0.190216	1.8053
chr18-69300000-69400000	-0.60019	0.113141	-0.378123	1.15389
chr18-69500000-69600000	-0.510536	0.11149	-0.405452	1.21097
chr18-69800000-69900000	-0.585148	0.139867	-0.385046	1.24581
chr18-69900000-70000000	-0.425609	0.417676	-0.433121	1.16508
chr18-70000000-70100000	-0.251944	0.266249	-0.203545	1.13094
chr18-70100000-70200000	-0.526349	0.418955	-0.254887	1.25235
chr18-76700000-76800000	-0.578797	0.059373	-0.111178	1.28956
chr18-70300000-70400000	-0.453496	0.437477	-0.354906	1.26743
chr18-70900000-71000000	-0.453679	0.026044	-0.107697	1.46874
chr18-7100000-7200000	-0.036196	-0.409287	-0.266324	1.93399
chr18-71000000-71100000	-0.580131	0.3162	-0.124163	1.78708
chr18-71300000-71400000	-0.228705	0.19433	0.106164	3.77006
chr18-71400000-71500000	-0.197777	0.157655	-0.187911	1.86869
chr18-71800000-71900000	-0.522191	0.076712	-0.173771	2.92228
chr18-71900000-72000000	-0.365442	0.067977	0.085633	3.0421
chr18-72200000-72300000	-0.603749	0.367708	-0.242136	4.43308
chr18-76200000-76300000	-0.517388	0.442984	-0.323555	1.29239
chr18-72400000-72500000	-0.521616	0.31703	-0.064375	2.04467
chr18-72900000-73000000	-0.435211	0.553904	-0.153469	3.63931
chr18-73000000-73100000	-0.487971	0.368484	0.09739	1.56611
chr18-73200000-73300000	-0.429592	0.189743	0.017039	2.02512
chr18-73400000-73500000	-0.599119	0.386066	-0.12699	1.29056
chr18-75500000-75600000	-0.260829	0.506662	-0.25007	1.25818
chr18-73900000-74000000	-0.293705	0.431943	0.033977	1.4753
chr18-74100000-74200000	-0.308075	0.452205	0.074488	4.56229
chr18-74300000-74400000	-0.402694	0.59911	-0.033908	2.07398
chr18-74800000-74900000	-0.241408	0.494518	0.025293	3.28213
chr18-74900000-75000000	-0.278628	0.577016	-0.27618	2.17856
chr18-75600000-75700000	-0.520024	0.353085	-0.336236	1.22165
chr18-75900000-76000000	-0.269461	0.17753	-0.238824	1.29183
chr18-7600000-7700000	-0.111416	-0.291394	-0.287378	2.18413
chr18-76000000-76100000	-0.493128	0.336722	-0.364676	1.27893
chr18-76100000-76200000	-0.628874	0.256335	-0.09878	1.2367
chr18-76400000-76500000	-0.359942	0.499847	-0.432804	1.16396
chr18-76500000-76600000	-0.617171	0.390841	-0.315654	1.24439
chr18-76900000-77000000	-0.590181	0.09064	-0.153275	2.01645
chr18-77400000-77500000	-0.447957	0.675593	-0.012985	3.73797
chr18-77700000-77800000	-0.22312	0.43399	0.111241	5.384
chr18-77900000-78000000	-0.541712	0.349486	0.184995	3.04391
chr18-7900000-8000000	0.108868	-0.191964	-0.141373	2.49656
chr18-8300000-8400000	0.095535	-0.314792	-0.171935	2.30234
chr18-8500000-8600000	0.081425	-0.2518	-0.050978	1.25054
chr18-8800000-8900000	-0.077148	-0.398415	0.097831	4.03946
chr18-8900000-9000000	0.126723	-0.307983	-0.038001	3.59633
chr18-900000-1000000	-0.142159	-0.271187	-0.195699	1.35442
chr18-9800000-9900000	0.047292	-0.459411	-0.216933	2.34084
