chr19-21400000-21500000	0.073886	-0.013444	-0.206299	1.41871
chr19-1000000-1100000	0.108354	0.030375	0.303146	5.96359
chr19-58700000-58800000	-0.073199	-0.10683	-0.022093	5.13278
chr19-41300000-41400000	-0.228967	0.140867	0.219873	5.36098
chr19-14700000-14800000	0.036592	0.057912	-0.188329	1.23432
chr19-58600000-58700000	-0.154004	-0.195169	-0.056136	6.01153
chr19-56600000-56700000	-0.109189	-0.025776	-0.138195	5.23299
chr19-49700000-49800000	-0.021901	-0.084764	0.107683	2.33581
chr19-10700000-10800000	0.211004	0.004431	0.0945	6.04327
chr19-29900000-30000000	-0.203307	0.066554	-0.212055	1.28196
chr19-38200000-38300000	-0.176537	0.04284	0.003779	3.8897
chr19-32000000-32100000	-0.102606	0.139143	-0.200315	1.94708
chr19-10600000-10700000	0.191017	-0.038828	0.005093	5.73324
chr19-14000000-14100000	0.21252	0.089464	0.031456	4.13887
chr19-12400000-12500000	0.140851	-0.161775	-0.041407	3.97061
chr19-38000000-38100000	-0.075084	0.077056	-0.074198	2.54558
chr19-10500000-10600000	0.297845	-0.069263	-0.00806	4.77662
chr19-29700000-29800000	-0.213627	0.090566	-0.163715	2.22099
chr19-12300000-12400000	0.154587	-0.081029	-0.086837	1.44661
chr19-38800000-38900000	-0.051936	0.097918	0.073089	5.5093
chr19-10200000-10300000	0.201403	-0.01614	-0.025864	5.48262
chr19-36400000-36500000	-0.032377	0.084333	0.078492	3.58795
chr19-30800000-30900000	-0.121618	0.061139	-0.129969	1.22121
chr19-14600000-14700000	0.121884	0.038208	-0.115971	6.52228
chr19-54200000-54300000	-0.356344	-0.115899	-0.105736	1.23192
chr19-14400000-14500000	0.275423	0.116824	0.022173	2.75025
chr19-47200000-47300000	-0.0014	-0.046743	0.204185	6.09062
chr19-16200000-16300000	0.146831	0.172949	-0.052782	4.54721
chr19-12700000-12800000	0.2835	0.051854	-0.009385	5.94041
chr19-50700000-50800000	-0.232015	0.004309	0.055325	1.25733
chr19-4800000-4900000	0.137817	-0.077343	0.156108	5.41132
chr19-10400000-10500000	0.168811	-0.014379	0.041066	6.62602
chr19-58200000-58300000	-0.011746	-0.185587	-0.048165	4.46601
chr19-41800000-41900000	-0.190853	0.130323	0.119457	5.87149
chr19-3800000-3900000	0.139996	-0.081469	0.101224	1.44372
chr19-10000000-10100000	0.124809	-0.012552	-0.044632	1.76342
chr19-14500000-14600000	0.175546	0.142125	-0.043683	5.39913
chr19-1600000-1700000	0.059769	0.032967	0.231769	5.74068
chr19-14200000-14300000	0.157585	0.185796	-0.015309	4.67743
chr19-56800000-56900000	-0.174627	-0.142525	-0.065692	4.1125
chr19-43500000-43600000	-0.335171	0.119898	0.229028	2.49404
chr19-21600000-21700000	0.022121	-0.02926	-0.294689	2.32597
chr19-18600000-18700000	0.121947	0.117315	0.056208	6.50575
chr19-16400000-16500000	0.114266	0.160149	-0.04856	4.06292
chr19-52200000-52300000	-0.237386	-0.12125	-0.104776	2.95849
chr19-4200000-4300000	0.215385	0.017709	0.256259	3.03073
chr19-10300000-10400000	0.143499	-0.123068	-0.013108	5.36476
chr19-12800000-12900000	0.202384	0.036149	0.097741	8.20115
chr19-45800000-45900000	-0.023618	0.025863	0.24295	3.67266
chr19-21300000-21400000	0.038407	0.026745	-0.316879	1.73623
chr19-34800000-34900000	-0.072006	0.068388	-0.011741	5.32722
chr19-12000000-12100000	0.239529	-0.175412	-0.000845	3.47672
chr19-12600000-12700000	0.243855	-0.014417	-0.110497	3.40832
chr19-47100000-47200000	-0.077898	0.000127	0.221458	4.98776
chr19-12100000-12200000	0.186287	-0.137156	0.064026	3.16319
chr19-29300000-29400000	-0.089277	0.025642	-0.13643	1.37911
chr19-10100000-10200000	0.160483	-0.107152	-0.09238	2.4787
chr19-1200000-1300000	0.102833	0.050245	0.259086	10.6659
chr19-45400000-45500000	-0.034529	0.066265	0.205323	4.78599
chr19-34000000-34100000	-0.178968	0.17804	-0.062661	2.70881
chr19-18300000-18400000	0.126083	0.110263	0.086908	5.4587
chr19-14800000-14900000	0.01203	-0.029757	-0.121548	2.67201
chr19-45000000-45100000	-0.177022	0.011598	0.190356	2.90302
chr19-41400000-41500000	-0.275423	0.170458	0.087541	1.11603
chr19-16000000-16100000	0.091001	-0.010622	-0.165328	1.13367
chr19-12500000-12600000	0.227151	-0.063107	-0.095774	2.72267
chr19-30400000-30500000	-0.230988	0.102137	-0.186169	2.26519
chr19-14300000-14400000	0.274041	0.226748	0.016771	1.52732
chr19-58400000-58500000	-0.099426	-0.154556	0.024107	3.43648
chr19-12200000-12300000	0.075241	-0.117073	-0.010745	3.61259
chr19-23000000-23100000	-0.053702	0.008406	-0.282488	1.09467
chr19-19900000-20000000	0.087576	0.088424	-0.29748	3.58705
chr19-50200000-50300000	-0.124477	-0.052707	0.121448	4.42734
chr19-10800000-10900000	0.127507	0.083975	0.062169	4.90939
chr19-57900000-58000000	-0.195638	-0.122525	-0.083247	4.29656
chr19-10900000-11000000	0.130299	-0.041276	0.048989	8.34906
chr19-33700000-33800000	-0.084738	0.220959	-0.114656	1.62628
chr19-17200000-17300000	0.119105	0.140455	0.112027	5.8185
chr19-13800000-13900000	0.219254	0.076033	-0.085647	6.06464
chr19-1100000-1200000	0.212803	0.019253	0.275696	8.46237
chr19-48300000-48400000	-0.227388	-0.157319	0.239843	1.38807
chr19-39300000-39400000	-0.056772	0.178266	0.103496	5.04875
chr19-15600000-15700000	0.119435	0.072782	-0.113656	1.56783
chr19-42600000-42700000	-0.04296	0.045805	0.049474	4.91054
chr19-42200000-42300000	-0.270283	0.040731	0.047416	1.15883
chr19-35200000-35300000	-0.216083	0.183118	-0.149566	4.1526
chr19-28400000-28500000	-0.1988	-0.034413	-0.215196	1.35675
chr19-13100000-13200000	0.231138	0.085426	-0.058634	8.28389
chr19-20000000-20100000	0.077415	0.195669	-0.251324	2.0833
chr19-11000000-11100000	0.1296	-0.138109	0.004598	6.41708
chr19-19800000-19900000	0.034327	0.11206	-0.221094	2.78519
chr19-3700000-3800000	0.186519	0.00158	0.102482	3.46224
chr19-11100000-11200000	0.092408	-0.089606	0.076385	5.01629
chr19-55600000-55700000	-0.129992	-0.007871	0.064481	4.95208
chr19-4700000-4800000	0.136279	0.020361	0.191121	7.75094
chr19-11200000-11300000	0.159454	-0.143812	0.008628	6.93288
chr19-44000000-44100000	-0.177441	0.014857	0.262147	5.86819
chr19-11300000-11400000	0.161142	-0.195545	0.101273	5.18392
chr19-15100000-15200000	0.123543	0.089236	-0.14654	1.14336
chr19-400000-500000	0.121708	0.170203	0.224222	3.35169
chr19-9100000-9200000	0.066769	-0.135296	-0.254711	1.2614
chr19-1500000-1600000	0.138665	0.084298	0.18951	5.72688
chr19-20500000-20600000	0.041201	0.195894	-0.372776	1.25105
chr19-9700000-9800000	0.120586	-0.152848	-0.11741	3.95397
chr19-13000000-13100000	0.301052	-0.016495	-0.021392	6.46857
chr19-6500000-6600000	0.104417	-0.088865	-0.231318	2.41825
chr19-57200000-57300000	-0.063929	-0.095976	-0.128799	1.3021
chr19-37500000-37600000	-0.14046	0.041494	-0.04955	3.05016
chr19-51700000-51800000	-0.206159	-0.027853	-0.044001	1.18463
chr19-48400000-48500000	-0.155721	-0.171121	0.114075	1.35634
chr19-46500000-46600000	-0.20474	-0.099546	0.201277	1.79499
chr19-19300000-19400000	0.07411	0.16717	0.047773	5.3728
chr19-1300000-1400000	0.188456	0.080685	0.238315	4.64946
chr19-40200000-40300000	-0.197317	0.108607	-0.000256	1.23521
chr19-19400000-19500000	0.091907	0.223411	-0.047404	6.11669
chr19-15400000-15500000	0.115966	0.092293	-0.099633	5.49213
chr19-15800000-15900000	0.1218	0.05411	-0.232283	1.18665
chr19-20300000-20400000	0.097041	0.169981	-0.246608	1.73321
chr19-55000000-55100000	-0.137218	-0.187817	-0.128998	1.35099
chr19-11400000-11500000	0.10072	-0.083258	0.090665	4.89889
chr19-8300000-8400000	0.248731	-0.220734	-0.067219	4.31064
chr19-22400000-22500000	-0.074665	-0.061473	-0.359016	1.10588
chr19-15000000-15100000	0.030795	0.01783	-0.128735	1.11402
chr19-31200000-31300000	-0.06397	0.024129	-0.114465	1.27463
chr19-17700000-17800000	0.149575	0.194849	0.058044	2.08452
chr19-11800000-11900000	0.155126	0.014576	-0.048169	3.7841
chr19-22800000-22900000	-0.081068	-0.005098	-0.385395	1.33783
chr19-28200000-28300000	-0.13274	0.082918	-0.282942	3.03123
chr19-15300000-15400000	0.04613	0.112427	-0.030295	5.31384
chr19-6100000-6200000	0.14974	-0.127435	0.05403	2.70709
chr19-57800000-57900000	-0.063448	-0.12452	-0.080386	3.93521
chr19-13200000-13300000	0.275986	0.113892	0.039281	8.70675
chr19-46800000-46900000	-0.070366	-0.196984	0.208442	4.44183
chr19-33300000-33400000	-0.073537	0.147805	-0.13772	1.72425
chr19-2100000-2200000	0.131104	-0.100163	0.299949	5.90075
chr19-11500000-11600000	0.183545	-0.119297	0.037924	3.80772
chr19-39600000-39700000	-0.112768	0.114103	0.170729	4.47597
chr19-11600000-11700000	0.211404	0.015397	0.009785	5.32576
chr19-55300000-55400000	-0.178827	-0.054897	-0.125	1.12718
chr19-15700000-15800000	0.098237	0.150675	-0.224186	1.18619
chr19-24500000-24600000	-0.193828	-0.064412	-0.402566	1.10136
chr19-13600000-13700000	0.140751	0.081267	-0.019882	2.01655
chr19-37000000-37100000	-0.172066	0.184494	-0.016801	5.70773
chr19-11700000-11800000	0.200621	0.081901	-0.10744	2.74735
chr19-13900000-14000000	0.27453	-0.001527	0.007179	8.97093
chr19-11900000-12000000	0.195101	-0.090757	-0.075234	3.96832
chr19-12900000-13000000	0.189323	-0.032379	0.021479	5.17885
chr19-55200000-55300000	-0.306668	-0.05574	-0.134495	1.20822
chr19-13300000-13400000	0.196361	0.092694	0.016563	2.67664
chr19-44200000-44300000	-0.039939	0.140964	0.166725	4.72496
chr19-42300000-42400000	-0.171652	0.06426	0.113638	5.94459
chr19-55100000-55200000	-0.199882	-0.05604	-0.121454	1.27246
chr19-15500000-15600000	0.120058	-0.038299	-0.094778	5.24737
chr19-53000000-53100000	-0.202779	-0.23673	-0.162673	3.23439
chr19-13400000-13500000	0.205724	-0.001267	-0.057728	1.61219
chr19-48600000-48700000	-0.085599	-0.223439	0.116641	3.24057
chr19-35400000-35500000	-0.143725	-0.004049	-0.064091	5.43424
chr19-15200000-15300000	0.043695	-0.00119	-0.055913	4.97223
chr19-55800000-55900000	0.016953	-0.05675	0.020649	5.59238
chr19-53700000-53800000	-0.281236	-0.113432	-0.054608	3.55701
chr19-31800000-31900000	-0.157697	0.240285	-0.085167	4.52515
chr19-13500000-13600000	0.152687	-0.0257	-0.00723	1.99851
chr19-44600000-44700000	-0.128186	0.081378	0.114667	3.76577
chr19-31500000-31600000	-0.168211	0.113186	-0.145248	1.5306
chr19-13700000-13800000	0.205697	-0.012424	-0.039291	2.59682
chr19-1400000-1500000	0.186115	-0.010175	0.195775	6.11756
chr19-54500000-54600000	-0.298187	-0.065034	-0.031813	2.20235
chr19-52500000-52600000	-0.109379	-0.143901	-0.017953	4.70931
chr19-4400000-4500000	0.27734	-0.085035	0.151172	7.07274
chr19-21200000-21300000	0.115212	0.095567	-0.232846	2.2587
chr19-14100000-14200000	0.269839	0.147632	0.067741	5.21767
chr19-14900000-15000000	0.010392	0.024703	-0.225959	1.09261
chr19-51900000-52000000	-0.203465	0.046773	-0.00267	1.37418
chr19-15900000-16000000	0.039944	0.088187	-0.171033	3.29048
chr19-16100000-16200000	0.093321	0.109786	-0.113647	5.04081
chr19-45300000-45400000	-0.124429	0.073851	0.271865	5.97803
chr19-16300000-16400000	0.117535	0.054744	-0.020157	4.65474
chr19-54000000-54100000	-0.133627	-0.184109	-0.116114	4.03167
chr19-4000000-4100000	0.135066	-0.047623	0.18122	6.8879
chr19-16500000-16600000	0.069039	0.122907	0.02509	3.66417
chr19-43600000-43700000	-0.418699	0.097546	0.139734	2.13019
chr19-16600000-16700000	0.116981	0.025587	0.055422	5.87119
chr19-39900000-40000000	-0.178408	0.108073	0.157451	7.03602
chr19-16700000-16800000	0.151865	0.107006	-0.016231	4.19619
chr19-29200000-29300000	-0.190682	0.070467	-0.179314	1.31411
chr19-16800000-16900000	0.193093	0.096038	0.08299	1.39679
chr19-16900000-17000000	0.197937	0.150173	-0.006757	4.38019
chr19-5100000-5200000	0.225021	-0.116976	0.081976	5.70045
chr19-20200000-20300000	0.006176	0.214633	-0.253689	2.27971
chr19-1700000-1800000	0.077966	-0.00774	0.174287	1.823
chr19-46400000-46500000	-0.083268	-0.069531	0.21219	2.69572
chr19-22600000-22700000	-0.057419	-0.004534	-0.329166	1.17309
chr19-17000000-17100000	0.273316	0.084943	0.035121	2.52225
chr19-7300000-7400000	0.136016	-0.27867	-0.168956	1.37443
chr19-28100000-28200000	-0.276939	0.092213	-0.277096	1.12817
chr19-39100000-39200000	-0.012944	0.213301	0.021184	7.59264
chr19-39000000-39100000	-0.023608	0.121214	0.096699	1.88241
chr19-31100000-31200000	0	0	0	1.32778
chr19-28700000-28800000	-0.116614	-0.015464	-0.123069	1.42387
chr19-17100000-17200000	0.181172	0.158533	0.018286	4.80844
chr19-19000000-19100000	0.171167	0.076705	0.018804	5.37103
chr19-17300000-17400000	0.207471	0.235903	0.067705	7.28837
chr19-17400000-17500000	0.239577	0.154224	-0.014914	6.30959
chr19-8100000-8200000	0.142068	-0.039537	-0.133357	1.38243
chr19-31000000-31100000	-0.098461	0.003672	-0.084455	1.27679
chr19-20400000-20500000	0.040218	0.082647	-0.329362	1.12051
chr19-17500000-17600000	0.150238	0.21617	0.001467	4.40857
chr19-17600000-17700000	0.214138	0.123434	-0.025664	6.04592
chr19-37700000-37800000	-0.157705	0.263659	0.025598	5.45106
chr19-3100000-3200000	0.117975	-0.065693	0.174486	6.22453
chr19-22500000-22600000	0.052766	-0.035959	-0.337685	1.17375
chr19-17800000-17900000	0.100472	0.11645	0.046194	3.5307
chr19-17900000-18000000	0.208359	0.138565	0.092197	3.62929
chr19-43700000-43800000	-0.391485	0.02328	0.212908	2.28134
chr19-29800000-29900000	-0.099456	0.045988	-0.172271	1.22556
chr19-1800000-1900000	0.113434	0.035883	0.293315	8.548
chr19-50400000-50500000	-0.149485	0.014694	0.070097	3.81083
chr19-49000000-49100000	-0.082721	-0.219732	0.222823	2.60673
chr19-36200000-36300000	-0.025672	0.096654	0.085761	6.95275
chr19-7400000-7500000	0.093585	-0.170432	-0.167358	2.79297
chr19-18000000-18100000	0.108726	0.208967	0.098361	2.85083
chr19-54300000-54400000	-0.277612	-0.074888	-0.038845	4.16535
chr19-43200000-43300000	-0.344415	0.150682	0.174797	1.5569
chr19-34200000-34300000	-0.176584	0.107877	-0.161681	2.45695
chr19-23500000-23600000	0.049466	0.139168	-0.24384	2.51467
chr19-8600000-8700000	0.08144	-0.242354	-0.076349	4.87909
chr19-32200000-32300000	-0.243153	0.123468	-0.137267	1.21107
chr19-18100000-18200000	0.12106	0.159527	0.215598	4.18505
chr19-52300000-52400000	-0.262151	-0.003004	-0.085837	2.44688
chr19-18200000-18300000	0.165062	0.182516	0.11022	5.63164
chr19-18400000-18500000	0.208015	0.141084	0.145316	8.12269
chr19-18500000-18600000	0.141721	0.044492	0.138574	7.07314
chr19-47500000-47600000	-0.061946	-0.10602	0.281034	4.03807
chr19-18700000-18800000	0.078242	0.136345	0.171381	4.91649
chr19-38600000-38700000	-0.091425	0.218434	0.123004	4.7895
chr19-18800000-18900000	0.14256	0.147811	0.058502	3.15366
chr19-18900000-19000000	0.122643	0.057157	0.110324	4.06822
chr19-1900000-2000000	0.042488	-0.037732	0.265736	6.06311
chr19-500000-600000	0.047299	0.111649	0.267301	6.66137
chr19-37300000-37400000	-0.022316	0.261486	-0.016494	7.09901
chr19-19100000-19200000	0.055214	0.011386	0.062087	4.85386
chr19-39500000-39600000	-0.052455	0.148729	0.07691	2.15146
chr19-31600000-31700000	-0.118744	0.188891	-0.060817	3.64464
chr19-19200000-19300000	0.092676	0.058831	-0.029265	3.89683
chr19-55500000-55600000	-0.191842	-0.004605	-0.066705	2.41698
chr19-53200000-53300000	-0.218119	-0.282687	-0.105596	2.56555
chr19-40400000-40500000	-0.206419	0.081544	0.051716	3.31061
chr19-19500000-19600000	0.158044	0.134861	-0.043215	5.69791
chr19-37100000-37200000	-0.158342	0.079412	0.004113	4.60915
chr19-19600000-19700000	0.063875	0.18751	-0.098027	5.25608
chr19-44500000-44600000	-0.135806	0.141039	0.196671	4.46755
chr19-24600000-24700000	-0.195029	-0.069141	-0.404169	1.96667
chr19-19700000-19800000	0.111265	0.227883	-0.153735	5.33122
chr19-200000-300000	0.11158	0.130675	0.344426	2.84819
chr19-2000000-2100000	0.143434	0.005095	0.267033	8.33488
chr19-20100000-20200000	0.022652	0.107534	-0.22717	3.11182
chr19-48000000-48100000	-0.111009	-0.09824	0.263159	3.81
chr19-20600000-20700000	0.040503	0.164956	-0.319839	2.45807
chr19-46300000-46400000	-0.142642	-0.101785	0.291509	5.12817
chr19-39800000-39900000	-0.228367	0.094087	0.048003	7.20737
chr19-20700000-20800000	0.11621	0.076054	-0.250807	1.87272
chr19-35500000-35600000	-0.050195	0.075574	-0.042222	2.77114
chr19-51200000-51300000	-0.246873	-0.111162	-0.044789	4.88491
chr19-28000000-28100000	-0.265097	0.050433	-0.2118	1.01623
chr19-20800000-20900000	-0.00239	0.093676	-0.267083	2.35311
chr19-20900000-21000000	0.126647	0.149804	-0.268762	1.88721
chr19-41200000-41300000	-0.102036	0.11718	0.204604	6.1086
chr19-21000000-21100000	0.031261	0.086639	-0.333285	1.18491
chr19-27700000-27800000	-0.237024	-0.047498	-0.292467	4.39753
chr19-21100000-21200000	0.069178	-0.013864	-0.2645	1.92546
chr19-38300000-38400000	-0.147201	0.167675	0.020398	3.42666
chr19-29100000-29200000	-0.090271	0.100387	-0.20413	1.22479
chr19-21500000-21600000	0.126951	0.043455	-0.312455	2.41238
chr19-34600000-34700000	-0.16697	0.133957	-0.003852	4.46548
chr19-21700000-21800000	0.120921	0.010253	-0.233851	1.80583
chr19-7000000-7100000	0.073233	-0.181165	-0.203856	5.87473
chr19-41100000-41200000	-0.07577	0.117852	0.074949	5.9987
chr19-21800000-21900000	0.060436	0.109087	-0.302671	1.1579
chr19-21900000-22000000	-0.030171	0.025503	-0.284771	1.9178
chr19-2200000-2300000	0.114085	-0.064781	0.220927	7.59729
chr19-51800000-51900000	-0.311696	0.033545	-0.042102	4.89283
chr19-2300000-2400000	0.124087	-0.041007	0.341781	4.10776
chr19-22000000-22100000	0.051271	-0.035118	-0.338401	3.15157
chr19-22100000-22200000	0.014399	0.073216	-0.305217	1.09189
chr19-22200000-22300000	-0.086872	-0.000714	-0.3386	1.46745
chr19-22300000-22400000	0.005762	-0.009289	-0.331792	1.13079
chr19-44700000-44800000	-0.19097	0.013167	0.16901	3.42082
chr19-44300000-44400000	-0.086568	0.032044	0.139807	3.31773
chr19-22700000-22800000	-0.050302	-0.119352	-0.299279	1.12824
chr19-35700000-35800000	-0.107196	0.086908	-0.003369	3.66409
chr19-22900000-23000000	0.016863	0.080152	-0.33456	1.27609
chr19-32800000-32900000	-0.219191	0.167753	-0.147287	4.12661
chr19-23100000-23200000	-0.012619	0.066007	-0.361706	1.09063
chr19-29400000-29500000	-0.058598	0.131787	-0.180546	1.88118
chr19-23200000-23300000	0.066031	0.113055	-0.286048	1.71277
chr19-6800000-6900000	0.063569	-0.169256	-0.08563	1.875
chr19-7600000-7700000	0.05033	-0.017451	-0.06615	4.24645
chr19-5400000-5500000	0.16629	-0.18753	0.131	2.35228
chr19-47300000-47400000	-0.019104	-0.128582	0.256378	4.46086
chr19-45600000-45700000	-0.155136	-0.018793	0.22732	5.25648
chr19-29500000-29600000	-0.065901	0.011687	-0.149042	1.3899
chr19-36700000-36800000	-0.160107	0.265774	0.043424	4.65383
chr19-23300000-23400000	-0.039647	0.123576	-0.226117	1.47371
chr19-52600000-52700000	-0.218968	-0.150065	0.035921	5.40585
chr19-23400000-23500000	-0.029255	0.096226	-0.341377	1.91733
chr19-8000000-8100000	0.123707	-0.019967	-0.002191	3.99594
chr19-38700000-38800000	0.000181	0.181329	0.011154	4.08254
chr19-23600000-23700000	-0.046199	0.071904	-0.304322	1.25052
chr19-6400000-6500000	0.166324	-0.061245	-0.106993	3.79794
chr19-45100000-45200000	-0.177463	-0.08586	0.232127	4.14407
chr19-23700000-23800000	-0.015644	-0.024464	-0.30081	2.30962
chr19-54100000-54200000	-0.224061	-0.088628	-0.099409	1.30308
chr19-52800000-52900000	-0.237186	-0.159707	-0.061201	3.68034
chr19-32600000-32700000	-0.183881	0.085069	-0.118855	1.19509
chr19-3000000-3100000	0.143878	0.042712	0.230947	5.13186
chr19-23800000-23900000	-0.06851	-0.119175	-0.299531	2.05126
chr19-5200000-5300000	0.139414	-0.168845	0.120499	2.88325
chr19-23900000-24000000	-0.010266	-0.012676	-0.339817	2.24989
chr19-2400000-2500000	0.178029	-0.138741	0.324927	5.8658
chr19-24000000-24100000	-0.089324	0.075975	-0.325328	1.79612
chr19-3500000-3600000	0.147847	-0.151554	0.185309	6.60295
chr19-24100000-24200000	-0.116811	-0.041861	-0.320665	1.56011
chr19-48500000-48600000	-0.145032	-0.119097	0.09568	2.08028
chr19-33100000-33200000	-0.21851	0.148025	-0.057037	4.23879
chr19-44800000-44900000	-0.167762	-0.019578	0.240216	2.73955
chr19-44100000-44200000	-0.060874	0.03452	0.216446	4.7495
chr19-42100000-42200000	-0.167444	0.049233	0.02539	1.21987
chr19-24200000-24300000	-0.023953	-0.124604	-0.282994	3.01214
chr19-24300000-24400000	-0.084573	-0.002191	-0.301934	1.34063
chr19-24400000-24500000	-0.169712	-0.008644	-0.342686	1.0317
chr19-2500000-2600000	0.176934	-0.047347	0.287097	5.50489
chr19-36300000-36400000	-0.005967	0.188661	0.016896	3.62329
chr19-2600000-2700000	0.099494	-0.027765	0.227694	2.5179
chr19-33800000-33900000	-0.190309	0.214981	-0.087616	3.35659
chr19-26100000-26200000	-0.193256	-0.06863	-0.399376	0
chr19-57500000-57600000	-0.231744	-0.099998	-0.127864	1.17034
chr19-2700000-2800000	0.096835	-0.02329	0.301213	4.64076
chr19-56400000-56500000	-0.121297	-0.046192	-0.141405	1.1844
chr19-52400000-52500000	-0.15631	-0.029046	-0.023226	4.16264
chr19-27800000-27900000	-0.133023	-0.040954	-0.261077	1.16272
chr19-56000000-56100000	-0.104112	-0.190497	-0.02421	5.00058
chr19-49800000-49900000	-0.082251	-0.016998	0.160263	3.33359
chr19-27900000-28000000	-0.241998	0.009753	-0.259183	1.03252
chr19-29000000-29100000	-0.194278	0.124525	-0.191498	1.17946
chr19-2800000-2900000	0.113045	-0.096173	0.204543	4.10167
chr19-9800000-9900000	0.084272	-0.173688	-0.204067	4.17435
chr19-28300000-28400000	-0.162882	-0.038768	-0.307729	1.35234
chr19-55700000-55800000	-0.100199	-0.113707	0.009862	5.23083
chr19-33600000-33700000	-0.18335	0.206875	-0.027212	3.08381
chr19-28500000-28600000	-0.170048	0.058136	-0.273178	1.41576
chr19-28600000-28700000	-0.153107	-0.056045	-0.237656	1.18833
chr19-28800000-28900000	-0.109638	0.065472	-0.212708	1.33062
chr19-28900000-29000000	-0.199696	0.015615	-0.215874	2.10454
chr19-2900000-3000000	0.146638	-0.036185	0.270373	4.08409
chr19-30200000-30300000	-0.108942	0.104848	-0.165824	3.1191
chr19-29600000-29700000	-0.158506	-0.01966	-0.204176	1.24547
chr19-39700000-39800000	-0.163009	0.200786	0.093476	1.33353
chr19-39400000-39500000	-0.034761	0.244868	0.195108	3.3933
chr19-300000-400000	0.162705	0.162269	0.292725	3.75862
chr19-30000000-30100000	-0.270094	0.147464	-0.13344	3.02681
chr19-7800000-7900000	0.093902	-0.110869	-0.033561	3.21146
chr19-30100000-30200000	-0.169694	0.195031	-0.195142	3.51982
chr19-49600000-49700000	-0.032519	-0.016848	0.214951	5.18885
chr19-30300000-30400000	-0.139864	0.014278	-0.166534	3.40588
chr19-49500000-49600000	-0.092291	-0.034102	0.255461	4.08871
chr19-30500000-30600000	-0.124142	0.11523	-0.139052	1.48111
chr19-56200000-56300000	-0.197125	-0.158027	-0.101206	3.91808
chr19-30600000-30700000	-0.242089	0.101626	-0.149633	1.23777
chr19-50800000-50900000	-0.257433	-0.007503	-0.07423	4.57297
chr19-30700000-30800000	-0.165611	0.099339	-0.232749	1.35131
chr19-30900000-31000000	-0.101799	-0.028401	-0.19636	1.20157
chr19-40300000-40400000	-0.148881	0.20376	0.051235	5.82147
chr19-31300000-31400000	-0.140332	-0.037249	-0.184426	1.20771
chr19-35600000-35700000	-0.118699	0.192564	-0.04712	3.3512
chr19-31400000-31500000	-0.227262	0.014372	-0.205176	1.2304
chr19-31700000-31800000	-0.062498	0.248394	-0.106168	3.31507
chr19-31900000-32000000	-0.060991	0.154841	-0.088102	1.36176
chr19-41500000-41600000	-0.183953	0.160742	0.078517	1.16174
chr19-38500000-38600000	0.016133	0.220453	0.065739	5.20071
chr19-3200000-3300000	0.081829	-0.149589	0.234646	2.70486
chr19-34700000-34800000	-0.057592	0.136734	-0.057779	4.08692
chr19-32100000-32200000	-0.143852	0.093176	-0.112157	1.43049
chr19-32300000-32400000	-0.146	0.133372	-0.165788	1.19379
chr19-32400000-32500000	-0.19743	0.054679	-0.180861	1.18066
chr19-32500000-32600000	-0.120079	0.134229	-0.200759	1.14705
chr19-36500000-36600000	-0.007246	0.165953	-0.032244	4.59847
chr19-32700000-32800000	-0.15766	0.100351	-0.245241	1.26546
chr19-32900000-33000000	-0.143232	0.152585	-0.137391	1.69968
chr19-57000000-57100000	-0.116875	-0.155775	-0.178059	6.61525
chr19-53400000-53500000	-0.226397	-0.153131	0.008276	3.92492
chr19-3300000-3400000	0.19798	-0.139667	0.21125	6.3827
chr19-33000000-33100000	-0.215331	0.237806	-0.158631	3.15024
chr19-33200000-33300000	-0.116288	0.231552	-0.109101	1.44672
chr19-33400000-33500000	-0.046069	0.259701	-0.164008	2.86045
chr19-33500000-33600000	-0.173538	0.256812	-0.122675	3.22622
chr19-33900000-34000000	-0.238348	0.087755	-0.118746	2.72918
chr19-3400000-3500000	0.178421	-0.119411	0.294776	6.34764
chr19-34100000-34200000	-0.272397	0.132905	-0.117333	1.25541
chr19-43000000-43100000	-0.192466	0.137594	0.177101	1.18912
chr19-41600000-41700000	-0.224206	0.192824	0.170411	2.43226
chr19-34300000-34400000	-0.075777	0.173956	-0.122566	1.77936
chr19-6600000-6700000	0.042861	-0.117297	-0.165395	1.59587
chr19-58800000-58900000	-0.057636	-0.209059	-0.049101	6.91212
chr19-34400000-34500000	-0.118188	0.080616	-0.088202	1.164
chr19-47400000-47500000	-0.049458	-0.053836	0.184571	4.76113
chr19-9000000-9100000	0.045582	-0.061519	-0.262157	1.11629
chr19-34500000-34600000	-0.215584	0.1039	-0.125043	1.25883
chr19-34900000-35000000	-0.030978	0.1922	-0.046313	4.09168
chr19-35000000-35100000	-0.155935	0.233158	-0.106226	1.27259
chr19-35100000-35200000	-0.151984	0.113785	-0.115948	4.3447
chr19-55400000-55500000	-0.26449	-0.009187	-0.16884	1.30934
chr19-59000000-59100000	-0.036232	-0.13554	0.007327	10.3463
chr19-51000000-51100000	-0.195629	-0.069814	-0.008973	3.49839
chr19-35300000-35400000	-0.196355	0.097814	-0.09038	1.16358
chr19-35800000-35900000	-0.153446	0.211963	-0.017648	1.85299
chr19-35900000-36000000	-0.134063	0.097531	-0.015563	1.34507
chr19-3600000-3700000	0.1937	-0.062882	0.209629	7.25963
chr19-56300000-56400000	-0.229613	-0.031203	-0.158854	1.23534
chr19-54700000-54800000	-0.170953	-0.19363	-0.049418	4.07088
chr19-36000000-36100000	-0.092724	-0.006396	-0.017254	3.04634
chr19-36100000-36200000	-0.110017	0.103125	-0.004764	4.50777
chr19-56100000-56200000	-0.066958	-0.094212	-0.098897	9.08671
chr19-54600000-54700000	-0.172765	-0.123455	0.024901	7.38402
chr19-38400000-38500000	-0.044273	0.113387	0.088078	6.02404
chr19-36600000-36700000	-0.052425	0.213035	0.060038	5.96976
chr19-9200000-9300000	-0.020404	-0.074594	-0.193336	2.73653
chr19-49400000-49500000	-0.060888	-0.104499	0.136962	6.71825
chr19-47600000-47700000	-0.08219	-0.171276	0.248588	5.13838
chr19-50000000-50100000	0.008906	-0.205535	0.053476	5.68273
chr19-49300000-49400000	-0.154203	-0.136629	0.13785	4.99399
chr19-36800000-36900000	-0.041243	0.225287	-0.013892	2.9834
chr19-36900000-37000000	-0.074328	0.109399	-0.010034	5.31481
chr19-48800000-48900000	-0.056426	-0.228832	0.194849	5.7917
chr19-37200000-37300000	-0.107386	0.186867	0.007133	2.97426
chr19-44400000-44500000	-0.057287	0.130264	0.159851	3.66803
chr19-57600000-57700000	-0.124852	-0.137872	-0.09203	1.73434
chr19-37400000-37500000	-0.081316	0.143673	0.000583	4.71236
chr19-37600000-37700000	-0.141768	0.154605	-0.004137	1.97738
chr19-51300000-51400000	-0.148184	-0.012261	-0.0052	2.94348
chr19-42800000-42900000	-0.071965	0.127562	0.209861	3.38273
chr19-37800000-37900000	-0.124348	0.152711	-0.039339	4.10524
chr19-37900000-38000000	-0.160327	0.041984	-0.016426	8.00564
chr19-47700000-47800000	0.003201	-0.182531	0.192254	7.59818
chr19-38100000-38200000	-0.158451	0.13861	-0.006358	5.11905
chr19-38900000-39000000	-0.01513	0.217732	0.124565	1.50361
chr19-3900000-4000000	0.071301	-0.13126	0.185309	4.75678
chr19-4300000-4400000	0.220625	-0.002109	0.140537	7.25151
chr19-39200000-39300000	-0.004045	0.284257	0.118867	6.49714
chr19-53600000-53700000	-0.151205	-0.083578	-0.06801	4.54331
chr19-42500000-42600000	-0.144617	0.031912	0.123342	4.29526
chr19-42000000-42100000	-0.123556	0.097238	0.11503	1.30522
chr19-40000000-40100000	-0.161295	0.09637	0.02211	3.51555
chr19-57400000-57500000	-0.125453	-0.092758	-0.187927	1.18138
chr19-48100000-48200000	-0.059769	-0.162242	0.215462	4.3151
chr19-40100000-40200000	-0.132528	0.171411	0.057643	1.23313
chr19-42400000-42500000	-0.21928	0.139012	0.184416	4.39203
chr19-40500000-40600000	-0.127839	-0.0079	0.072822	7.38146
chr19-8500000-8600000	0.05325	-0.119727	-0.040145	5.35347
chr19-40600000-40700000	-0.192118	0.075843	0.107747	4.62643
chr19-48700000-48800000	-0.137704	-0.136173	0.171264	2.9276
chr19-40700000-40800000	-0.106028	0.066588	0.193692	4.98359
chr19-5300000-5400000	0.07318	-0.140596	0.105821	2.04049
chr19-800000-900000	0.267082	0.146409	0.323068	4.61461
chr19-40800000-40900000	-0.171117	0.160689	0.143586	4.34936
chr19-40900000-41000000	-0.066635	0.176535	0.16622	6.35464
chr19-4100000-4200000	0.209551	-0.081043	0.236476	4.97501
chr19-41000000-41100000	-0.149931	0.084867	0.174368	3.73982
chr19-56700000-56800000	-0.244504	-0.06651	-0.142398	1.8358
chr19-41700000-41800000	-0.081837	0.170006	0.13408	7.80008
chr19-50600000-50700000	-0.301538	-0.081171	0.02294	2.13893
chr19-41900000-42000000	-0.191111	0.014385	0.139041	4.02988
chr19-42700000-42800000	-0.042128	0.035001	0.162235	10.2108
chr19-42900000-43000000	-0.140861	0.042186	0.17056	3.98251
chr19-43100000-43200000	-0.287533	0.077243	0.114784	1.71465
chr19-47000000-47100000	-0.041235	-0.11321	0.206956	1.73685
chr19-43300000-43400000	-0.410442	0.13922	0.149887	2.43277
chr19-7200000-7300000	0.111053	-0.229322	-0.089882	1.82936
chr19-43400000-43500000	-0.414299	0.141586	0.147458	2.18526
chr19-43800000-43900000	-0.311058	0.018227	0.227411	1.65036
chr19-43900000-44000000	-0.20011	-0.036387	0.171614	3.11766
chr19-44900000-45000000	-0.254455	0.010188	0.199394	3.10477
chr19-46000000-46100000	-0.081619	-0.06749	0.300297	6.12619
chr19-4500000-4600000	0.237568	-0.085497	0.28411	2.88346
chr19-45200000-45300000	-0.151716	-0.007224	0.299586	4.56935
chr19-45500000-45600000	-0.064239	-0.037889	0.27877	5.93132
chr19-50100000-50200000	-0.114592	-0.16737	0.104663	7.43378
chr19-45700000-45800000	-0.077712	-0.078965	0.26563	3.55144
chr19-45900000-46000000	-0.000794	-0.08716	0.216408	6.03532
chr19-4600000-4700000	0.216017	-0.060147	0.2174	7.16427
chr19-46100000-46200000	-0.082861	0.033247	0.33879	5.03422
chr19-9900000-10000000	0.149982	-0.079256	-0.165301	4.92666
chr19-57700000-57800000	-0.117776	-0.063878	-0.006174	4.4799
chr19-46200000-46300000	-0.053412	-0.025845	0.26255	6.45323
chr19-46600000-46700000	-0.132074	-0.12507	0.20714	2.85386
chr19-700000-800000	0.171713	0.175133	0.331387	4.31904
chr19-53300000-53400000	-0.150719	-0.250723	-0.003356	2.00311
chr19-46700000-46800000	-0.053089	-0.127954	0.125892	1.35543
chr19-51400000-51500000	-0.212558	-0.111126	-0.017508	1.2675
chr19-46900000-47000000	-0.141677	-0.105824	0.203066	2.93321
chr19-47800000-47900000	-0.061494	-0.10517	0.291515	3.97445
chr19-47900000-48000000	-0.045359	-0.188403	0.205952	4.12164
chr19-48200000-48300000	-0.159648	-0.115364	0.315555	5.68461
chr19-48900000-49000000	-0.013383	-0.156602	0.169547	5.12938
chr19-4900000-5000000	0.079436	-0.15718	0.13503	5.97183
chr19-49100000-49200000	-0.017916	-0.178845	0.138925	5.02214
chr19-5000000-5100000	0.131695	-0.05844	0.083855	6.0531
chr19-49200000-49300000	-0.097024	-0.124902	0.22345	4.19421
chr19-54400000-54500000	-0.191184	-0.0429	0.01588	1.80077
chr19-50500000-50600000	-0.159337	-0.064574	-0.004458	3.2543
chr19-49900000-50000000	-0.047684	-0.107656	0.108739	5.292
chr19-50300000-50400000	-0.051167	-0.078738	0.034925	8.29273
chr19-50900000-51000000	-0.320373	-0.089616	0.00629	2.58111
chr19-51100000-51200000	-0.179509	-0.200933	0.017958	2.13811
chr19-5700000-5800000	0.120505	-0.227136	0.078373	4.83684
chr19-51500000-51600000	-0.176691	0.00388	-0.041633	1.40446
chr19-51600000-51700000	-0.283428	0.084888	-0.070911	2.94449
chr19-5600000-5700000	0.149861	-0.090759	0.084859	6.14698
chr19-52000000-52100000	-0.275426	-0.000193	-0.086532	3.53047
chr19-52100000-52200000	-0.177055	-0.055989	-0.063786	6.34617
chr19-58000000-58100000	-0.096682	-0.193089	-0.039778	5.39457
chr19-52700000-52800000	-0.110664	-0.169049	-0.029946	3.93412
chr19-52900000-53000000	-0.127833	-0.146082	-0.08146	4.09131
chr19-53100000-53200000	-0.249507	-0.155873	-0.066163	3.1393
chr19-53500000-53600000	-0.168714	-0.186998	-0.093451	3.14447
chr19-53800000-53900000	-0.341335	-0.087294	-0.132475	2.55515
chr19-53900000-54000000	-0.26159	-0.181495	-0.145469	2.15172
chr19-54800000-54900000	-0.292155	-0.196402	-0.095866	1.17732
chr19-54900000-55000000	-0.220762	-0.094351	-0.047475	6.00428
chr19-5500000-5600000	0.087552	-0.146876	0.09409	2.97719
chr19-55900000-56000000	-0.071769	-0.116127	0.045874	7.3004
chr19-56500000-56600000	-0.230957	0.011178	-0.142148	2.17378
chr19-8400000-8500000	0.140643	-0.149749	-0.101908	4.61397
chr19-56900000-57000000	-0.189388	-0.067875	-0.175977	6.29377
chr19-57100000-57200000	-0.18641	-0.061672	-0.153554	2.62934
chr19-6700000-6800000	0.080296	-0.212977	-0.175227	4.61388
chr19-57300000-57400000	-0.170564	-0.068202	-0.102192	1.60941
chr19-5800000-5900000	0.163185	-0.104929	0.058292	3.33502
chr19-58100000-58200000	-0.111414	-0.113685	-0.095198	3.79254
chr19-58500000-58600000	-0.076489	-0.155619	-0.110832	4.44704
chr19-58300000-58400000	-0.049758	-0.284688	0.011927	4.12469
chr19-58900000-59000000	-0.09608	-0.179951	0.061632	6.2156
chr19-5900000-6000000	0.058219	-0.115592	0.067552	5.99435
chr19-600000-700000	0.153856	0.124646	0.298692	6.35278
chr19-6000000-6100000	0.146887	-0.042111	0.001461	3.7083
chr19-6200000-6300000	0.157245	-0.063953	-0.042435	6.47998
chr19-6300000-6400000	0.221619	-0.13876	-0.018684	6.38274
chr19-6900000-7000000	-0.006595	-0.098005	-0.139645	1.25028
chr19-7100000-7200000	0.048703	-0.150883	-0.070656	2.17466
chr19-7500000-7600000	0.144414	-0.103844	-0.090763	5.18034
chr19-9500000-9600000	0.00322	-0.113515	-0.104949	4.2854
chr19-7700000-7800000	0.145701	-0.071891	-0.122262	2.81083
chr19-7900000-8000000	0.13278	-0.020117	-0.121182	6.32376
chr19-8200000-8300000	0.134249	-0.14134	-0.084824	1.86202
chr19-8700000-8800000	0.122366	-0.149814	-0.189028	1.73705
chr19-8800000-8900000	0.044341	-0.209093	-0.253554	1.22775
chr19-8900000-9000000	0.001154	-0.116793	-0.176707	3.53298
chr19-900000-1000000	0.18892	0.084108	0.296983	8.19808
chr19-9300000-9400000	0.114441	-0.056851	-0.215427	1.19186
chr19-9400000-9500000	0.026532	-0.056434	-0.197917	3.91426
chr19-9600000-9700000	0.029602	-0.049294	-0.163855	4.5766
