chr11-5700000-5800000	-0.585066	0.125545	-0.190478	2.1996
chr11-37000000-37100000	-0.803426	-0.405701	-0.032105	1.14322
chr11-100100000-100200000	-0.380184	-0.260857	0.565715	1.18621
chr11-17800000-17900000	-0.331713	-0.437082	-0.149673	2.22929
chr11-82000000-82100000	-0.019678	-0.458153	0.26121	1.0959
chr11-7300000-7400000	-0.736791	-0.209102	0.075841	1.15371
chr11-7100000-7200000	-0.877442	-0.054854	-0.059177	1.21105
chr11-104100000-104200000	-0.52634	0.128158	0.471333	1.14469
chr11-13600000-13700000	-0.844107	0.096505	-0.199909	4.01814
chr11-102500000-102600000	-0.317485	0.361556	0.330908	1.54223
chr11-102300000-102400000	-0.190774	0.522032	0.144703	2.69806
chr11-82800000-82900000	0.092202	0.010507	0.052561	3.33198
chr11-500000-600000	-0.128773	0.758259	-0.98117	8.55218
chr11-19100000-19200000	-0.358582	-0.194282	-0.096724	2.18352
chr11-106700000-106800000	-0.399568	-0.189613	0.507194	1.24726
chr11-57400000-57500000	0.091195	0.060418	-0.072449	6.27897
chr11-100500000-100600000	-0.169066	0.03254	0.373115	2.11966
chr11-108500000-108600000	-0.197208	0.490975	0.245245	1.99272
chr11-51300000-51400000	-0.063933	-0.631209	0.154105	1.02643
chr11-42500000-42600000	-0.68485	-0.308044	0.104321	1.095
chr11-100300000-100400000	-0.392843	-0.251767	0.670095	1.211
chr11-113700000-113800000	-0.078383	-0.026647	0.837045	2.2799
chr11-51500000-51600000	0.130531	-0.859098	0.065241	2.49712
chr11-11100000-11200000	-0.277358	0.36146	-0.335035	1.77187
chr11-104700000-104800000	0.115375	0.129141	0.823582	1.52699
chr11-105500000-105600000	-0.180204	-0.351166	0.633957	1.2232
chr11-73800000-73900000	0.2737	-0.100794	-0.122341	2.89509
chr11-100000-200000	-0.069266	0.863096	-0.786566	3.71033
chr11-22100000-22200000	-0.605781	-0.452171	-0.08323	1.1137
chr11-13200000-13300000	-0.484187	0.101031	-0.489703	4.30593
chr11-134700000-134800000	-0.194485	0.162193	0.63234	1.45388
chr11-1700000-1800000	-0.483716	0.468557	-0.465898	4.39393
chr11-103800000-103900000	-0.255288	0.003444	0.379521	1.50792
chr11-76500000-76600000	0.13738	0.127655	0.011323	2.83734
chr11-127200000-127300000	-0.617304	0.162263	0.674813	1.28666
chr11-100400000-100500000	0.004656	-0.118555	0.716017	1.46982
chr11-45100000-45200000	-0.808508	0.286469	0.048615	3.65519
chr11-32500000-32600000	-0.576708	-0.242227	-0.346171	1.19453
chr11-9800000-9900000	-0.237235	0.393782	-0.413773	2.8037
chr11-104000000-104100000	-0.114449	0.100467	0.518963	1.32752
chr11-65000000-65100000	0.481181	0.535314	-0.076506	5.44079
chr11-41200000-41300000	-0.753915	-0.448206	-0.109646	1.11475
chr11-100800000-100900000	-0.119522	-0.039051	0.332073	1.37423
chr11-132400000-132500000	0.072603	0.372098	0.212039	1.54983
chr11-85200000-85300000	0.000755	-0.387189	0.600893	1.16796
chr11-72500000-72600000	0.516825	0.060355	0.057611	5.21189
chr11-67200000-67300000	0.535353	0.721742	-0.10209	6.37237
chr11-106600000-106700000	-0.191346	-0.002004	0.789005	1.22614
chr11-100000000-100100000	0.009694	-0.227457	0.650996	1.13718
chr11-103400000-103500000	-0.076495	0.215028	0.706006	2.05133
chr11-21800000-21900000	-0.602995	-0.623795	-0.09686	1.12857
chr11-65100000-65200000	0.439356	0.601812	-0.417533	8.67508
chr11-107600000-107700000	-0.254656	0.471353	0.36486	1.70475
chr11-83700000-83800000	-0.050011	-0.363479	0.501964	1.27444
chr11-36300000-36400000	-0.371925	0.142072	-0.160161	2.89433
chr11-134000000-134100000	0.04584	0.205857	0.61935	3.15354
chr11-81500000-81600000	-0.213149	-0.413252	0.265096	1.14703
chr11-49200000-49300000	-0.581317	-0.852757	0.197952	1.15794
chr11-29800000-29900000	-0.479749	-0.533737	-0.167308	1.16068
chr11-103200000-103300000	-0.034644	0.389568	0.582359	1.6782
chr11-36100000-36200000	-0.893144	0.012419	-0.043877	2.19226
chr11-134800000-134900000	-0.574999	0.165116	0.691732	1.68226
chr11-21400000-21500000	-0.504691	-0.440335	0.082089	1.17466
chr11-1000000-1100000	-0.606935	0.591915	-0.538545	2.97488
chr11-100200000-100300000	0.007723	-0.271483	0.676913	1.71237
chr11-120000000-120100000	-0.151115	0.460724	0.658888	3.02888
chr11-8200000-8300000	-0.418011	0.072405	-0.458176	1.46656
chr11-85000000-85100000	-0.03702	-0.388926	0.500921	1.12421
chr11-114400000-114500000	0.178948	0.175708	0.831738	1.2397
chr11-23800000-23900000	-0.159679	-0.446634	-0.244306	1.48796
chr11-81800000-81900000	0.027552	-0.448218	0.353332	1.11057
chr11-70800000-70900000	0.403826	-0.24766	0.016781	2.46097
chr11-67000000-67100000	0.361961	0.626941	-0.400875	8.68886
chr11-5200000-5300000	-0.211231	-0.252537	-0.489167	1.69835
chr11-104200000-104300000	-0.142987	0.037369	0.361346	1.1913
chr11-83100000-83200000	0.174849	-0.451829	0.335147	1.21152
chr11-83600000-83700000	-0.102277	0.034293	0.42697	1.11051
chr11-67400000-67500000	0.429495	0.689355	0.075367	1.44851
chr11-89000000-89100000	0.256926	-0.628497	0.760394	1.57806
chr11-92800000-92900000	-0.348484	-0.125475	0.716629	1.58265
chr11-63400000-63500000	0.158428	0.007382	-0.168862	3.70067
chr11-56500000-56600000	0.04772	-0.573176	0.0121	1.19209
chr11-50400000-50500000	-0.540289	-0.063884	0.177017	1.06963
chr11-102800000-102900000	0.061728	0.315413	0.128581	2.09961
chr11-12800000-12900000	-0.174208	0.002499	-0.472979	2.83244
chr11-76600000-76700000	0.195386	-0.23255	0.078614	1.66986
chr11-119000000-119100000	-0.061261	0.770188	0.37779	3.74154
chr11-47100000-47200000	-0.25527	0.347899	-0.205489	4.60004
chr11-113600000-113700000	-0.129322	0.340921	0.63383	2.09811
chr11-115400000-115500000	0.066204	0.197706	0.672119	1.86847
chr11-49400000-49500000	-0.606299	-0.847173	0.022515	1.08926
chr11-92500000-92600000	-0.313238	-0.03535	0.351646	1.27851
chr11-94800000-94900000	0.119124	0.060928	0.539103	2.69659
chr11-120400000-120500000	-0.022429	0.494978	0.416041	2.50385
chr11-69300000-69400000	0.262035	0.401	-0.173148	3.69897
chr11-61200000-61300000	0.551596	-0.07842	0.118559	2.35697
chr11-38400000-38500000	-0.83689	-0.017614	-0.002053	1.26086
chr11-111000000-111100000	0.116286	0.352379	0.329532	1.64262
chr11-89800000-89900000	0.121283	-0.439788	1.18545	1.36005
chr11-67100000-67200000	0.178506	0.804252	-0.152331	8.08346
chr11-102000000-102100000	0.076319	0.283127	0.202947	2.10907
chr11-74600000-74700000	0.519759	0.127121	0.258074	2.94252
chr11-89400000-89500000	0.123424	-0.435416	1.18282	1.23841
chr11-43500000-43600000	-0.436932	0.031979	-0.169178	1.54698
chr11-116000000-116100000	-0.18931	0.008286	0.816526	1.66989
chr11-131200000-131300000	0.015706	0.415087	0.112686	1.14568
chr11-117200000-117300000	0.138168	0.345294	0.559178	2.84098
chr11-63800000-63900000	0.268365	0.281543	-0.235906	2.45209
chr11-100600000-100700000	-0.134885	0.15569	0.755199	1.46
chr11-108200000-108300000	0.275056	0.469814	0.562047	1.42861
chr11-56100000-56200000	-0.432535	-0.227819	0.369289	1.14957
chr11-49000000-49100000	-0.994671	-0.647536	0.332589	1.29218
chr11-49900000-50000000	-0.88754	-0.366468	0.377253	1.10027
chr11-10300000-10400000	0.090649	0.23379	-0.616744	5.07028
chr11-125800000-125900000	-0.357031	0.017294	0.777086	1.32743
chr11-96400000-96500000	-0.083372	-0.248663	0.969932	1.17775
chr11-105400000-105500000	0.139584	-0.103431	0.63911	1.24341
chr11-14500000-14600000	-0.585269	-0.037205	-0.391476	4.47115
chr11-18000000-18100000	-0.679481	-0.215335	-0.164372	3.01451
chr11-92000000-92100000	0.127021	-0.096039	0.526565	1.42996
chr11-4200000-4300000	-0.478992	-0.676979	-0.396662	2.30603
chr11-12100000-12200000	0.025333	-0.047734	-0.453225	6.85333
chr11-12600000-12700000	-0.378749	0.116657	-0.611468	3.38881
chr11-129800000-129900000	0.05632	0.435196	0.375462	4.00571
chr11-105000000-105100000	-0.090904	0.049294	0.282051	1.27162
chr11-81000000-81100000	-0.393129	-0.284537	0.46398	1.15938
chr11-72200000-72300000	0.133204	0.341579	-0.017409	1.56929
chr11-10100000-10200000	-0.52045	0.335746	-0.540505	1.66173
chr11-133200000-133300000	-0.460696	-0.280446	0.526451	1.21707
chr11-9200000-9300000	-0.323012	0.380636	-0.582372	3.08688
chr11-32600000-32700000	-0.457809	-0.334889	0.01993	3.25525
chr11-105800000-105900000	-0.167473	0.060511	0.356878	2.84051
chr11-32800000-32900000	-0.476119	-0.162995	-0.253638	1.49826
chr11-131600000-131700000	-0.519822	0.261058	0.444046	3.37338
chr11-94300000-94400000	-0.011931	-0.090181	0.677689	1.68793
chr11-72000000-72100000	0.312218	-0.152558	-0.020005	2.41812
chr11-29300000-29400000	-0.539994	-0.394464	-0.34692	2.38242
chr11-23100000-23200000	-0.677687	-0.239024	-0.251454	1.61048
chr11-50500000-50600000	-0.292875	-0.314116	0.0427	1.05572
chr11-10000000-10100000	-0.184494	0.467713	-0.437372	2.06274
chr11-40000000-40100000	-0.780102	0.008165	0.114083	1.09062
chr11-104500000-104600000	-0.388649	0.251623	0.338837	1.21504
chr11-77700000-77800000	0.333862	-0.212242	0.002673	4.1158
chr11-48000000-48100000	-0.130446	-0.332496	-0.307425	4.27352
chr11-129100000-129200000	-0.247357	0.135148	0.422914	1.95802
chr11-100700000-100800000	-0.431897	0.20574	0.481155	1.88487
chr11-100900000-101000000	-0.01369	-0.191501	0.697711	1.29296
chr11-38000000-38100000	-0.715982	-0.230173	-0.254041	1.15826
chr11-16600000-16700000	-0.571088	-0.520706	-0.247878	6.01377
chr11-130600000-130700000	-0.096611	0.724193	0.255102	2.28696
chr11-58700000-58800000	0.046513	-0.571834	0.276546	1.64863
chr11-131000000-131100000	0.036977	0.421377	0.223126	1.8342
chr11-10400000-10500000	-0.077356	-0.114436	-0.576751	4.29454
chr11-70200000-70300000	0.334375	-0.00525	-0.042142	4.45371
chr11-16200000-16300000	-0.407146	-0.203945	-0.466438	1.48256
chr11-101800000-101900000	-0.205599	-0.026255	0.377641	1.86197
chr11-4800000-4900000	-0.748069	-0.250503	-0.311003	1.51511
chr11-38800000-38900000	-0.537729	-0.353885	0.112564	1.06158
chr11-130200000-130300000	0.120927	0.533046	0.288583	2.4607
chr11-131400000-131500000	0.017341	0.299186	0.130482	1.74664
chr11-101000000-101100000	-0.405553	-0.214619	0.562443	1.1374
chr11-78200000-78300000	0.234642	-0.086198	0.050191	2.47978
chr11-12300000-12400000	-0.440555	0.49922	-0.34384	7.40343
chr11-121200000-121300000	-0.27224	0.345774	0.636863	1.28774
chr11-44000000-44100000	-0.467037	-0.251936	-0.094617	2.94452
chr11-400000-500000	-0.321508	0.746558	-0.664542	5.55062
chr11-103100000-103200000	0.198212	0.123764	0.395097	1.86724
chr11-86800000-86900000	0.207102	-0.227147	0.264013	1.42698
chr11-13800000-13900000	-0.289091	-0.346713	-0.505147	1.15544
chr11-3300000-3400000	-0.51105	0.477313	-0.640251	2.50231
chr11-106100000-106200000	0.130922	0.017605	0.678355	1.70993
chr11-116100000-116200000	-0.183953	0.023035	0.400137	1.39126
chr11-26200000-26300000	-0.471333	-0.325009	-0.020673	1.52654
chr11-105100000-105200000	-0.294178	0.320882	0.510587	1.53379
chr11-77500000-77600000	0.411006	-0.169841	-0.150065	3.28959
chr11-104300000-104400000	-0.516742	0.139271	0.484558	1.22091
chr11-129500000-129600000	-0.603647	0.233986	0.372298	1.83764
chr11-17400000-17500000	-0.348303	-0.458768	-0.353797	2.36477
chr11-130100000-130200000	-0.230591	0.633424	0.329314	2.41452
chr11-19500000-19600000	-0.288677	-0.369589	-0.205515	1.73064
chr11-101100000-101200000	-0.314795	0.03645	0.861451	1.15942
chr11-112100000-112200000	0.044454	0.095243	0.720781	2.79172
chr11-17200000-17300000	-0.760496	0.172206	-0.291399	3.60315
chr11-64600000-64700000	0.605667	0.456172	-0.181533	6.61689
chr11-103500000-103600000	0.294082	0.186061	0.514091	1.5399
chr11-5100000-5200000	-0.591949	-0.228088	-0.367753	1.1267
chr11-109100000-109200000	-0.100946	0.165756	0.387256	1.32574
chr11-59100000-59200000	-0.188167	-0.651782	0.275393	1.13175
chr11-107100000-107200000	-0.054063	-0.356424	0.734532	1.32415
chr11-97400000-97500000	-0.435744	-0.245688	0.681817	1.15042
chr11-101500000-101600000	-0.248348	0.013178	0.814615	1.53007
chr11-84500000-84600000	0.08965	-0.311719	0.521226	1.38386
chr11-15100000-15200000	-0.434612	0.047348	-0.119796	4.77557
chr11-123100000-123200000	0.029852	0.284037	0.18416	2.44319
chr11-113800000-113900000	-0.284929	0.319928	0.743801	1.19556
chr11-125400000-125500000	-0.294798	0.366355	0.469615	5.44557
chr11-115000000-115100000	-0.518748	0.199975	0.392314	1.61353
chr11-96600000-96700000	-0.504479	-0.216335	0.580126	1.69631
chr11-47500000-47600000	-0.15437	0.44762	-0.288779	4.80558
chr11-29900000-30000000	-0.585399	-0.284829	0.126201	1.14117
chr11-29700000-29800000	-0.569706	-0.496128	0.21705	1.09741
chr11-105200000-105300000	-0.566663	0.068005	0.646253	1.2185
chr11-4000000-4100000	-0.376317	0.064084	-0.564229	2.01394
chr11-101600000-101700000	-0.083236	0.069763	0.454128	1.60361
chr11-34600000-34700000	-0.399754	0.096927	-0.147183	5.13999
chr11-61600000-61700000	0.497417	-0.16767	0.044192	5.01614
chr11-16300000-16400000	-0.331869	0.053968	-0.17519	1.46812
chr11-101200000-101300000	-0.048485	-0.184081	0.657959	1.52664
chr11-106000000-106100000	-0.169488	0.06172	0.423374	1.37442
chr11-59600000-59700000	-0.281855	-0.460898	0.378427	1.22696
chr11-13500000-13600000	-0.744922	-0.241738	-0.334207	1.12312
chr11-15000000-15100000	-0.792718	-0.13607	-0.131742	1.35046
chr11-19000000-19100000	-0.674352	-0.450182	-0.170964	1.34576
chr11-71800000-71900000	0.421415	-0.208813	-0.11514	5.4019
chr11-31100000-31200000	-0.601318	-0.366347	0.214193	1.12589
chr11-26400000-26500000	-0.433219	-0.499813	0.04573	1.2
chr11-31000000-31100000	-0.678465	-0.428185	-0.17632	1.12283
chr11-105300000-105400000	-0.236786	-0.098352	0.790683	1.26164
chr11-59000000-59100000	0.078739	-0.482844	0.043245	1.602
chr11-24000000-24100000	-0.057967	-0.127458	-0.277004	2.25588
chr11-64300000-64400000	0.66674	-0.097165	-0.18477	1.60277
chr11-35300000-35400000	-0.315843	-0.132258	-0.450519	2.20842
chr11-118300000-118400000	0.113625	0.500379	0.375603	3.40303
chr11-15200000-15300000	-0.46006	-0.256724	-0.373788	2.26491
chr11-40200000-40300000	-0.402501	-0.514191	0.052512	1.11418
chr11-101300000-101400000	-0.254444	0.027908	0.363464	2.24996
chr11-50000000-50100000	-0.769772	-0.709135	0.191933	1.02832
chr11-10500000-10600000	-0.025302	0.25248	-0.49341	3.62824
chr11-76000000-76100000	0.421573	-0.080402	0.07234	2.17179
chr11-25700000-25800000	-0.553236	-0.427165	0.078737	1.20596
chr11-74000000-74100000	0.081199	0.285402	-0.079707	2.29365
chr11-63100000-63200000	0.060554	-0.577412	0.079051	1.08503
chr11-59900000-60000000	-0.295143	-0.17269	0.345041	1.1192
chr11-58000000-58100000	0.225181	-0.405178	0.002296	2.14108
chr11-105600000-105700000	0.011234	-0.152339	0.334936	1.12058
chr11-58800000-58900000	0.344785	-0.394483	0.093578	1.28546
chr11-10200000-10300000	-0.175429	0.398161	-0.412978	1.86368
chr11-115800000-115900000	0.03969	0.258507	0.672102	2.1872
chr11-18700000-18800000	-0.387881	-0.054967	-0.245788	3.09914
chr11-119600000-119700000	-0.186822	0.366127	0.562025	1.85754
chr11-119400000-119500000	-0.124696	0.411261	0.549309	2.15077
chr11-85700000-85800000	0.436314	0.07381	0.22235	3.48458
chr11-101400000-101500000	0.06109	-0.043777	0.592438	2.30939
chr11-14600000-14700000	-0.870178	0.008122	-0.097827	1.29922
chr11-112000000-112100000	-0.162627	0.206848	0.385759	3.60083
chr11-31700000-31800000	-0.26758	-0.421851	-0.058532	1.34441
chr11-31600000-31700000	-0.508616	-0.252892	-0.320371	1.34896
chr11-101700000-101800000	-0.381299	-0.024641	0.731647	2.70125
chr11-16900000-17000000	-0.783286	-0.016017	0.065267	1.33576
chr11-101900000-102000000	-0.005877	0.285595	0.573947	4.0064
chr11-73100000-73200000	0.196504	0.41817	-0.105924	3.17646
chr11-68100000-68200000	0.577668	0.346375	-0.209033	2.6599
chr11-20200000-20300000	-0.760938	-0.101056	-0.081083	1.14138
chr11-62200000-62300000	0.341078	-0.393433	-0.181947	3.73688
chr11-102700000-102800000	-0.255765	0.397371	0.323955	1.49659
chr11-8100000-8200000	-0.227548	-0.274048	-0.360189	2.29235
chr11-117300000-117400000	-0.263858	0.357807	0.621783	1.32896
chr11-1500000-1600000	-0.565715	0.377309	-0.431787	4.50003
chr11-86100000-86200000	0.006862	-0.024511	0.272008	3.26583
chr11-102100000-102200000	0.271384	0.200205	0.524547	3.07915
chr11-129900000-130000000	-0.128184	0.349804	0.079114	2.87033
chr11-84400000-84500000	-0.332623	-0.359426	0.497848	1.15286
chr11-11300000-11400000	-0.379928	0.269945	-0.261442	2.50867
chr11-95100000-95200000	0.108368	-0.095121	0.160209	1.28786
chr11-47700000-47800000	-0.254442	0.439029	-0.289738	3.88289
chr11-122800000-122900000	-0.176239	0.422698	0.640546	1.50804
chr11-67700000-67800000	0.599844	0.697627	-0.144971	11.8781
chr11-103600000-103700000	-0.107934	0.106532	0.504958	1.45875
chr11-72100000-72200000	0.403039	0.15037	0.190357	2.89557
chr11-102600000-102700000	-0.092536	0.313456	0.664111	1.87192
chr11-123800000-123900000	-0.488435	0.189863	0.437675	1.31246
chr11-102200000-102300000	0.118278	0.320223	0.169805	3.34202
chr11-127600000-127700000	-0.484265	0.515766	0.394894	1.43944
chr11-56600000-56700000	0.012963	-0.462611	0.412139	1.17685
chr11-102400000-102500000	0.056721	0.252035	0.260766	2.04253
chr11-16500000-16600000	-0.523076	-0.197144	-0.491642	1.44734
chr11-18200000-18300000	-0.678297	-0.099892	-0.427443	1.6099
chr11-102900000-103000000	0.234353	0.133138	0.439514	3.27747
chr11-36500000-36600000	-0.171184	-0.445767	-0.313928	3.93918
chr11-132800000-132900000	-0.274068	0.017406	0.336885	1.36872
chr11-103000000-103100000	-0.072953	0.417477	0.437407	1.38717
chr11-103300000-103400000	-0.144085	0.105904	0.334314	1.4952
chr11-127700000-127800000	-0.301425	0.153847	0.454826	1.57708
chr11-131300000-131400000	-0.340565	0.44675	0.223861	1.23317
chr11-2700000-2800000	-0.644978	0.345985	-0.347293	2.65526
chr11-103700000-103800000	0.11329	-0.046405	0.224605	1.41986
chr11-103900000-104000000	-0.48944	0.259298	0.560673	1.50982
chr11-104400000-104500000	-0.17556	0.208991	0.698108	1.25991
chr11-34000000-34100000	0.043377	-0.128679	-0.444812	4.32397
chr11-104600000-104700000	-0.276304	0.164215	0.716727	1.55221
chr11-70700000-70800000	0.259529	-0.586828	0.17859	2.51554
chr11-83400000-83500000	-0.135873	-0.009084	0.274645	1.29427
chr11-104800000-104900000	0.267773	-0.061592	0.479397	1.71375
chr11-23200000-23300000	-0.294738	-0.306124	-0.135147	1.49039
chr11-104900000-105000000	0.185941	0.321737	0.412898	1.51699
chr11-105700000-105800000	-0.289434	-0.25768	0.597443	1.41739
chr11-105900000-106000000	-0.332102	-0.318544	0.365052	3.07415
chr11-10600000-10700000	-0.363112	0.183593	-0.599345	5.88939
chr11-18800000-18900000	-0.733163	0.015382	-0.032531	1.26975
chr11-98000000-98100000	-0.053127	-0.304233	0.759113	1.24124
chr11-12400000-12500000	-0.224502	0.22774	-0.506877	3.66304
chr11-12500000-12600000	-0.534691	0.38371	-0.383919	4.20995
chr11-98600000-98700000	-0.378581	-0.375935	0.468274	1.15928
chr11-18300000-18400000	-0.347277	0.033687	-0.271483	2.9934
chr11-8800000-8900000	-0.37985	0.323817	-0.206701	4.73891
chr11-29400000-29500000	-0.760833	-0.239107	-0.00246	1.26713
chr11-126000000-126100000	-0.348904	0.566481	0.343853	2.53822
chr11-128200000-128300000	-0.276224	0.456819	0.107074	2.62275
chr11-106200000-106300000	-0.240012	0.201273	0.659848	2.35106
chr11-108000000-108100000	-0.013271	0.325692	0.569611	2.86146
chr11-44100000-44200000	-0.652214	0.070913	0.096014	2.26884
chr11-106300000-106400000	-0.193844	0.007119	0.321787	1.38181
chr11-22200000-22300000	-0.208234	-0.513553	-0.20096	1.23683
chr11-80100000-80200000	0.246968	-0.386817	0.283389	1.13036
chr11-56800000-56900000	-0.039437	-0.534914	0.216567	1.38962
chr11-1200000-1300000	-0.556486	0.707877	-0.156477	2.97726
chr11-8400000-8500000	-0.466523	-0.467343	-0.361408	1.24296
chr11-47600000-47700000	-0.172341	0.160812	-0.524188	3.67367
chr11-121600000-121700000	-0.168878	0.590382	0.201163	1.75112
chr11-16400000-16500000	-0.239035	-0.324811	-0.263508	1.3265
chr11-96000000-96100000	0.168415	0.382538	0.464346	3.35914
chr11-36600000-36700000	-0.427255	-0.576717	-0.033745	2.23704
chr11-106400000-106500000	-0.402397	0.23173	0.570298	1.24938
chr11-1600000-1700000	-0.64905	0.662715	-0.172515	1.44525
chr11-36200000-36300000	-0.724552	0.095566	-0.387385	1.68882
chr11-27000000-27100000	-0.062537	-0.2738	-0.36481	2.29099
chr11-7400000-7500000	-0.784008	0.146492	-0.081682	1.2484
chr11-106500000-106600000	-0.095089	0.056763	0.382559	1.26204
chr11-108700000-108800000	0.049067	0.254185	0.296272	1.8362
chr11-112700000-112800000	-0.395182	-0.175156	0.737028	1.20357
chr11-24500000-24600000	-0.611633	-0.046491	-0.046625	1.81044
chr11-86500000-86600000	0.338122	0.354205	0.522099	3.20293
chr11-99100000-99200000	-0.21844	-0.286331	0.596359	1.18625
chr11-28100000-28200000	-0.443003	-0.102085	-0.42669	2.47202
chr11-22600000-22700000	-0.596517	-0.359447	-0.198485	4.0467
chr11-95500000-95600000	0.218636	0.24019	0.561955	3.22817
chr11-47200000-47300000	-0.594979	0.497349	-0.36555	6.45816
chr11-43600000-43700000	-0.809574	-0.149277	-0.185719	3.16082
chr11-121400000-121500000	0.037512	0.396327	0.426698	2.19761
chr11-81300000-81400000	-0.271706	-0.343742	0.784126	1.15693
chr11-43100000-43200000	-0.963477	-0.096803	0.0537	1.15916
chr11-106800000-106900000	-0.364291	0.179813	0.349975	1.24676
chr11-81700000-81800000	-0.366251	-0.391262	0.429291	1.15539
chr11-83200000-83300000	-0.041812	-0.298993	0.632393	1.50134
chr11-110000000-110100000	0.038997	0.450537	0.408711	2.03384
chr11-106900000-107000000	-0.457874	0.049496	0.733494	1.19341
chr11-36400000-36500000	-0.359393	-0.104832	-0.442725	4.06638
chr11-34400000-34500000	-0.423926	0.214208	-0.27214	2.31712
chr11-10700000-10800000	-0.206029	0.43712	-0.399676	4.07716
chr11-112800000-112900000	-0.332344	-0.057343	0.370582	1.12107
chr11-109200000-109300000	0.1016	-0.087458	0.630835	1.21047
chr11-129200000-129300000	-0.549416	-0.048251	0.64672	1.24335
chr11-25800000-25900000	-0.324729	-0.485436	-0.265711	1.37523
chr11-107000000-107100000	-0.053319	0.037997	0.687383	1.11415
chr11-23600000-23700000	-0.598427	0.027803	-0.420924	1.24654
chr11-2200000-2300000	-0.623324	0.186673	-0.520198	1.57016
chr11-61000000-61100000	0.455293	-0.127383	0.095851	3.66045
chr11-134400000-134500000	-0.632283	0.306441	0.613166	1.57618
chr11-5400000-5500000	-0.492862	-0.466748	-0.193766	1.46636
chr11-43400000-43500000	-0.694312	-0.121995	0.110365	1.79231
chr11-107200000-107300000	-0.403764	-0.132589	0.7231	1.30548
chr11-85600000-85700000	0.241272	0.31961	0.443932	1.89897
chr11-87000000-87100000	0.042754	-0.272654	0.51696	1.71312
chr11-6300000-6400000	-0.451631	0.145397	-0.468564	5.21044
chr11-107300000-107400000	-0.118986	0.1496	0.646001	2.21167
chr11-114300000-114400000	-0.043008	0.147106	0.521767	2.88329
chr11-82700000-82800000	0.319951	0.169333	0.326429	3.29472
chr11-28400000-28500000	-0.576861	0.136958	-0.263427	1.55587
chr11-88600000-88700000	-0.351881	-0.388012	1.03882	1.30717
chr11-124200000-124300000	0.067559	-0.093388	0.685528	1.56127
chr11-76100000-76200000	0.222858	0.119741	-0.207455	2.72798
chr11-65800000-65900000	0.3289	0.434887	-0.399493	5.19606
chr11-107400000-107500000	0.171363	-0.115462	0.500038	3.03482
chr11-62500000-62600000	0.403577	-0.169811	-0.212263	6.50676
chr11-48500000-48600000	-0.952814	-0.492928	-0.055708	1
chr11-33200000-33300000	-0.545467	0.016161	-0.490608	3.67224
chr11-107500000-107600000	-0.073962	0.1727	0.557744	1.93745
chr11-133700000-133800000	-0.542903	-0.107493	0.778099	1.4336
chr11-68700000-68800000	0.389055	0.435916	-0.17957	5.96073
chr11-110100000-110200000	0.054118	0.180754	0.727059	2.88024
chr11-42700000-42800000	-0.597571	-0.493177	0.264844	1.06824
chr11-66400000-66500000	0.480763	0.132998	-0.31966	3.35077
chr11-57700000-57800000	0.304387	-0.417492	-0.08152	2.6186
chr11-107700000-107800000	0.019782	0.436674	0.635719	2.47302
chr11-86700000-86800000	-0.028542	-0.280359	0.571173	2.91142
chr11-107800000-107900000	0.174823	0.064315	0.625671	4.14181
chr11-132000000-132100000	0.061454	0.323939	0.293488	2.2182
chr11-107900000-108000000	0.170184	0.175675	0.232955	2.73673
chr11-58300000-58400000	0.084854	0.042198	-0.164982	4.42309
chr11-117000000-117100000	0.236401	0.499636	0.383334	7.7159
chr11-10800000-10900000	-0.163383	0.108558	-0.638834	5.39477
chr11-28600000-28700000	-0.041268	-0.247448	-0.263846	1.54834
chr11-133300000-133400000	-0.396627	0.033053	0.742689	1.19585
chr11-24600000-24700000	-0.249451	-0.139786	-0.222129	1.42903
chr11-108100000-108200000	0.277387	0.090165	0.470311	1.8943
chr11-88500000-88600000	-0.210049	-0.199926	0.713053	1.23792
chr11-130300000-130400000	-0.27405	0.602159	0.195817	3.29435
chr11-68500000-68600000	0.404264	0.466572	0.060571	2.60697
chr11-62100000-62200000	0.550478	-0.564122	0.063993	3.1187
chr11-37400000-37500000	-0.794951	-0.37359	-0.170027	1.13912
chr11-111500000-111600000	0.139008	0.132018	0.114276	2.3114
chr11-108300000-108400000	-0.08232	0.358172	0.679832	3.55494
chr11-9900000-10000000	-0.013747	0.139111	-0.510427	2.28096
chr11-69400000-69500000	0.346917	0.100911	-0.360429	6.95042
chr11-29100000-29200000	-0.215755	-0.194255	-0.583106	2.21632
chr11-108400000-108500000	0.111327	0.25695	0.394251	1.70098
chr11-123600000-123700000	-0.59801	0.158946	0.556991	3.54868
chr11-61300000-61400000	0.317837	-0.143858	-0.135309	1.94031
chr11-108600000-108700000	-0.119079	0.393941	0.6255	1.54906
chr11-117400000-117500000	-0.624893	0.388407	0.505982	1.32669
chr11-18100000-18200000	-0.449541	-0.420165	-0.424133	2.55047
chr11-76200000-76300000	0.213248	0.374338	0.069481	3.08235
chr11-16000000-16100000	-0.437419	-0.09721	-0.057546	1.84681
chr11-9600000-9700000	-0.37594	0.147678	-0.693798	4.69242
chr11-25200000-25300000	-0.282258	-0.550798	-0.069349	1.09007
chr11-120800000-120900000	-0.608874	0.320537	0.639582	2.60597
chr11-12200000-12300000	-0.092426	0.275387	-0.382157	6.83518
chr11-69100000-69200000	0	0	0	5.81189
chr11-108800000-108900000	-0.112069	0.48357	0.578998	1.97002
chr11-127000000-127100000	-0.61834	0.125428	0.406183	1.19654
chr11-108900000-109000000	-0.115578	0.097416	0.684888	1.44999
chr11-10900000-11000000	-0.399971	0.371036	-0.550075	4.29715
chr11-92900000-93000000	-0.014182	-0.345098	0.65116	2.88194
chr11-109000000-109100000	-0.394222	-0.086863	0.476498	1.42561
chr11-18500000-18600000	-0.507692	-0.073984	-0.393745	3.0594
chr11-48300000-48400000	-0.77909	-0.420945	0.277235	1.33435
chr11-126500000-126600000	-0.273043	0.46337	0.564681	2.37207
chr11-20000000-20100000	-0.452745	0.063787	-0.231432	2.23017
chr11-2300000-2400000	-0.821358	0.448275	-0.35186	3.24359
chr11-109300000-109400000	-0.162571	0.090799	0.394889	1.58136
chr11-65200000-65300000	0.474789	0.362252	-0.532289	9.98138
chr11-18400000-18500000	-0.170709	-0.28401	-0.4228	4.73801
chr11-4400000-4500000	-0.518549	-0.437002	-0.4331	2.14899
chr11-38600000-38700000	-0.291002	-0.361424	-0.108638	1.13108
chr11-109800000-109900000	0.23105	-0.090251	0.36212	1.80648
chr11-109400000-109500000	-0.296916	0.047177	0.76285	1.40238
chr11-24100000-24200000	-0.452874	-0.058898	-0.28208	1.65202
chr11-109500000-109600000	-0.110239	-0.000335	0.42268	1.51422
chr11-91300000-91400000	-0.412884	-0.154313	0.477513	1.16528
chr11-45700000-45800000	-0.818383	0.0062	0.126161	1.49184
chr11-113000000-113100000	-0.497429	0.125684	0.517843	1.16169
chr11-63500000-63600000	0.476842	0.189497	-0.060914	4.41355
chr11-3400000-3500000	-0.488424	0.54582	-0.955791	4.91792
chr11-109600000-109700000	-0.358715	0.210531	0.677405	1.59386
chr11-109700000-109800000	-0.176155	-0.004251	0.394919	1.39085
chr11-123700000-123800000	-0.235018	0.103214	0.715052	1.189
chr11-122700000-122800000	0.080488	0.444706	0.358301	2.53431
chr11-57600000-57700000	0.252296	-0.079258	-0.244752	1.73213
chr11-109900000-110000000	0.109421	0.145803	0.655063	2.93405
chr11-46500000-46600000	-0.136863	0.251737	-0.217966	2.1707
chr11-4100000-4200000	-0.523951	-0.270985	-0.371075	3.41795
chr11-82400000-82500000	-0.453336	-0.214894	0.639531	1.40687
chr11-134100000-134200000	-0.23403	0.038589	0.379879	2.75384
chr11-37500000-37600000	-0.560693	-0.071832	-0.356982	1.49617
chr11-37100000-37200000	-0.719901	-0.057295	0.163415	1.07728
chr11-1100000-1200000	-0.566795	0.931438	-0.451804	3.00907
chr11-97200000-97300000	-0.439961	-0.248692	0.686266	1.19624
chr11-129300000-129400000	-0.559382	0.327415	0.546192	1.14988
chr11-11000000-11100000	-0.162037	0.063156	-0.551426	2.53175
chr11-110200000-110300000	0.212283	0.437447	0.466793	1.55569
chr11-110300000-110400000	0.216962	0.017816	0.460522	2.71091
chr11-124300000-124400000	-0.194789	0.029905	0.396309	1.28602
chr11-128500000-128600000	0.095681	0.349633	0.164522	3.39422
chr11-20800000-20900000	-0.746942	-0.400295	0.151201	1.14696
chr11-14700000-14800000	-0.596987	-0.06342	-0.37024	1.13751
chr11-70400000-70500000	0.513872	-0.032122	0.151863	2.84872
chr11-85300000-85400000	0.170574	-0.005765	0.495276	5.64721
chr11-90400000-90500000	-0.214301	-0.453301	0.387568	1.03571
chr11-36800000-36900000	-0.685719	-0.217841	0.161291	1.11141
chr11-110400000-110500000	0.155659	0.374836	0.627032	1.51636
chr11-76800000-76900000	0.46875	-0.325724	0.231838	2.76902
chr11-89700000-89800000	0.122549	-0.438937	1.18491	0
chr11-59400000-59500000	0.266148	-0.131768	0.200732	3.13457
chr11-75500000-75600000	0.292727	0.089683	-0.210995	2.87693
chr11-11800000-11900000	-0.406365	0.118254	-0.559854	4.01624
chr11-110500000-110600000	0.134458	0.216073	0.279755	2.40032
chr11-130400000-130500000	0.066644	0.509691	0.271535	2.20927
chr11-110600000-110700000	-0.080378	0.275322	0.615055	1.89726
chr11-110700000-110800000	-0.246642	0.174672	0.274984	1.94353
chr11-41700000-41800000	-0.616395	-0.606817	-0.044231	1.13219
chr11-133600000-133700000	-0.652374	0.172485	0.525683	1.28051
chr11-134600000-134700000	-0.500714	0.238953	0.398545	2.3276
chr11-36000000-36100000	-0.741959	0.302102	-0.248946	2.45418
chr11-110800000-110900000	0.100536	0.351394	0.316797	1.52035
chr11-90500000-90600000	0.098546	-0.241103	0.533494	1.07988
chr11-111400000-111500000	0.284266	0.25518	0.453002	3.68074
chr11-110900000-111000000	0.260683	0.014973	0.451195	1.73977
chr11-134300000-134400000	-0.5807	-0.069202	0.592064	1.47012
chr11-55500000-55600000	-0.34482	-0.39766	0.35349	1.08367
chr11-111100000-111200000	-0.129825	0.312008	0.670171	1.79376
chr11-1300000-1400000	-0.870588	0.507254	-0.259383	4.22739
chr11-58400000-58500000	0.119541	-0.303554	0.032244	1.44209
chr11-32000000-32100000	-0.464259	-0.051336	-0.082255	1.61105
chr11-111200000-111300000	0.047746	0.063946	0.425855	1.52896
chr11-117600000-117700000	-0.548233	0.30799	0.418343	2.06409
chr11-64400000-64500000	0.466585	0.223097	-0.255377	2.15198
chr11-39800000-39900000	-0.807618	-0.441548	0.145766	1.18636
chr11-111300000-111400000	-0.007122	0.430852	0.253734	2.30183
chr11-113500000-113600000	-0.496161	0.196133	0.695075	1.97393
chr11-54700000-54800000	0.115629	-0.93631	0.085511	1
chr11-125600000-125700000	-0.454466	0.454788	0.356153	1.1739
chr11-90200000-90300000	0.003372	-0.165126	0.530283	1.10922
chr11-96100000-96200000	0.122689	-0.038428	0.47253	3.59987
chr11-21700000-21800000	-0.281149	-0.379107	-0.077064	1.14456
chr11-50600000-50700000	-0.609002	-0.368648	0.247345	1.10999
chr11-111600000-111700000	-0.141158	0.390076	0.104996	5.20192
chr11-129400000-129500000	-0.460853	-0.035426	0.592264	1.22377
chr11-11400000-11500000	-0.085213	0.043199	-0.355646	2.51819
chr11-62300000-62400000	0.520236	-0.065545	-0.105914	9.88658
chr11-79300000-79400000	-0.362777	-0.301539	0.496862	1.32813
chr11-26800000-26900000	-0.099062	-0.003408	-0.317558	1.79275
chr11-111700000-111800000	0.233706	0.359968	0.229609	4.99932
chr11-114000000-114100000	-0.229377	0.208034	0.674044	1.36442
chr11-14200000-14300000	-0.55604	-0.014839	-0.229245	1.72828
chr11-3800000-3900000	-0.248936	0.168544	-0.433273	4.88072
chr11-116800000-116900000	0.183321	0.442356	0.39763	1.76943
chr11-124000000-124100000	-0.511972	0.108958	0.351604	1.53666
chr11-90300000-90400000	-0.395738	-0.085772	0.455097	1.04023
chr11-111800000-111900000	0.126916	0.321551	0.603034	4.30949
chr11-111900000-112000000	0.142057	0.384725	0.220822	3.60142
chr11-120300000-120400000	-0.35032	0.363625	0.203278	2.20136
chr11-82600000-82700000	0.227953	-0.199965	0.452552	2.54291
chr11-125700000-125800000	-0.436836	0.057764	0.376378	2.54156
chr11-11200000-11300000	-0.198696	0.044797	-0.524799	1.60228
chr11-112200000-112300000	-0.278869	0.316174	0.621737	2.32512
chr11-112300000-112400000	-0.146676	0.026629	0.398607	1.78729
chr11-97600000-97700000	0.056883	-0.176449	0.653815	1.26691
chr11-50100000-50200000	-0.944571	-0.350821	0.297997	1.1256
chr11-126200000-126300000	0.033285	0.536265	0.371182	4.41518
chr11-89900000-90000000	-0.004007	-0.24425	0.840109	2.81582
chr11-56200000-56300000	-0.156189	-0.516173	0.311728	1.12422
chr11-112400000-112500000	-0.415644	0.302935	0.506966	1.42743
chr11-115600000-115700000	-0.004238	0.142831	0.569446	3.2116
chr11-76400000-76500000	0.439222	-0.038694	-0.149532	2.83461
chr11-20500000-20600000	-0.379266	-0.573679	-0.103225	1.38064
chr11-82500000-82600000	-0.136894	-0.414176	0.505648	1.71754
chr11-73500000-73600000	0.408586	0.046201	-0.019755	2.62763
chr11-112500000-112600000	-0.169313	0.012142	0.386277	1.33835
chr11-120600000-120700000	-0.615944	0.23694	0.605263	1.29524
chr11-87700000-87800000	-0.288006	-0.307369	0.798325	1.29126
chr11-123200000-123300000	0.036653	0.458448	0.518423	1.70881
chr11-38100000-38200000	-0.481864	-0.546465	-0.295436	1.22496
chr11-112600000-112700000	-0.242511	0.200086	0.725474	1.41802
chr11-2900000-3000000	-0.468821	0.474472	-0.24835	6.57993
chr11-112900000-113000000	-0.158418	0.036524	0.701306	1.11715
chr11-125300000-125400000	0.014141	0.366582	0.213388	2.78834
chr11-39600000-39700000	-0.735566	-0.41493	-0.102773	1.21552
chr11-31500000-31600000	-0.619227	-0.145767	0.052743	2.45852
chr11-113100000-113200000	-0.29569	-0.149044	0.739968	2.09207
chr11-34800000-34900000	-0.306936	0.160152	-0.215379	2.2323
chr11-3000000-3100000	-0.229105	0.382491	-0.509297	5.95249
chr11-113200000-113300000	-0.493284	0.210062	0.699463	1.42675
chr11-116400000-116500000	-0.340575	0.04704	0.813318	1.83011
chr11-133000000-133100000	-0.6132	0.128585	0.435646	1.17549
chr11-92200000-92300000	0.02157	-0.176976	0.604093	1.16434
chr11-21600000-21700000	-0.680253	-0.430505	-0.017303	1.16676
chr11-33000000-33100000	-0.516783	-0.009384	-0.435016	4.13851
chr11-84000000-84100000	-0.249523	-0.052384	0.33546	1.37666
chr11-127100000-127200000	-0.287045	-0.020769	0.544114	1.18234
chr11-113300000-113400000	-0.15501	0.409864	0.686747	1.17924
chr11-84800000-84900000	-0.059086	-0.398529	0.294589	1.18715
chr11-93600000-93700000	0.292971	0.11746	0.526666	1.76986
chr11-7000000-7100000	-0.508263	0.117456	-0.070704	2.60959
chr11-61700000-61800000	0.379031	-0.121585	-0.283913	4.62397
chr11-25600000-25700000	-0.436699	-0.597786	-0.271632	1.27517
chr11-113400000-113500000	-0.152465	0.013573	0.644572	1.27135
chr11-98200000-98300000	-0.041434	-0.255891	0.730328	1.09444
chr11-113900000-114000000	-0.594033	0.139319	0.582979	1.19423
chr11-114100000-114200000	-0.076114	0.074384	0.323154	2.68099
chr11-61800000-61900000	0.487434	-0.139174	0.059668	3.31384
chr11-87800000-87900000	-0.299751	-0.187304	0.417976	1.25767
chr11-114200000-114300000	-0.31454	0.39845	0.395221	4.21028
chr11-124600000-124700000	0.074006	0.498044	0.509856	3.70952
chr11-123400000-123500000	-0.563496	0.341665	0.462326	2.92426
chr11-60700000-60800000	0.415439	-0.532394	0.100346	2.17911
chr11-114500000-114600000	-0.223148	0.161745	0.754441	1.19412
chr11-114700000-114800000	-0.428197	0.043779	0.800058	1.20873
chr11-72700000-72800000	0.528759	0.184256	0.147898	1.73081
chr11-1800000-1900000	-0.545841	0.755619	-0.302249	2.06463
chr11-2000000-2100000	-1.1048	0.439649	-0.159625	1.86755
chr11-114600000-114700000	-0.498154	0.229786	0.457449	1.25995
chr11-83000000-83100000	0.024734	-0.270441	0.659937	1.23238
chr11-4600000-4700000	-0.781675	0.033715	0.038978	2.44624
chr11-114800000-114900000	-0.133429	-0.20555	0.763416	1.18451
chr11-30400000-30500000	-0.340788	-0.342688	0.027785	1.13781
chr11-125200000-125300000	-0.130742	0.394289	0.598919	2.51288
chr11-74400000-74500000	0.319027	-0.059008	-0.142163	2.96133
chr11-41400000-41500000	-0.627923	-0.310672	-0.165832	1.19139
chr11-125000000-125100000	0.00656	0.346785	0.275852	2.54828
chr11-27400000-27500000	-0.024353	-0.123245	-0.276345	2.24277
chr11-114900000-115000000	-0.203521	-0.058892	0.410137	1.24162
chr11-11500000-11600000	-0.250431	-0.20762	-0.577814	1.99783
chr11-125100000-125200000	-0.369805	0.432627	0.299257	2.91459
chr11-24200000-24300000	-0.269489	-0.388066	-0.453546	1.87047
chr11-57000000-57100000	0.311911	-0.199067	0.291718	5.45672
chr11-130500000-130600000	-0.149959	0.525106	-0.030104	2.27015
chr11-48400000-48500000	-1.1408	-0.262262	0.217948	1.13983
chr11-115100000-115200000	-0.188331	-0.017435	0.326153	1.86211
chr11-57200000-57300000	0.165071	-0.474177	0.126421	3.17027
chr11-40400000-40500000	-0.731641	0.078796	0.060896	1.27101
chr11-28500000-28600000	-0.336564	-0.087668	-0.49136	1.50264
chr11-121500000-121600000	-0.312557	0.587264	0.554121	3.31284
chr11-43200000-43300000	-0.738461	-0.438276	0.047651	1.13237
chr11-19900000-20000000	-0.192529	-0.191363	-0.390947	2.18864
chr11-41000000-41100000	-0.732165	-0.387796	-0.163953	1.15646
chr11-115200000-115300000	0.013081	0.315141	0.176813	1.44484
chr11-32200000-32300000	-0.884327	-0.147045	-0.112367	1.62907
chr11-117800000-117900000	-0.467706	0.156568	0.433698	1.31092
chr11-132600000-132700000	0.054739	0.295236	0.228647	2.00342
chr11-115300000-115400000	-0.21862	0.096258	0.397367	2.44635
chr11-17100000-17200000	-0.523296	-0.104703	-0.405107	1.87096
chr11-79800000-79900000	-0.135259	-0.035439	0.284529	1.80837
chr11-115500000-115600000	-0.031341	0.534629	0.504419	2.90536
chr11-62700000-62800000	0.392015	-0.382234	0.332555	1.36779
chr11-20300000-20400000	-0.397153	0.02831	-0.153103	3.66118
chr11-86200000-86300000	0.363151	0.119671	0.351977	2.68294
chr11-115700000-115800000	-0.289317	0.416556	0.512691	1.83624
chr11-26000000-26100000	-0.267939	-0.397423	-0.005718	1.37181
chr11-126100000-126200000	-0.210775	0.381319	0.670098	4.99926
chr11-115900000-116000000	-0.339493	0.268099	0.546403	1.30602
chr11-31400000-31500000	-0.602684	-0.251351	-0.340928	1.47224
chr11-124700000-124800000	-0.316867	0.413927	0.495535	5.00707
chr11-66800000-66900000	0.230991	0.65858	-0.050026	4.05927
chr11-39400000-39500000	-0.559766	-0.461913	0.084176	1.10795
chr11-11600000-11700000	0.001621	-0.021599	-0.380053	2.31757
chr11-30100000-30200000	-0.700881	-0.522488	0.037725	1.14345
chr11-116200000-116300000	-0.207678	-0.043654	0.796157	1.26932
chr11-2100000-2200000	-0.747643	0.421871	-0.201173	3.87925
chr11-46800000-46900000	-0.286152	0.254478	-0.155621	2.73222
chr11-116300000-116400000	-0.25798	0.112802	0.432852	1.19242
chr11-80000000-80100000	-0.083622	-0.172576	0.192932	1.20067
chr11-116500000-116600000	-0.244894	0.369689	0.606618	1.4336
chr11-120200000-120300000	0.005751	0.438861	0.215207	3.29677
chr11-69500000-69600000	0.533509	0.3314	-0.054773	1.78504
chr11-45200000-45300000	-0.504472	0.112938	-0.105373	2.12397
chr11-63200000-63300000	0.089139	-0.187529	-0.023418	1.41855
chr11-116600000-116700000	-0.155715	0.441719	0.192923	3.20801
chr11-73300000-73400000	0.590417	0.125353	-0.123194	3.26464
chr11-6500000-6600000	-0.036508	-0.211327	-0.461439	3.47869
chr11-13000000-13100000	-0.515057	-0.043473	-0.495913	1.21314
chr11-19300000-19400000	-0.744544	-0.275288	-0.150941	1.81381
chr11-116700000-116800000	-0.130938	0.514665	0.585921	2.69177
chr11-127500000-127600000	-0.189255	0.36463	0.616525	2.04897
chr11-60900000-61000000	0.29763	-0.450497	-0.127273	4.44617
chr11-4900000-5000000	-0.431556	-0.066048	-0.172331	1.21103
chr11-116900000-117000000	-0.106589	0.455869	0.175228	2.48449
chr11-121100000-121200000	-0.47359	0.177977	0.334904	2.45082
chr11-42000000-42100000	-0.402746	-0.220733	-0.003189	1.07748
chr11-11700000-11800000	-0.209182	-0.219164	-0.63115	1.39799
chr11-117100000-117200000	-0.169316	0.531445	0.393574	4.88571
chr11-39500000-39600000	-0.78786	-0.131371	0.17855	1.06636
chr11-117500000-117600000	-0.27638	0.364273	0.682923	1.23826
chr11-117700000-117800000	-0.267606	0.335205	0.704738	1.39222
chr11-117900000-118000000	-0.140201	0.054614	0.638265	1.24285
chr11-15900000-16000000	-0.683773	0.161937	-0.239037	3.17361
chr11-900000-1000000	-0.286114	0.528112	-0.430753	5.08409
chr11-69700000-69800000	0.395942	0.635813	0.003584	4.05689
chr11-58600000-58700000	0.221762	-0.478222	-0.056789	1.91057
chr11-118000000-118100000	-0.081321	0.450919	0.586347	1.8082
chr11-6700000-6800000	-0.692325	-0.080813	-0.352651	4.15574
chr11-4700000-4800000	-0.432132	-0.073774	-0.1412	1.70351
chr11-118100000-118200000	0.107161	0.307216	0.292859	1.99205
chr11-118200000-118300000	-0.234641	0.522981	0.290828	3.24189
chr11-78700000-78800000	-0.122266	0.000652	0.29689	1.92651
chr11-118400000-118500000	-0.210974	0.583542	0.187048	8.27975
chr11-119900000-120000000	-0.530769	0.307888	0.635237	1.87185
chr11-64700000-64800000	0.597562	0.15183	-0.21223	4.8438
chr11-118500000-118600000	0.071117	0.81972	0.272486	5.11573
chr11-122500000-122600000	0.019078	0.626713	0.283366	4.30352
chr11-124500000-124600000	-0.221215	0.304832	0.645865	2.96616
chr11-91800000-91900000	-0.022239	-0.323989	0.553339	1.14428
chr11-35400000-35500000	0.042841	0.067162	-0.423988	2.15921
chr11-120500000-120600000	-0.395594	0.455985	0.367664	1.53018
chr11-91400000-91500000	-0.125069	-0.369631	0.676289	1.11986
chr11-99000000-99100000	-0.261657	0.100332	0.744693	1.31867
chr11-118600000-118700000	-0.263632	0.658366	0.327613	4.32727
chr11-66700000-66800000	0.384685	0.383334	-0.248724	3.27476
chr11-44300000-44400000	-0.761144	0.01577	-0.015958	1.69534
chr11-118700000-118800000	-0.043811	0.755785	0.101642	9.75114
chr11-123300000-123400000	-0.277724	0.558488	0.308072	3.41634
chr11-75800000-75900000	0.304243	0.439806	-0.081309	2.09276
chr11-88700000-88800000	-0.120692	-0.65428	0.809412	1.32652
chr11-49300000-49400000	-0.905804	-0.579595	0.171118	1.01898
chr11-90700000-90800000	-0.080345	-0.47037	0.598387	1.09763
chr11-30800000-30900000	-0.642227	-0.334195	-0.261773	1.14922
chr11-118800000-118900000	0.017554	0.768947	0.482192	4.60697
chr11-118900000-119000000	0.175826	0.664668	0.133696	6.781
chr11-11900000-12000000	-0.082028	0.240388	-0.405653	4.58897
chr11-12900000-13000000	-0.383793	0.318652	-0.361748	3.17124
chr11-60100000-60200000	-0.38475	-0.372542	0.458459	1.22602
chr11-9300000-9400000	-0.023424	0.208422	-0.675982	3.80923
chr11-119100000-119200000	-0.117444	0.489966	0.149408	4.84288
chr11-5600000-5700000	-0.524254	-0.155489	-0.457772	2.21136
chr11-87500000-87600000	-0.211988	-0.374662	0.394719	1.42236
chr11-133800000-133900000	-0.557802	0.28161	0.668812	1.38122
chr11-119200000-119300000	-0.383362	0.740061	0.339138	5.73913
chr11-121800000-121900000	0.045947	0.672159	0.25381	2.00222
chr11-119300000-119400000	-0.003467	0.656375	0.285439	3.11448
chr11-22000000-22100000	-0.875774	-0.142656	-0.068203	1.18433
chr11-68000000-68100000	0.34731	0.565889	-0.046855	4.8746
chr11-17700000-17800000	-0.716616	-0.33214	-0.170125	1.60756
chr11-121300000-121400000	-0.321591	0.354565	0.260487	2.40656
chr11-97700000-97800000	-0.284805	0.046519	0.710264	1.33945
chr11-119500000-119600000	-0.431361	0.676848	0.552854	2.2336
chr11-26300000-26400000	-0.148625	-0.515572	-0.230791	1.23468
chr11-15600000-15700000	-0.210448	-0.256039	-0.166206	2.89579
chr11-119700000-119800000	-0.523588	0.209365	0.572334	1.22768
chr11-75300000-75400000	0.134491	0.107365	-0.07093	3.39346
chr11-129700000-129800000	-0.342882	0.447913	0.299279	3.08896
chr11-97300000-97400000	-0.145036	-0.409197	0.439001	1.09885
chr11-72400000-72500000	0.623354	0.417298	0.047986	6.09554
chr11-119800000-119900000	-0.420125	0.48183	0.323105	1.24118
chr11-23400000-23500000	-0.412038	-0.043264	-0.400328	1.46779
chr11-81400000-81500000	0.065764	-0.389465	0.556822	1.07557
chr11-85400000-85500000	0.087832	-0.130034	0.126846	1.79647
chr11-72800000-72900000	0.380862	0.121478	-0.181671	4.72853
chr11-67800000-67900000	0.309752	0.550019	0.009357	6.03497
chr11-128800000-128900000	-0.497734	0.016632	0.690166	1.62885
chr11-21300000-21400000	-0.30703	-0.51104	-0.255411	1.19141
chr11-58200000-58300000	0.432452	0.013865	0.05904	1.60274
chr11-122200000-122300000	-0.326159	0.394662	0.248865	1.32232
chr11-12000000-12100000	-0.256809	0.092069	-0.677858	6.68443
chr11-90800000-90900000	0.057361	-0.188427	0.338833	1.15192
chr11-18600000-18700000	-0.693596	0.194505	-0.169751	3.87632
chr11-44700000-44800000	-0.535176	0.228051	-0.151299	1.677
chr11-120100000-120200000	-0.382054	0.489858	0.337239	2.89377
chr11-22700000-22800000	-0.189648	-0.365577	-0.226472	1.17597
chr11-51400000-51500000	0.004875	-0.882013	0.451286	1
chr11-48700000-48800000	-0.788594	-0.311369	0.227307	1.08082
chr11-120700000-120800000	-0.385817	0.3611	0.316652	1.33514
chr11-84700000-84800000	0.216157	-0.130195	0.416744	1.51353
chr11-120900000-121000000	-0.410968	0.47917	0.33665	1.32224
chr11-56000000-56100000	-0.221595	-0.574483	0.346334	1.17471
chr11-121000000-121100000	-0.545083	0.347147	0.702501	1.20751
chr11-68400000-68500000	0.19361	0.20176	-0.048125	1.49631
chr11-40600000-40700000	-0.512229	-0.367524	0.111641	1.09779
chr11-31300000-31400000	-0.241261	-0.418282	-0.248285	2.61511
chr11-28000000-28100000	-0.696843	0.09857	-0.193974	1.3528
chr11-128700000-128800000	-0.249707	0.2544	0.480534	2.52959
chr11-40300000-40400000	-0.413387	-0.122209	-0.109915	1.92993
chr11-35200000-35300000	-0.378367	0.104483	-0.169999	2.23013
chr11-121700000-121800000	0.094975	0.315278	0.152302	1.95808
chr11-121900000-122000000	-0.249959	0.437413	0.119886	2.76413
chr11-122000000-122100000	0.000376	0.56235	0.383432	4.11017
chr11-15400000-15500000	-0.788919	-0.071155	0.053166	1.18636
chr11-17500000-17600000	-0.510645	-0.110733	-0.389982	1.38483
chr11-122100000-122200000	0.008179	0.33625	0.058901	1.70424
chr11-133500000-133600000	-0.466652	-0.083992	0.765772	1.1939
chr11-86600000-86700000	0.306468	-0.058903	0.528661	3.41147
chr11-15800000-15900000	-0.522944	-0.066538	-0.523529	1.938
chr11-131700000-131800000	-0.279741	0.529626	0.3025	3.91213
chr11-132100000-132200000	-0.24146	0.43802	0.507924	2.07819
chr11-84200000-84300000	-0.341485	-0.258983	0.46125	1.13465
chr11-55200000-55300000	0.01729	-0.668145	0.31054	1.13583
chr11-46600000-46700000	-0.29332	0.564533	-0.370862	4.41477
chr11-122300000-122400000	0.028647	0.4075	0.403105	1.66324
chr11-47300000-47400000	-0.275945	0.384166	-0.29947	2.80493
chr11-21500000-21600000	-0.721626	-0.121217	0.226538	1.16674
chr11-69000000-69100000	0.304419	0.187078	-0.103445	9.22219
chr11-122400000-122500000	-0.37246	0.513291	0.383995	1.78079
chr11-27500000-27600000	-0.306533	-0.323091	-0.507698	3.08351
chr11-87600000-87700000	0.058777	-0.161063	0.631783	1.28112
chr11-122600000-122700000	-0.151877	0.422939	0.044652	3.24152
chr11-14100000-14200000	-0.929511	0.029604	-0.122424	1.2392
chr11-12700000-12800000	-0.251522	0.308831	-0.301397	3.38091
chr11-131800000-131900000	-0.002655	0.272886	0.179279	2.16838
chr11-122900000-123000000	-0.426639	0.683567	0.434572	3.752
chr11-61400000-61500000	0.362986	0.194596	-0.004518	3.09305
chr11-27700000-27800000	-0.054844	-0.242746	-0.38833	3.15896
chr11-25100000-25200000	-0.610107	-0.369988	-0.247322	1.25538
chr11-43000000-43100000	-0.685758	-0.184007	0.313497	1.11033
chr11-41600000-41700000	-0.731944	-0.301792	0.205654	1.13644
chr11-25500000-25600000	-0.543136	-0.257791	-0.058351	1.16904
chr11-123000000-123100000	-0.293225	0.507165	0.144	4.40375
chr11-123500000-123600000	-0.207987	0.255079	0.593953	1.4337
chr11-17600000-17700000	-0.381792	-0.482784	-0.261751	1.38108
chr11-22500000-22600000	-0.776952	-0.037524	-0.044432	1.23445
chr11-64200000-64300000	0.360565	0.042337	-0.215428	1.35665
chr11-20100000-20200000	-0.393698	-0.290016	-0.081118	2.77936
chr11-72900000-73000000	0.206272	0.440529	-0.071872	3.05612
chr11-123900000-124000000	-0.139613	-0.00776	0.364478	3.45925
chr11-71500000-71600000	0.907324	-0.262225	0.03309	1.58027
chr11-44600000-44700000	-0.703107	-0.056751	-0.358292	3.28578
chr11-124100000-124200000	-0.136975	0.020898	0.356549	2.30683
chr11-75000000-75100000	0.334067	0.093585	-0.155812	4.37639
chr11-29600000-29700000	-0.598342	-0.456516	-0.191506	1.09367
chr11-124400000-124500000	-0.565207	0.113589	0.506663	3.14205
chr11-94000000-94100000	-0.344996	-0.114276	0.711038	1.71472
chr11-94200000-94300000	-0.402545	0.016346	0.643877	4.19852
chr11-50300000-50400000	-0.815424	-0.318118	0.239146	1.11931
chr11-124800000-124900000	-0.573813	0.11471	0.416192	2.59919
chr11-132200000-132300000	-0.500625	0.237555	0.28167	1.40669
chr11-124900000-125000000	-0.383182	0.415094	0.247797	3.84829
chr11-125500000-125600000	-0.648849	0.167861	0.531047	1.63184
chr11-15700000-15800000	-0.447935	0.070584	-0.167744	3.02622
chr11-125900000-126000000	-0.185085	0.313818	0.600323	2.38155
chr11-39200000-39300000	-0.806709	-0.0297	0.064957	1.0621
chr11-126300000-126400000	-0.368136	0.5148	0.359936	3.13373
chr11-126700000-126800000	-0.202345	0.376684	0.178236	2.53795
chr11-132300000-132400000	-0.21552	0.424522	0.479257	1.41376
chr11-79600000-79700000	-0.068911	-0.02845	0.423707	1.21433
chr11-99800000-99900000	-0.435452	-0.233688	0.642983	1.27586
chr11-127400000-127500000	-0.445983	0.253245	0.336901	1.70847
chr11-126400000-126500000	-0.606228	0.252239	0.521736	2.65614
chr11-41800000-41900000	-0.683415	-0.281568	0.189444	1.1031
chr11-32400000-32500000	-0.18949	-0.349045	-0.40599	1.23163
chr11-126600000-126700000	-0.534563	0.269655	0.335472	2.6379
chr11-8000000-8100000	-0.445513	0.042625	-0.418077	2.50487
chr11-126800000-126900000	-0.031103	0.336646	0.534169	3.42285
chr11-130800000-130900000	-0.072989	0.55698	0.404071	1.85369
chr11-126900000-127000000	-0.245318	0.025839	0.362955	1.49421
chr11-42200000-42300000	-0.377389	-0.36663	-0.020483	1.09029
chr11-20700000-20800000	-0.503507	-0.656941	-0.042076	1.11493
chr11-127300000-127400000	-0.445334	-0.122457	0.449198	1.78612
chr11-80600000-80700000	0.12639	-0.186277	0.131334	1.14079
chr11-93100000-93200000	-0.014573	-0.281321	0.660739	1.27064
chr11-32300000-32400000	-0.550512	-0.167951	-0.358897	1.47152
chr11-127800000-127900000	-0.203865	0.407996	0.181993	1.79154
chr11-85500000-85600000	0.007868	0.252858	0.127906	2.91791
chr11-127900000-128000000	-0.424046	0.328124	0.526045	1.8399
chr11-45400000-45500000	-0.570359	0.262713	-0.041281	1.59266
chr11-38200000-38300000	-0.511025	-0.534901	0.115943	1.18952
chr11-16800000-16900000	-0.74747	0.275482	-0.197641	1.95977
chr11-65600000-65700000	0.35492	0.59363	-0.480334	12.6213
chr11-56400000-56500000	-0.178518	-0.558208	0.353639	1.35488
chr11-128000000-128100000	-0.293926	0.479492	0.174877	1.72687
chr11-128100000-128200000	0.052491	0.274556	0.153343	1.76062
chr11-128300000-128400000	0.089015	0.371548	0.168606	3.57033
chr11-14800000-14900000	-0.783113	-0.393495	-0.212448	1.16814
chr11-90000000-90100000	-0.057398	-0.520714	0.52568	1.1701
chr11-23500000-23600000	-0.502286	0.035077	-0.017378	1.54621
chr11-98100000-98200000	-0.374718	-0.340438	0.497488	1.09672
chr11-50200000-50300000	-0.885391	-0.720762	0.157868	1.15428
chr11-128400000-128500000	-0.006395	0.699489	0.342006	2.12461
chr11-128600000-128700000	-0.276947	0.453144	0.122963	2.69843
chr11-128900000-129000000	-0.454427	0.319819	0.439018	1.38564
chr11-69200000-69300000	0.297797	0.040601	-0.182603	5.29597
chr11-129000000-129100000	-0.149509	0.39275	0.689893	1.40233
chr11-129600000-129700000	-0.405344	0.370338	0.694744	1.18184
chr11-41100000-41200000	-0.359087	-0.518421	-0.046802	1.03387
chr11-130000000-130100000	-0.494186	0.350066	0.233445	1.89667
chr11-130700000-130800000	-0.078611	0.418056	0.014987	3.11748
chr11-20600000-20700000	-0.665014	-0.28634	-0.139657	1.21187
chr11-84100000-84200000	0.031783	-0.353502	0.337722	1.18508
chr11-130900000-131000000	-0.319559	0.44774	0.121513	3.48854
chr11-28700000-28800000	-0.144436	0.151354	-0.28627	1.87941
chr11-13100000-13200000	-0.157284	-0.135795	-0.444342	2.06061
chr11-131100000-131200000	-0.327473	0.526094	0.270191	1.36776
chr11-80500000-80600000	-0.012357	-0.158786	0.509491	1.17757
chr11-37800000-37900000	-0.274163	-0.289111	-0.18686	1.5411
chr11-37700000-37800000	-0.448468	0.077313	-0.164413	1.22918
chr11-131500000-131600000	-0.302695	0.502484	0.184447	2.62114
chr11-77200000-77300000	0.447798	0.168601	0.205545	2.02632
chr11-131900000-132000000	-0.272725	0.545157	0.215858	5.3819
chr11-71000000-71100000	0.268114	-0.410378	0.173098	2.70957
chr11-68800000-68900000	0.672896	0.162471	-0.184213	4.59732
chr11-4300000-4400000	-0.613515	-0.558831	-0.760703	1.17608
chr11-132500000-132600000	-0.321469	0.407071	0.238661	2.30735
chr11-64800000-64900000	0.459885	0.012989	-0.508438	6.28723
chr11-59800000-59900000	-0.228185	-0.554081	0.286805	1.19807
chr11-40700000-40800000	-0.875618	-0.207255	0.024087	1.20661
chr11-13700000-13800000	-0.631094	-0.124262	-0.455721	1.51622
chr11-132700000-132800000	-0.314408	0.410631	0.266074	2.13011
chr11-132900000-133000000	-0.298067	0.390789	0.509935	2.60715
chr11-13300000-13400000	-0.132333	0.100986	-0.458931	3.90874
chr11-55400000-55500000	-0.017375	-0.61791	0.260088	1.20213
chr11-24400000-24500000	-0.592436	-0.388334	-0.287505	1.27072
chr11-60000000-60100000	-0.098162	-0.488909	0.191737	1.19892
chr11-133100000-133200000	-0.239153	0.022942	0.438306	1.11858
chr11-46700000-46800000	-0.091732	0.284494	-0.476449	5.39516
chr11-80200000-80300000	-0.113181	-0.471633	0.448089	1.1494
chr11-133400000-133500000	-0.598539	0.015521	0.410673	1.22565
chr11-87100000-87200000	-0.102063	-0.03129	0.219835	3.0816
chr11-133900000-134000000	-0.278516	0.271464	0.392023	3.19703
chr11-62600000-62700000	0.284817	-0.060245	0.137234	4.90882
chr11-42800000-42900000	-0.837225	-0.163239	0.202517	1.0737
chr11-82100000-82200000	-0.098992	-0.310924	0.637669	1.16658
chr11-55100000-55200000	-0.370786	-0.584398	0.360918	1.21338
chr11-13400000-13500000	-0.446015	0.015712	-0.236613	3.14286
chr11-93400000-93500000	0.007216	0.008007	0.36813	3.51273
chr11-134200000-134300000	-0.331808	0.205589	0.716301	1.363
chr11-55700000-55800000	-0.371744	-0.457609	0.304641	1.16195
chr11-28200000-28300000	-0.189719	-0.40518	-0.431946	1.37694
chr11-134500000-134600000	-0.422011	-0.017142	0.679541	1.45978
chr11-134900000-135000000	-0.562394	0.533181	0.58659	2.22267
chr11-13900000-14000000	-0.617477	-0.18237	-0.391496	1.37333
chr11-38700000-38800000	-0.663475	-0.342605	-0.289581	1.24282
chr11-32700000-32800000	-0.302911	-0.533278	-0.291678	1.12457
chr11-27600000-27700000	-0.385297	-0.292271	-0.124546	1.75112
chr11-1400000-1500000	-0.561405	0.667359	-0.18941	2.83911
chr11-65300000-65400000	0.378084	0.049968	-0.689092	8.6101
chr11-34200000-34300000	-0.227573	0.297684	-0.370936	3.18558
chr11-58500000-58600000	0.076446	-0.586894	0.295703	2.05138
chr11-14000000-14100000	-0.557661	0.022197	-0.056261	1.70093
chr11-69900000-70000000	0.523869	0.460176	0.133845	3.02522
chr11-14300000-14400000	-0.242541	0.260483	-0.338284	2.92618
chr11-65700000-65800000	0.322099	0.769275	-0.236719	6.05926
chr11-14400000-14500000	-0.555309	0.342527	-0.451111	3.58477
chr11-96200000-96300000	-0.01379	-0.139332	0.872865	1.20945
chr11-14900000-15000000	-0.527655	-0.158362	-0.406577	2.61473
chr11-15300000-15400000	-0.558168	-0.392124	0.013261	1.32382
chr11-7500000-7600000	-0.455284	0.029601	-0.277192	2.86699
chr11-99500000-99600000	-0.098258	-0.407194	0.496424	1.45513
chr11-46100000-46200000	-0.238047	0.294428	-0.300223	3.08439
chr11-15500000-15600000	-0.548045	-0.373824	0.002131	1.24347
chr11-50700000-50800000	-0.580762	-0.762413	0.364301	1.06206
chr11-16100000-16200000	-0.171706	0.058955	-0.289656	1.66023
chr11-21200000-21300000	-0.40916	-0.699924	0.077352	1.05609
chr11-16700000-16800000	-0.694958	-0.131134	-0.150986	3.31353
chr11-92300000-92400000	-0.35185	-0.174752	0.438833	1.35151
chr11-96700000-96800000	-0.117461	-0.368911	0.611786	1.19242
chr11-59500000-59600000	-0.041233	-0.354434	0.063519	3.18144
chr11-17000000-17100000	-0.882354	0.073005	-0.291498	3.74393
chr11-17300000-17400000	-0.514678	-0.090421	-0.429592	2.61802
chr11-17900000-18000000	-0.314065	-0.084886	-0.297923	1.63795
chr11-18900000-19000000	-1.00427	-0.281898	0.024125	1.04147
chr11-1900000-2000000	-0.883586	0.6241	-0.370994	4.03003
chr11-53100000-53200000	0.115989	-0.93541	0.084215	0
chr11-22300000-22400000	-0.615016	-0.432467	-0.178276	1.1294
chr11-71400000-71500000	0.858561	-0.211449	-0.363582	2.94888
chr11-62400000-62500000	0.33236	0.195486	-0.299493	9.1772
chr11-19200000-19300000	-0.511601	-0.122793	-0.441511	1.4653
chr11-75100000-75200000	0.524135	0.067727	0.177863	4.46534
chr11-20400000-20500000	-0.58583	-0.271299	0.071182	3.68602
chr11-19400000-19500000	-0.452943	-0.016347	-0.153733	1.97851
chr11-19600000-19700000	-0.443395	0.027237	-0.192149	2.23691
chr11-68200000-68300000	0.240202	0.44414	-0.029286	3.76882
chr11-66600000-66700000	0.411585	0.085759	-0.313802	5.61162
chr11-48100000-48200000	-0.359012	-0.134171	-0.072799	2.91577
chr11-19700000-19800000	-0.207758	-0.148005	-0.428689	3.4339
chr11-19800000-19900000	-0.509289	-0.062816	-0.178431	1.69212
chr11-57500000-57600000	0.290338	-0.21633	0.12601	3.35453
chr11-200000-300000	-0.207363	0.657072	-0.569771	6.8555
chr11-35600000-35700000	-0.555738	0.288766	-0.118495	4.51548
chr11-24700000-24800000	-0.561371	-0.082369	0.026866	1.28567
chr11-20900000-21000000	-0.507534	-0.249032	-0.136203	1.14094
chr11-82900000-83000000	0.249055	0.011542	0.435609	4.00959
chr11-21000000-21100000	-0.685851	0.030668	0.07419	1.14393
chr11-30300000-30400000	-0.68798	-0.315921	-0.2144	2.73278
chr11-21100000-21200000	-0.572069	-0.350151	0.126879	1.0473
chr11-21900000-22000000	-0.555093	-0.282723	0.133228	1.11032
chr11-46300000-46400000	-0.264916	0.439164	-0.348067	7.33187
chr11-22400000-22500000	-0.388939	-0.096685	-0.110456	1.89529
chr11-22800000-22900000	-0.452639	-0.23905	-0.520635	2.1788
chr11-22900000-23000000	-0.706086	-0.319345	-0.191423	1.34964
chr11-23000000-23100000	-0.307246	-0.419487	-0.183695	1.47684
chr11-94500000-94600000	0.28102	-0.039484	0.234899	3.14506
chr11-23300000-23400000	-0.130856	-0.324487	-0.494972	2.26611
chr11-23700000-23800000	-0.250659	-0.057931	-0.249983	1.80222
chr11-23900000-24000000	-0.3443	-0.224591	-0.530833	2.07323
chr11-2400000-2500000	-0.886127	0.2647	-0.69177	6.87189
chr11-24300000-24400000	-0.295721	-0.134833	-0.138781	1.38918
chr11-24800000-24900000	-0.26769	-0.355998	-0.074956	1.28218
chr11-68900000-69000000	0.449806	-0.143368	-0.090842	2.74618
chr11-24900000-25000000	-0.595002	-0.325406	-0.303085	1.30403
chr11-86900000-87000000	-0.062316	0.046482	0.252448	1.58659
chr11-51100000-51200000	-0.446028	-0.92706	0.540617	1
chr11-2500000-2600000	-0.615476	0.319207	-0.404702	1.69663
chr11-25000000-25100000	-0.764562	-0.045831	-0.054274	1.32689
chr11-25300000-25400000	-0.645491	-0.358642	-0.043238	1.20811
chr11-67600000-67700000	0.626063	1.02186	0.081983	1
chr11-25400000-25500000	-0.335664	-0.607258	-0.115333	1.20795
chr11-25900000-26000000	-0.478333	-0.10473	-0.212608	1.30878
chr11-63700000-63800000	0.440681	0.495347	0.002688	4.9636
chr11-2600000-2700000	-0.899495	0.117201	-0.212017	1.7727
chr11-66500000-66600000	0.376111	0.427181	-0.480768	2.88743
chr11-33800000-33900000	-0.381039	-0.069825	-0.502205	1.65997
chr11-26100000-26200000	-0.381533	-0.495123	-0.38072	1.47518
chr11-64500000-64600000	0.280776	0.529244	-0.348693	4.87325
chr11-46000000-46100000	-0.069289	-0.026011	-0.315714	1.7785
chr11-26500000-26600000	-0.76063	-0.280187	-0.044277	1.15449
chr11-9700000-9800000	-0.032034	0.103688	-0.594967	5.01388
chr11-26600000-26700000	-0.586272	-0.497492	-0.333492	1.20545
chr11-59200000-59300000	0.097621	-0.409471	0.426992	1.19041
chr11-31200000-31300000	-0.636995	-0.348683	-0.196205	1.18383
chr11-26700000-26800000	-0.211089	-0.371784	-0.200317	1.37231
chr11-95200000-95300000	-0.101911	0.184747	0.33896	1.35419
chr11-26900000-27000000	-0.441892	-0.154559	-0.381931	2.04028
chr11-27100000-27200000	-0.448785	-0.345192	-0.368011	1.54408
chr11-67300000-67400000	0.303303	0.484278	-0.17861	4.97975
chr11-5800000-5900000	-0.780344	-0.10757	0.065134	1.21662
chr11-47400000-47500000	-0.372988	0.740702	-0.250582	6.81986
chr11-27200000-27300000	-0.121157	-0.086516	-0.260451	2.30921
chr11-27300000-27400000	-0.224609	-0.420636	-0.130649	2.40076
chr11-27800000-27900000	-0.371888	-0.014072	-0.450053	1.52024
chr11-27900000-28000000	-0.329907	0.233767	-0.158299	2.25061
chr11-61100000-61200000	0.270705	-0.010225	-0.178286	6.02077
chr11-2800000-2900000	-0.831955	0.466968	-0.048038	2.54004
chr11-34100000-34200000	-0.325094	-0.074848	-0.483372	4.04755
chr11-28300000-28400000	-0.216538	-0.032707	-0.32689	1.3776
chr11-95600000-95700000	0.374829	-0.131289	0.507585	3.21478
chr11-48200000-48300000	-0.776721	-0.154932	-0.034477	1.20481
chr11-28800000-28900000	-0.538718	0.207753	-0.232115	1.64473
chr11-28900000-29000000	-0.320008	-0.116197	-0.191448	1.54379
chr11-29000000-29100000	-0.062614	-0.410237	-0.282881	1.4917
chr11-76700000-76800000	0.320127	0.041495	0.323183	4.94801
chr11-29200000-29300000	-0.285846	-0.151456	-0.187403	2.41076
chr11-6600000-6700000	-0.346429	-0.041813	-0.566803	5.80375
chr11-29500000-29600000	-0.358456	-0.179254	-0.01965	1.18067
chr11-38500000-38600000	-0.697899	-0.388635	-0.074975	1.18153
chr11-34300000-34400000	-0.117849	-0.035054	-0.405056	2.67148
chr11-30500000-30600000	-0.690764	-0.490795	0.070103	1.15655
chr11-700000-800000	-0.116172	0.852695	-0.504803	8.11309
chr11-79500000-79600000	0.073944	-0.308338	0.172523	1.11319
chr11-99200000-99300000	-0.202583	0.039146	0.355042	1.35521
chr11-300000-400000	-0.191977	0.870411	-0.390458	4.46132
chr11-30000000-30100000	-0.305277	-0.480677	-0.079287	1.14895
chr11-30200000-30300000	-0.427108	-0.638224	-0.239024	1.22526
chr11-30600000-30700000	-0.320044	-0.533515	-0.05649	1.12718
chr11-70100000-70200000	0.544565	0.219193	0.137358	3.55632
chr11-3600000-3700000	-0.399846	0.31717	-0.660205	2.4508
chr11-30700000-30800000	-0.604126	-0.327268	0.138265	1.18931
chr11-89600000-89700000	0.122731	-0.437329	1.18487	1
chr11-30900000-31000000	-0.292389	-0.552794	-0.272956	1.15384
chr11-3100000-3200000	-0.57952	0.404568	-0.648983	5.50079
chr11-39100000-39200000	-0.672651	-0.404003	0.185301	1.11237
chr11-31800000-31900000	-0.454677	-0.067523	-0.068212	1.47034
chr11-31900000-32000000	-0.374115	-0.40159	-0.271911	1.28218
chr11-69800000-69900000	0.177869	0.356088	0.065245	3.85877
chr11-63600000-63700000	0.234505	0.394752	-0.267967	4.02555
chr11-38300000-38400000	-0.473957	-0.179618	-0.096806	1.15576
chr11-3200000-3300000	-0.728394	0.438326	-0.328624	1.54611
chr11-32100000-32200000	-0.601874	-0.301426	-0.362019	3.2714
chr11-32900000-33000000	-0.817841	0.049558	-0.204525	2.49669
chr11-33100000-33200000	-0.541678	0.300842	-0.203585	2.44184
chr11-77000000-77100000	0.287298	-0.064675	0.028702	1.82266
chr11-44800000-44900000	-0.864881	0.147267	-0.038223	1.95439
chr11-42100000-42200000	-0.727624	-0.392187	0.185043	1.08532
chr11-33300000-33400000	-0.467993	0.288069	-0.229065	2.4977
chr11-80800000-80900000	-0.373595	-0.299329	0.534599	1.17144
chr11-33400000-33500000	-0.322119	-0.059489	-0.390181	1.85338
chr11-66200000-66300000	0.16579	0.596251	-0.562471	4.7224
chr11-33500000-33600000	-0.411547	0.149875	-0.101733	2.31781
chr11-73400000-73500000	0.413343	0.414146	0.089385	3.99296
chr11-73600000-73700000	0.471706	0.401477	0.122083	2.74436
chr11-33600000-33700000	-0.464086	-0.099394	-0.36655	2.45541
chr11-4500000-4600000	-0.756509	-0.334978	-0.134392	1.13677
chr11-33700000-33800000	-0.099812	-0.27833	-0.31104	5.88597
chr11-33900000-34000000	-0.226136	-0.405058	-0.393543	1.43018
chr11-34500000-34600000	-0.204206	-0.054771	-0.461479	1.84462
chr11-36700000-36800000	-0.449108	-0.199229	-0.174898	1.25477
chr11-34700000-34800000	-0.566414	0.380136	-0.349413	2.28798
chr11-34900000-35000000	-0.458719	0.029883	-0.566947	3.39053
chr11-5500000-5600000	-0.191279	-0.352264	-0.43283	1.32889
chr11-3500000-3600000	-0.489198	0.547216	-0.955524	1
chr11-44200000-44300000	-0.401304	-0.008878	-0.197937	2.09834
chr11-35000000-35100000	-0.357197	0.179401	-0.212767	2.64439
chr11-35100000-35200000	-0.083394	-0.016304	-0.378684	4.23955
chr11-48600000-48700000	-0.645462	-0.639843	0.142501	1.00519
chr11-35500000-35600000	-0.342729	0.016646	-0.302204	3.33766
chr11-71700000-71800000	0.22869	0.063544	-0.035576	5.85949
chr11-35700000-35800000	-0.789879	0.206663	-0.413661	1.56536
chr11-42300000-42400000	-0.715225	-0.378705	0.212313	1.10028
chr11-35800000-35900000	-0.589281	-0.11916	-0.320822	1.98687
chr11-75200000-75300000	0.455116	0.32232	-0.060132	7.40196
chr11-35900000-36000000	-0.460162	0.141609	-0.051422	2.18808
chr11-36900000-37000000	-0.452728	-0.563952	0.111924	1.15813
chr11-3700000-3800000	-0.587096	0.3226	-0.333277	2.56421
chr11-37200000-37300000	-0.466159	-0.356241	0.057255	1.0814
chr11-37300000-37400000	-0.764381	-0.085909	0.114416	1.09471
chr11-37600000-37700000	-0.830149	-0.019524	-0.045652	1.21897
chr11-37900000-38000000	-0.556432	-0.4807	0.025831	1.13688
chr11-38900000-39000000	-0.734032	0.007682	0.190564	1.13502
chr11-3900000-4000000	-0.614942	0.307166	-0.444603	1.96635
chr11-64000000-64100000	0.179702	0.730472	-0.1576	10.9872
chr11-39000000-39100000	-0.928996	-0.229638	-0.084131	1.1129
chr11-75400000-75500000	0.431657	-0.043742	0.111823	1.8671
chr11-55000000-55100000	-0.056526	-0.827488	0.415482	1.14664
chr11-39300000-39400000	-0.862384	-0.32255	0.34362	1.17858
chr11-46200000-46300000	-0.535041	0.360089	-0.107933	6.01626
chr11-39700000-39800000	-0.409521	-0.542778	0.106141	1.097
chr11-82200000-82300000	-0.467157	-0.178968	0.505919	1.17663
chr11-39900000-40000000	-0.930494	-0.225786	-0.179275	1.10365
chr11-40100000-40200000	-0.722584	-0.367828	0.251304	1.05556
chr11-40500000-40600000	-0.807153	-0.265667	-0.153959	1.11034
chr11-46400000-46500000	-0.039355	0.145687	-0.517564	3.02049
chr11-44400000-44500000	-0.539313	-0.267218	-0.093689	1.25058
chr11-40800000-40900000	-0.585407	-0.483834	0.148052	1.17719
chr11-40900000-41000000	-0.371063	-0.567002	-0.190078	1.09598
chr11-41300000-41400000	-0.783366	-0.185232	0.201848	1.18477
chr11-49500000-49600000	-0.817173	-0.879218	0.380962	1.07097
chr11-41500000-41600000	-0.447785	-0.581798	0.097559	1.12528
chr11-41900000-42000000	-0.478425	-0.618882	0.055994	1.14349
chr11-42400000-42500000	-0.592219	-0.700806	0.002096	1.08333
chr11-71100000-71200000	0.369777	-0.064996	0.357395	3.50446
chr11-42600000-42700000	-0.343625	-0.481583	-0.058523	1.09573
chr11-60400000-60500000	0.195803	-0.284009	0.424813	1.17315
chr11-44900000-45000000	-0.567226	0.397123	-0.129444	3.18964
chr11-42900000-43000000	-0.671193	-0.510266	0.077604	1.10914
chr11-47000000-47100000	-0.606158	0.349466	-0.156902	1.65443
chr11-43700000-43800000	-0.426199	-0.166207	-0.067492	2.57916
chr11-43300000-43400000	-0.342973	-0.287047	0.007875	3.37601
chr11-49600000-49700000	-0.927688	-0.581376	0.125981	1
chr11-43800000-43900000	-0.619373	0.164811	-0.142497	1.91856
chr11-43900000-44000000	-0.733343	-0.114937	0.1274	2.96668
chr11-44500000-44600000	-0.855657	-0.04928	0.005562	4.1998
chr11-45000000-45100000	-0.761334	0.141703	-0.326155	2.10815
chr11-45300000-45400000	-0.712091	-0.027743	0.193392	1.60361
chr11-45500000-45600000	-0.784512	0.044169	0.170471	1.278
chr11-72300000-72400000	0.410602	0.246033	-0.256242	2.13473
chr11-45600000-45700000	-0.599804	0.269807	-0.050594	1.55807
chr11-72600000-72700000	0.281476	0.333403	-0.056195	1.8427
chr11-67500000-67600000	0.627125	1.02065	0.081842	1.49876
chr11-45800000-45900000	-0.610687	0.27866	-0.127512	4.84179
chr11-78000000-78100000	0.125663	-0.141785	0.176619	1.82759
chr11-90600000-90700000	-0.186151	-0.117572	0.800628	1.11819
chr11-45900000-46000000	-0.255532	0.2874	-0.30927	3.7757
chr11-64900000-65000000	0.466512	0.316317	-0.314706	6.05769
chr11-46900000-47000000	-0.412887	0.607824	-0.286309	2.29328
chr11-47800000-47900000	-0.510377	0.171963	-0.412814	2.67128
chr11-47900000-48000000	-0.17632	0.031043	-0.243859	2.55263
chr11-60500000-60600000	-0.044092	-0.408753	0.115761	1.57323
chr11-55300000-55400000	-0.360104	-0.585609	0.42833	1.15484
chr11-48800000-48900000	-0.797762	-0.62441	0.455073	1.35004
chr11-48900000-49000000	-0.70655	-0.91282	0.188952	1.31597
chr11-49100000-49200000	-0.835743	-0.674815	-0.071557	1
chr11-54800000-54900000	-0.021959	-0.636076	0.128878	1
chr11-49700000-49800000	-0.997693	-0.446991	0.48074	1
chr11-49800000-49900000	-1.23563	-0.239251	0.223259	1.05822
chr11-5000000-5100000	-0.25786	-0.424213	-0.253102	1.26164
chr11-50900000-51000000	-0.444753	-0.926593	0.541498	0
chr11-51200000-51300000	-0.34618	-0.631244	0.42287	1.06161
chr11-5300000-5400000	-0.336962	-0.071667	-0.187597	2.83259
chr11-800000-900000	-0.453719	0.792574	-0.582808	9.99265
chr11-54900000-55000000	-0.276635	-0.499401	0.375432	1.06833
chr11-66000000-66100000	0.575785	0.422877	-0.13348	9.42312
chr11-55600000-55700000	-0.082116	-0.680124	0.507676	1.19327
chr11-55800000-55900000	0.022704	-0.52926	0.27161	1.0923
chr11-55900000-56000000	-0.222738	-0.23947	0.12705	1.09829
chr11-69600000-69700000	0.517146	0.408139	0.280919	1.51712
chr11-56300000-56400000	-0.483229	-0.312633	0.427149	1.17432
chr11-56700000-56800000	-0.368965	-0.500991	0.440257	1.15958
chr11-56900000-57000000	-0.049421	-0.149614	0.113586	1.82569
chr11-71200000-71300000	0.41058	-0.272433	0.016337	2.52662
chr11-57100000-57200000	0.113809	-0.160398	-0.075037	2.75174
chr11-57300000-57400000	0.199618	-0.285561	-0.222102	3.1693
chr11-57800000-57900000	0.072772	-0.53328	0.217145	3.6737
chr11-93800000-93900000	-0.330678	-0.045988	0.799509	4.88255
chr11-57900000-58000000	0.273022	-0.220001	0.337101	1.28469
chr11-58100000-58200000	0.069191	-0.054249	-0.066103	2.52648
chr11-94100000-94200000	0.017947	0.017154	0.659875	1.5331
chr11-58900000-59000000	0.044159	-0.156228	0.249874	3.58519
chr11-5900000-6000000	-0.806546	-0.332261	-0.280962	1.22778
chr11-59300000-59400000	0.174573	-0.440368	0.013085	3.52528
chr11-59700000-59800000	-0.092031	-0.221313	0.141568	1.18194
chr11-600000-700000	-0.145019	0.637573	-0.650113	6.47196
chr11-6000000-6100000	-0.832315	0.00343	-0.065642	1.32578
chr11-60200000-60300000	-0.117391	-0.412013	0.184953	1.24398
chr11-60300000-60400000	0.17289	-0.66407	0.275758	1.2753
chr11-60600000-60700000	0.252966	-0.155914	0.0943	4.06652
chr11-60800000-60900000	0.156067	-0.29171	0.181839	2.19271
chr11-6100000-6200000	-0.766825	0.267755	-0.339262	2.58033
chr11-61500000-61600000	0.418641	-0.038728	-0.301308	4.60739
chr11-61900000-62000000	0.185361	-0.360555	0.221783	2.84871
chr11-6200000-6300000	-0.460005	0.147501	-0.097955	2.84709
chr11-66300000-66400000	0.316628	0.293326	-0.569495	4.83385
chr11-62000000-62100000	0.275136	-0.282927	-0.11113	1.60693
chr11-62800000-62900000	0.239107	-0.710027	0.474734	1.17961
chr11-62900000-63000000	0.168388	-0.611472	0.134949	1.16372
chr11-63000000-63100000	-0.120207	-0.720062	0.376523	1.15432
chr11-63300000-63400000	0.435324	-0.078568	0.062281	2.69468
chr11-63900000-64000000	0.360858	0.507066	0.051535	6.71884
chr11-6400000-6500000	-0.413507	-0.256324	-0.524927	4.43023
chr11-64100000-64200000	0.248131	0.375187	-0.296131	4.31674
chr11-65400000-65500000	0.645585	0.026804	-0.535663	8.18461
chr11-65500000-65600000	0.460733	0.255404	-0.408079	3.27843
chr11-65900000-66000000	0.244815	0.60237	-0.172755	3.16126
chr11-66100000-66200000	0.278713	0.434703	-0.267952	5.38345
chr11-66900000-67000000	0.057913	0.488024	-0.283372	2.16762
chr11-67900000-68000000	0.200114	0.257618	-0.184877	3.18455
chr11-6800000-6900000	-0.58511	0.191221	-0.061584	1.29742
chr11-68300000-68400000	0.007562	0.468539	-0.265854	2.72182
chr11-68600000-68700000	0.170917	0.735218	-0.083302	4.21268
chr11-9100000-9200000	-0.047134	0.196659	-0.419728	2.80073
chr11-93200000-93300000	0.268847	-0.057133	0.494191	1.74993
chr11-6900000-7000000	-0.787403	-0.08645	-0.265581	2.73332
chr11-70000000-70100000	0.300365	0.330069	-0.149003	3.99313
chr11-70300000-70400000	0.315201	-0.344157	0.187271	2.85397
chr11-70500000-70600000	0.247899	-0.269527	0.036149	2.66188
chr11-70600000-70700000	0.406862	-0.313979	0.395026	3.05174
chr11-70900000-71000000	0.360602	-0.064447	0.339032	3.44198
chr11-71300000-71400000	0.760766	-0.429676	-0.110592	1.15719
chr11-99400000-99500000	0.22784	-0.19378	0.370863	1.14314
chr11-71600000-71700000	0.58389	-0.0052	0.086403	3.20858
chr11-71900000-72000000	0.555138	0.116536	0.041696	5.2367
chr11-7200000-7300000	-0.568122	-0.126164	-0.277799	1.22296
chr11-9000000-9100000	-0.09275	-0.167397	-0.487872	2.40348
chr11-73000000-73100000	0.545558	0.273831	0.028006	8.71678
chr11-73200000-73300000	0.231224	0.06084	-0.168668	1.77413
chr11-73700000-73800000	0.220715	0.25981	-0.150781	2.45398
chr11-73900000-74000000	0.437803	0.230362	-0.017642	2.61806
chr11-74100000-74200000	0.39355	0.159538	0.107342	2.47738
chr11-74200000-74300000	0.360993	-0.178526	-0.046293	2.87711
chr11-74300000-74400000	0.425665	0.185036	0.106416	2.97715
chr11-74500000-74600000	0.20798	0.243049	0.05151	2.35897
chr11-74700000-74800000	0.309427	-0.050764	0.019318	2.42924
chr11-7600000-7700000	-0.808837	0.145113	-0.221442	1.59696
chr11-74800000-74900000	0.456222	-0.377076	0.103279	1.99864
chr11-96500000-96600000	-0.15075	-0.427618	0.5973	1.1428
chr11-74900000-75000000	0.348808	-0.05268	0.217895	2.22483
chr11-75600000-75700000	0.110291	0.357482	0.020534	1.53944
chr11-75700000-75800000	0.351563	0.082914	-0.012914	2.18653
chr11-75900000-76000000	0.50433	0.268251	0.227576	2.3903
chr11-76300000-76400000	0.49165	0.155688	0.204428	2.72092
chr11-76900000-77000000	0.286252	-0.000705	0.403539	2.13883
chr11-7700000-7800000	-0.546995	-0.1244	-0.366748	1.15991
chr11-77100000-77200000	0.076709	0.242917	0.120765	2.46273
chr11-77300000-77400000	0.086748	0.209897	0.023638	3.23525
chr11-77400000-77500000	0.311273	-0.059245	0.208728	1.73913
chr11-8500000-8600000	-0.549686	-0.117477	-0.434341	1.24539
chr11-77600000-77700000	0.52589	-0.503705	-0.10257	1.76881
chr11-77800000-77900000	0.316255	0.054482	0.304648	3.8856
chr11-77900000-78000000	0.110493	0.187168	-0.007622	3.56479
chr11-7800000-7900000	-0.320067	-0.005098	-0.672116	1.36686
chr11-89300000-89400000	0.026755	-0.435863	0.754902	1.51888
chr11-78100000-78200000	0.303976	0.167853	0.342919	2.68723
chr11-78300000-78400000	0.270177	-0.282096	0.428028	1.79452
chr11-78400000-78500000	0.083982	-0.244467	0.08423	2.23565
chr11-78500000-78600000	0.014052	0.041165	0.345634	2.95614
chr11-78600000-78700000	0.124581	-0.237003	0.102096	1.60634
chr11-87200000-87300000	-0.161748	-0.423026	0.318429	1.25478
chr11-96800000-96900000	-0.452253	-0.14775	0.68719	1.31349
chr11-78800000-78900000	0.213276	-0.198127	0.176209	1.81831
chr11-78900000-79000000	0.026956	0.165388	0.148943	2.00153
chr11-7900000-8000000	-0.086457	-0.122154	-0.39531	3.47333
chr11-79000000-79100000	0.07403	-0.215257	0.082961	1.74781
chr11-79100000-79200000	0.135787	-0.019945	0.420874	4.11957
chr11-79200000-79300000	0.010794	-0.428335	0.405324	1.26824
chr11-79400000-79500000	0.022355	-0.438225	0.549765	1.1729
chr11-79700000-79800000	0.060625	-0.3904	0.296272	1.14555
chr11-79900000-80000000	0.211176	-0.170146	0.483199	1.0869
chr11-92100000-92200000	-0.211743	0.058728	0.382497	1.33637
chr11-98300000-98400000	-0.435602	-0.128877	0.761888	1.26217
chr11-80300000-80400000	0.289307	-0.43263	0.385913	1.05672
chr11-80400000-80500000	-0.098819	-0.535817	0.372522	1.06454
chr11-80700000-80800000	-0.00555	-0.444586	0.423967	1.17511
chr11-80900000-81000000	-0.071539	-0.502565	0.336766	1.11572
chr11-81100000-81200000	-0.066099	-0.18934	0.249905	1.15272
chr11-81200000-81300000	-0.338403	-0.467545	0.387364	1.16394
chr11-81600000-81700000	-0.127102	-0.051569	0.436784	1.12092
chr11-81900000-82000000	-0.350982	-0.351629	0.482851	1.15329
chr11-82300000-82400000	-0.133696	-0.412061	0.447541	1.20908
chr11-8300000-8400000	-0.281487	-0.252403	-0.622095	1.44778
chr11-83300000-83400000	-0.409995	-0.164816	0.533797	1.18541
chr11-83500000-83600000	-0.221359	-0.359293	0.489817	1.70179
chr11-83800000-83900000	-0.210279	-0.029645	0.344947	1.1453
chr11-83900000-84000000	-0.0134	-0.36465	0.23757	1.17106
chr11-84300000-84400000	0.072354	-0.308849	0.497979	1.13694
chr11-84600000-84700000	-0.053024	-0.270101	0.14984	1.20813
chr11-84900000-85000000	-0.191638	-0.03158	0.383975	1.12313
chr11-85100000-85200000	-0.393428	-0.325717	0.682622	2.56808
chr11-85800000-85900000	0.189365	-0.116439	0.037534	3.44267
chr11-85900000-86000000	0.172477	0.24805	0.155291	2.57219
chr11-8600000-8700000	-0.147336	-0.190543	-0.460294	2.78506
chr11-86000000-86100000	0.3246	0.055714	0.488769	2.76854
chr11-86300000-86400000	0.065538	0.254329	0.165327	4.26577
chr11-86400000-86500000	0.321487	0.034523	0.311878	3.62921
chr11-8700000-8800000	-0.188904	0.198816	-0.472674	6.42433
chr11-87300000-87400000	0.18379	-0.259232	0.39757	1.27118
chr11-87400000-87500000	0.004259	-0.410468	0.727631	1.20456
chr11-87900000-88000000	-0.007357	-0.320281	0.652436	1.68213
chr11-88000000-88100000	0.054116	0.030895	0.463343	2.38978
chr11-88100000-88200000	0.193468	-0.273628	0.259572	1.61731
chr11-99300000-99400000	0.013402	-0.063345	0.688385	1.43668
chr11-88200000-88300000	-0.111748	-0.022811	0.356462	1.85718
chr11-88300000-88400000	-0.428409	-0.242073	0.536345	1.22092
chr11-88400000-88500000	-0.095739	-0.41708	0.399818	1.17415
chr11-88800000-88900000	0.258062	-0.456619	0.83073	1.14161
chr11-88900000-89000000	0.112048	-0.365454	0.480046	1.31702
chr11-8900000-9000000	-0.195101	0.225549	-0.518124	5.26615
chr11-89100000-89200000	0.338327	-0.354564	0.468253	1.88254
chr11-89200000-89300000	0.072546	-0.074005	0.559303	3.43802
chr11-89500000-89600000	0.123524	-0.436033	1.18431	1.11667
chr11-90100000-90200000	-0.329947	-0.302402	0.735871	1.12298
chr11-90900000-91000000	-0.324998	-0.160447	0.465677	1.1131
chr11-91000000-91100000	-0.010339	-0.400069	0.613054	1.1453
chr11-91100000-91200000	-0.301935	-0.190313	0.808921	1.11908
chr11-91200000-91300000	-0.085548	-0.405903	0.525176	1.10628
chr11-91500000-91600000	0.049964	-0.276936	0.320377	1.16625
chr11-91600000-91700000	-0.04113	-0.261915	0.716801	1.13439
chr11-91700000-91800000	-0.424947	-0.256377	0.567208	1.24955
chr11-91900000-92000000	-0.226655	-0.051094	0.327103	1.3521
chr11-92400000-92500000	0.021746	-0.256911	0.313964	1.41805
chr11-92600000-92700000	-0.053677	-0.338801	0.477076	1.48861
chr11-92700000-92800000	0.040132	-0.03691	0.746745	2.06885
chr11-93000000-93100000	0.219607	-0.172855	0.356144	1.23228
chr11-93300000-93400000	-0.029933	-0.229627	0.700914	2.30757
chr11-99600000-99700000	-0.445152	-0.217092	0.656062	1.3916
chr11-93500000-93600000	0.070867	-0.181446	0.723721	3.21593
chr11-95000000-95100000	-0.110022	0.053862	0.453307	1.39132
chr11-93700000-93800000	-0.106842	0.116233	0.525395	1.69347
chr11-93900000-94000000	0.036258	-0.047229	0.631139	2.413
chr11-9400000-9500000	-0.355861	0.356311	-0.606975	4.31999
chr11-94400000-94500000	-0.087803	0.069488	0.325123	1.82278
chr11-94600000-94700000	0.114459	0.011946	0.59281	3.38426
chr11-94700000-94800000	-0.248546	-0.024025	0.395272	2.76646
chr11-94900000-95000000	0.097291	-0.132162	0.170621	1.82342
chr11-9500000-9600000	-0.0025	0.208471	-0.650679	3.87336
chr11-95300000-95400000	0.196693	-0.016024	0.517898	1.45828
chr11-95400000-95500000	-0.030819	0.132724	0.23241	1.38779
chr11-95700000-95800000	0.174761	0.205174	0.58785	1.96246
chr11-95800000-95900000	-0.089957	0.15779	0.304074	3.02483
chr11-95900000-96000000	0.2923	0.05446	0.330641	2.59898
chr11-96300000-96400000	0.156114	-0.111234	1.24195	0
chr11-98500000-98600000	-0.395098	-0.080869	0.75749	1.11066
chr11-96900000-97000000	-0.077627	-0.294006	0.730229	1.2648
chr11-97000000-97100000	-0.474035	-0.275526	0.613714	1.14644
chr11-97100000-97200000	-0.087852	-0.397349	0.517094	1.15698
chr11-97500000-97600000	-0.226568	0.107184	0.740939	1.32262
chr11-97800000-97900000	-0.003429	-0.23613	0.591759	1.69606
chr11-97900000-98000000	-0.412599	-0.243987	0.543097	1.14987
chr11-98400000-98500000	-0.091749	-0.338938	0.64882	1.16935
chr11-98700000-98800000	-0.051518	-0.294551	0.712571	1.126
chr11-98800000-98900000	-0.445652	-0.150099	0.735695	1.17261
chr11-98900000-99000000	-0.030867	-0.210942	0.641014	1.21032
chr11-99700000-99800000	-0.238333	-0.072357	0.325372	1.17396
chr11-99900000-100000000	-0.222521	0.060851	0.821438	1.12679
