chr15-32500000-32600000	-0.502787	-0.405377	0.507363	1
chr15-23200000-23300000	-0.247458	-0.763725	0.192275	1.29844
chr15-89500000-89600000	0.386089	0.284626	0.719666	3.97403
chr15-69500000-69600000	0.125577	0.36314	0.882511	2.88917
chr15-21800000-21900000	0.328473	-0.363489	-0.651739	0
chr15-76100000-76200000	0.217849	0.796461	0.513654	4.55639
chr15-63300000-63400000	-0.203744	0.679119	0.284854	5.08402
chr15-36700000-36800000	-0.343462	-0.012924	0.726462	1.65465
chr15-100800000-100900000	0.30129	-0.264869	0.380781	1.7016
chr15-25400000-25500000	-0.344379	-0.050914	-0.103143	1.33898
chr15-21100000-21200000	0.328814	-0.362488	-0.650418	0
chr15-81600000-81700000	0.234113	0.351661	0.612163	2.79046
chr15-23600000-23700000	-0.250177	-0.763362	0.188972	1.25128
chr15-102200000-102300000	0.692973	0.273663	0.562119	3.70392
chr15-43400000-43500000	-0.449683	0.662421	0.466503	4.11748
chr15-100400000-100500000	0.516763	-0.154929	0.113234	1.71944
chr15-72700000-72800000	0.14012	0.587433	0.84794	3.81149
chr15-43300000-43400000	-0.49447	0.597853	0.115368	2.76493
chr15-100000000-100100000	0.656608	0.417977	0.453995	3.06264
chr15-48400000-48500000	-0.114716	-0.001403	-0.118814	2.42596
chr15-24200000-24300000	-0.125873	-0.121791	-0.225873	1.19198
chr15-44100000-44200000	-0.40529	0.111861	0.726033	2.5037
chr15-22100000-22200000	0.324678	-0.36759	-0.653951	1
chr15-100700000-100800000	0.268015	0.055357	0.260488	1.21406
chr15-53600000-53700000	0.296674	0.121153	0.063946	1.13187
chr15-100500000-100600000	0.548383	0.105407	0.36149	1.62656
chr15-24600000-24700000	-0.078501	-0.606492	-0.321183	1.06437
chr15-48100000-48200000	0.028225	0.001876	0.189619	1.57506
chr15-40000000-40100000	-0.580157	0.343175	0.298942	2.50067
chr15-37600000-37700000	-0.448238	-0.153771	0.393843	1.19142
chr15-20600000-20700000	0.093195	-0.41334	-0.431999	1.15385
chr15-24500000-24600000	-0.420269	-0.477355	-0.393842	1.24495
chr15-73700000-73800000	0.081798	0.127466	0.65373	1.29434
chr15-66500000-66600000	-0.284475	0.505048	0.43872	2.61021
chr15-44500000-44600000	-0.23865	0.055149	0.663227	2.26019
chr15-40800000-40900000	-0.646072	0.445753	0.490201	3.13037
chr15-88400000-88500000	0.425411	-0.034139	0.027679	1.3282
chr15-100100000-100200000	0.30875	0.399825	0.413673	3.28398
chr15-26500000-26600000	0.163133	-0.296089	-0.051712	1.17087
chr15-20500000-20600000	0.219221	-0.533902	-0.117888	1.62321
chr15-100300000-100400000	0.806096	-0.135793	0.359609	1.31298
chr15-70000000-70100000	-0.0573	0.202555	0.824773	2.31008
chr15-58200000-58300000	0.076334	0.181152	0.168704	1.22012
chr15-25200000-25300000	-0.060884	-0.368088	0.088154	3.10675
chr15-87200000-87300000	0.564679	-0.136065	-0.022702	1.13172
chr15-43500000-43600000	-0.232446	0.452042	0.620356	1.55496
chr15-56800000-56900000	0.221825	0.552604	-0.241621	1.34762
chr15-36200000-36300000	-0.39171	0.201951	0.412771	1.26769
chr15-30200000-30300000	-0.124246	-0.331525	0.738992	2.69266
chr15-56300000-56400000	-0.091642	0.322458	-0.274061	2.0725
chr15-38400000-38500000	-0.320411	0.152382	0.76233	1.63935
chr15-32400000-32500000	-0.504126	-0.403489	0.505058	1.16393
chr15-100600000-100700000	0.508233	0.210509	0.030532	2.58109
chr15-23800000-23900000	0.104687	-0.271923	-0.081893	1.369
chr15-81800000-81900000	0.367241	0.257736	0.533499	1.35084
chr15-92600000-92700000	0.63543	0.036753	0.025493	1.58016
chr15-54400000-54500000	0.300764	0.2138	-0.14031	1.26233
chr15-102000000-102100000	0.307999	-0.287729	0.520217	2.10418
chr15-87500000-87600000	0.411154	-0.307934	0.125448	1.07518
chr15-45800000-45900000	-0.213719	-0.219692	0.499595	3.77471
chr15-89000000-89100000	0.327624	-0.282069	0.607941	3.30658
chr15-90700000-90800000	0.115337	0.184631	0.858998	5.44901
chr15-92800000-92900000	0.348213	-0.032707	0.051629	1.22201
chr15-69200000-69300000	0.017645	0.313796	0.842421	1.94501
chr15-67400000-67500000	-0.1193	0.865715	0.728233	6.25828
chr15-63400000-63500000	0.056728	0.679741	0.547329	4.62942
chr15-100200000-100300000	0.573992	0.162565	0.451223	2.84704
chr15-30400000-30500000	-0.065514	-0.600588	0.925719	3.58272
chr15-27000000-27100000	-0.059777	-0.372925	0.084111	1.15848
chr15-85000000-85100000	1.01807	0.470206	0.121405	1.39837
chr15-100900000-101000000	0.615728	-0.199627	0.206885	1.18223
chr15-59900000-60000000	0.009892	0.313803	0.018436	3.67157
chr15-102400000-102500000	0.927218	0.188792	1.05493	1.28882
chr15-47200000-47300000	0.045502	-0.061422	0.015574	1.08741
chr15-29200000-29300000	-0.444891	-0.147795	0.067742	4.12858
chr15-101800000-101900000	0.475206	0.072924	0.586373	3.68797
chr15-34600000-34700000	-0.799672	0.083457	0.483698	3.97143
chr15-101000000-101100000	0.407153	0.089744	0.155193	1.19775
chr15-37700000-37800000	-0.186249	-0.232271	0.607856	1.26462
chr15-102100000-102200000	0.485527	-0.008913	0.592871	3.81608
chr15-102300000-102400000	0.750312	0.155138	0.895475	1.88447
chr15-93000000-93100000	0.5625	-0.139711	0.107837	1.18614
chr15-24100000-24200000	-0.199897	-0.407859	-0.018708	1.35587
chr15-77300000-77400000	0.307559	0.512073	0.712768	3.3274
chr15-86100000-86200000	0.369436	0.32628	0.545037	2.37534
chr15-51100000-51200000	-0.055186	0.550025	0.186368	2.26795
chr15-101500000-101600000	0.639505	0.25461	0.653483	2.04887
chr15-42100000-42200000	-0.409823	0.738301	0.136171	3.84751
chr15-68600000-68700000	0.148693	0.67912	0.853527	4.95042
chr15-66200000-66300000	0.027913	0.518317	0.634323	2.25351
chr15-101100000-101200000	0.648316	0.038267	0.45372	2.99628
chr15-68100000-68200000	0.136703	0.623678	0.9509	2.73486
chr15-33500000-33600000	-0.135963	-0.204665	0.367364	1.47876
chr15-101600000-101700000	0.440901	-0.049083	0.720569	4.1238
chr15-101200000-101300000	0.453832	-0.0954	0.731977	3.86162
chr15-20300000-20400000	0.275085	-0.884987	-0.040223	1.11026
chr15-91200000-91300000	0.520609	0.194938	0.807047	3.65028
chr15-46300000-46400000	-0.137173	-0.116871	0.307058	1.26559
chr15-101300000-101400000	0.166347	0.095375	0.767581	2.16225
chr15-56600000-56700000	0.237981	0.195189	-0.212697	2.0305
chr15-54000000-54100000	0.17639	0.023411	-0.274051	1.17788
chr15-43600000-43700000	-0.398107	0.466351	0.320408	4.21876
chr15-101400000-101500000	0.354833	0.20693	0.478771	2.75114
chr15-68000000-68100000	-0.056614	0.457569	0.677308	1.60202
chr15-39100000-39200000	-0.451874	0.346139	0.762948	3.85131
chr15-101700000-101800000	0.124582	0.056372	0.706405	4.89344
chr15-60700000-60800000	0.262173	0.387774	-0.196387	2.88041
chr15-24700000-24800000	-0.250782	-0.402535	-0.504285	1
chr15-48600000-48700000	-0.293588	0.270209	-0.022184	2.79817
chr15-42300000-42400000	-0.240848	0.685569	0.464804	1.64714
chr15-31800000-31900000	-0.03603	-0.366784	0.413255	2.11752
chr15-22300000-22400000	0.324021	-0.370655	-0.654872	1.1266
chr15-40600000-40700000	-0.415085	0.700094	0.621282	8.56984
chr15-20000000-20100000	0.309217	-0.981469	0.247163	1.09787
chr15-97100000-97200000	0.591545	0.198179	0.26291	1.22906
chr15-28000000-28100000	-0.039392	-0.275444	-0.005646	1.7685
chr15-101900000-102000000	0.165588	0.021707	0.438701	1.93938
chr15-60500000-60600000	0.165111	0.248523	-0.173308	1.1833
chr15-51700000-51800000	-0.169149	-0.03292	0.253565	1.49224
chr15-20100000-20200000	0.273914	-0.88239	-0.038625	1.18108
chr15-82100000-82200000	0.445707	0.58352	0.614587	1.41629
chr15-97800000-97900000	0.32515	-0.378757	0.28604	1.08306
chr15-68300000-68400000	-0.201967	0.578825	0.994446	2.36811
chr15-24400000-24500000	-0.420121	-0.474773	-0.391845	1.05168
chr15-95200000-95300000	0.546029	-0.069203	0.444977	1.13581
chr15-26800000-26900000	-0.041122	-0.372751	0.100738	1.55841
chr15-24300000-24400000	-0.108075	-0.465033	-0.178849	1.11639
chr15-80200000-80300000	0.470369	0.722057	0.332898	2.8954
chr15-59600000-59700000	0.013816	0.648738	0.085234	2.92545
chr15-59400000-59500000	0.019766	0.561962	0.159838	3.53614
chr15-59200000-59300000	0.103186	0.667099	-0.152422	3.98167
chr15-93700000-93800000	0.616916	0.100776	-0.006576	1.23817
chr15-22700000-22800000	-0.260811	-0.5037	-0.096403	1.17622
chr15-75500000-75600000	0.313935	1.09669	0.761853	2.74177
chr15-80700000-80800000	0.291884	0.776996	0.56483	4.18174
chr15-68700000-68800000	-0.102695	0.477293	0.723551	4.12708
chr15-60800000-60900000	0.25672	0.61739	0.085972	3.20885
chr15-48200000-48300000	-0.149424	-0.00264	-0.118939	1.46699
chr15-44700000-44800000	-0.326135	-0.019698	0.77964	2.80376
chr15-79000000-79100000	0.555249	0.810376	0.383928	2.30779
chr15-79800000-79900000	0.586758	0.318914	0.347606	1.2742
chr15-80300000-80400000	0.29515	0.494584	0.564751	2.14538
chr15-44300000-44400000	-0.288604	0.382785	0.283386	1.68832
chr15-39700000-39800000	-0.416477	0.313783	0.883592	1.76004
chr15-20400000-20500000	0.27733	-0.885311	-0.042573	1.26059
chr15-88600000-88700000	0.305163	0.161035	0.190901	1.18369
chr15-93300000-93400000	0.452881	-0.145373	0.406416	5.3581
chr15-93500000-93600000	0.563682	-0.075092	0.527371	3.21446
chr15-48700000-48800000	-0.237664	0.312338	0.342321	2.82803
chr15-84200000-84300000	0.262879	-0.081435	0.447548	1.21016
chr15-20700000-20800000	0.091628	-0.415515	-0.433866	1
chr15-66300000-66400000	0.000423	0.718764	0.379277	1.29974
chr15-31700000-31800000	-0.222492	-0.13502	0.634055	3.77264
chr15-24800000-24900000	-0.160542	-0.251834	-0.194198	1.09762
chr15-20800000-20900000	0.091596	-0.414683	-0.427092	2.0274
chr15-69900000-70000000	0.090267	0.446969	0.632588	1.32797
chr15-56000000-56100000	0.220309	0.312411	0.094824	2.03674
chr15-49300000-49400000	-0.48115	0.29537	0.108748	2.94357
chr15-23000000-23100000	-0.247994	-0.761665	0.190281	3.45768
chr15-69700000-69800000	0.226068	0.464538	0.953271	3.69482
chr15-34200000-34300000	-0.271578	0.138106	0.578488	1.66204
chr15-21600000-21700000	0.328263	-0.360447	-0.652909	0
chr15-54600000-54700000	0.130729	-0.2332	0.084186	1.10468
chr15-21900000-22000000	0.327415	-0.366468	-0.652565	1.4216
chr15-26000000-26100000	-0.600238	-0.062516	-0.041478	6.35158
chr15-24000000-24100000	0.115685	-0.262772	-0.069821	1.28032
chr15-31000000-31100000	-0.069351	-0.605658	0.932217	1.21695
chr15-86200000-86300000	0.449151	0.117206	0.808554	2.7347
chr15-91400000-91500000	0.188486	-0.169534	0.861776	6.43917
chr15-26400000-26500000	-0.14137	-0.123924	-0.113303	1.27121
chr15-22400000-22500000	0.257823	-0.287901	-0.316365	1.32354
chr15-22800000-22900000	-0.307695	-0.201263	0.029192	4.50701
chr15-37800000-37900000	-0.06233	0.012245	0.39707	1.21743
chr15-80500000-80600000	0.558171	0.439387	0.375627	1.27459
chr15-22500000-22600000	-0.087534	-0.298022	-0.363352	1.64623
chr15-68900000-69000000	0.087264	0.486429	0.92116	4.75309
chr15-44900000-45000000	-0.304679	-0.046063	0.741729	3.05102
chr15-22900000-23000000	-0.173234	-0.454908	0.213031	4.53608
chr15-23400000-23500000	-0.250428	-0.76238	0.192077	1
chr15-81400000-81500000	0.370786	0.752431	0.096958	3.02715
chr15-90800000-90900000	0.453395	0.288182	0.756024	3.44782
chr15-52200000-52300000	-0.129023	0.490985	0.038566	3.12121
chr15-23100000-23200000	-0.24985	-0.764349	0.19014	1
chr15-50500000-50600000	-0.290943	0.323465	0.439542	1.58108
chr15-41300000-41400000	-0.559479	0.71367	0.31199	2.51526
chr15-83600000-83700000	0.480713	0.389908	0.144712	3.95461
chr15-94500000-94600000	0.479812	0.007239	0.119981	1.26776
chr15-69800000-69900000	0.065204	0.159561	0.864296	1.69336
chr15-25100000-25200000	0.07937	-0.287723	-0.225408	2.17301
chr15-41500000-41600000	-0.529786	0.643525	0.317969	3.2153
chr15-23700000-23800000	-0.118531	-0.47019	0.138733	1.16965
chr15-25000000-25100000	-0.27114	-0.189632	-0.101202	1.78574
chr15-78100000-78200000	0.338784	0.67709	0.16798	1.5311
chr15-23900000-24000000	-0.150862	-0.468792	0.048607	1.93645
chr15-24900000-25000000	-0.068242	-0.458935	0.084419	1.18452
chr15-58000000-58100000	0.236663	0.034189	-0.00808	1.52579
chr15-25300000-25400000	-0.425644	-0.350408	0.104916	1.54745
chr15-56200000-56300000	-0.352726	0.29535	-0.045966	2.59839
chr15-36400000-36500000	-0.560986	0.13926	0.437275	1.31185
chr15-90500000-90600000	0.075426	0.174392	0.824253	4.87392
chr15-70100000-70200000	-0.001383	0.369939	0.530877	2.36453
chr15-25500000-25600000	-0.060585	0.102157	-0.265303	1.50493
chr15-65200000-65300000	-0.152444	0.635545	0.784552	3.13316
chr15-38000000-38100000	-0.195784	0.151604	0.508271	1.54261
chr15-25600000-25700000	-0.304504	-0.007248	-0.037074	3.79554
chr15-67800000-67900000	0.085763	0.427331	1.00665	4.67722
chr15-94800000-94900000	0.532628	-0.091105	0.487308	1.90504
chr15-34800000-34900000	-0.621634	-0.145635	0.849516	4.6307
chr15-25700000-25800000	-0.20628	-0.239233	0.220593	1.71141
chr15-70800000-70900000	0.177741	0.426164	0.750658	2.51374
chr15-90600000-90700000	0.267894	0.447381	0.694501	4.11602
chr15-25800000-25900000	-0.297539	-0.115396	-0.127416	1.33435
chr15-85100000-85200000	1.01534	0.471405	0.12274	5.41399
chr15-25900000-26000000	-0.375407	-0.126103	0.241627	3.59418
chr15-26100000-26200000	-0.330865	-0.085862	0.197147	4.16935
chr15-26200000-26300000	-0.134659	-0.093247	-0.117261	1.34618
chr15-82500000-82600000	0.829375	0.653184	0.454483	1.91499
chr15-53300000-53400000	-0.107163	0.022697	-0.053967	1.17183
chr15-39400000-39500000	-0.571192	0.340483	0.567335	4.06472
chr15-26300000-26400000	0.130988	-0.239815	0.079147	2.49068
chr15-71300000-71400000	0.036029	0.238915	1.02035	2.2494
chr15-99600000-99700000	0.374251	-0.118002	0.569045	3.34425
chr15-64200000-64300000	0.041707	0.807913	0.212799	2.34502
chr15-26600000-26700000	-0.163724	-0.28825	0.070957	1.19761
chr15-64300000-64400000	0.006427	0.914018	0.554481	3.11542
chr15-35300000-35400000	-0.487055	0.143643	0.369411	1.61993
chr15-91600000-91700000	0.417436	0.195725	0.313037	1.13627
chr15-26700000-26800000	0.10023	-0.118031	-0.119269	1.14602
chr15-79300000-79400000	0.300408	0.274117	0.245169	1.43665
chr15-84700000-84800000	0.810401	0.289852	0.13133	1.40141
chr15-26900000-27000000	-0.085568	-0.052166	-0.086658	1.20156
chr15-70400000-70500000	0.173187	0.619165	0.463053	2.1027
chr15-27100000-27200000	-0.083446	-0.123038	-0.183686	1.51471
chr15-96500000-96600000	0.313732	0.226579	0.496832	1.56796
chr15-50800000-50900000	-0.286844	0.388764	0.177701	1.90696
chr15-69100000-69200000	0.109989	0.655069	0.892523	6.62366
chr15-29800000-29900000	0.076198	-0.23877	0.341009	1.20945
chr15-83400000-83500000	0.635699	0.45846	0.164495	3.22434
chr15-85200000-85300000	0.727275	0.388039	0.266985	4.71875
chr15-65400000-65500000	-0.227198	0.84336	0.483178	4.01455
chr15-65100000-65200000	-0.270243	0.948697	0.723117	8.5595
chr15-49100000-49200000	-0.379519	0.339025	0.017164	3.1937
chr15-34700000-34800000	-0.792522	-0.287815	0.581332	1.55589
chr15-27200000-27300000	0.005604	-0.368027	0.065475	1.21222
chr15-27300000-27400000	-0.164619	-0.150809	0.297397	1.24022
chr15-61700000-61800000	0.145791	0.244241	-0.19024	1.25044
chr15-58400000-58500000	0.111673	0.337375	-0.246661	1.27455
chr15-27400000-27500000	-0.166585	-0.337487	-0.011125	1.28634
chr15-96700000-96800000	0.375445	-0.304818	0.684404	1.69622
chr15-58600000-58700000	0.014944	0.685273	0.136613	2.92913
chr15-54500000-54600000	0.262941	-0.125599	-0.227832	1.10072
chr15-38600000-38700000	-0.499669	0.005279	0.621294	1.75799
chr15-27500000-27600000	0.14762	-0.139898	-0.061187	1.28962
chr15-54200000-54300000	0.081578	-0.021036	0.254218	1.16318
chr15-49500000-49600000	-0.520644	0.319068	0.117839	1.96466
chr15-27600000-27700000	-0.141806	-0.119174	0.156504	1.20692
chr15-32700000-32800000	-0.503358	-0.402489	0.505947	1
chr15-27700000-27800000	-0.028579	-0.445025	0.180156	1.32195
chr15-27800000-27900000	-0.003371	-0.202776	-0.06286	1.25582
chr15-89300000-89400000	0.323419	0.07316	0.534709	1.45059
chr15-98100000-98200000	0.426461	-0.045705	0.004846	1.15548
chr15-27900000-28000000	-0.113777	0.007297	0.219937	1.41343
chr15-28100000-28200000	-0.012209	-0.356312	0.357323	1.19725
chr15-28200000-28300000	-0.006033	-0.309124	-0.008196	1.28407
chr15-80800000-80900000	0.170466	0.701205	0.248081	2.91668
chr15-62800000-62900000	0.203489	0.691035	0.083472	1.85475
chr15-53500000-53600000	-0.058928	0.09795	-0.00149	1.13555
chr15-28300000-28400000	-0.297659	-0.14739	-0.169855	3.02198
chr15-28400000-28500000	-0.606773	-0.249996	-0.021886	2.52989
chr15-59300000-59400000	-0.198017	0.481885	-0.115444	2.36091
chr15-57000000-57100000	0.147117	0.599049	0.080256	3.57003
chr15-33600000-33700000	-0.221105	-0.055321	0.038851	1.11608
chr15-28500000-28600000	-0.92901	-0.277541	-0.173557	2.83615
chr15-73200000-73300000	0.242801	0.389503	0.60504	2.21166
chr15-28600000-28700000	-0.925882	-0.27848	-0.17349	1.70455
chr15-62400000-62500000	-0.03711	0.451568	0.161059	1.91259
chr15-62300000-62400000	0.129644	0.45397	-0.148297	2.70066
chr15-53700000-53800000	-0.027519	0.051018	0.215759	1.20301
chr15-28700000-28800000	-0.926683	-0.281524	-0.174365	1.10511
chr15-62000000-62100000	-0.050676	0.166398	0.0091	1.22467
chr15-57500000-57600000	0.206687	0.625917	0.010765	2.10506
chr15-35800000-35900000	-0.498832	0.128353	0.510443	3.84723
chr15-31300000-31400000	-0.061507	-0.266546	0.689565	1.91152
chr15-75800000-75900000	0.296189	0.82962	0.846002	3.49753
chr15-28900000-29000000	-0.924529	-0.283957	-0.17403	1.10964
chr15-47800000-47900000	-0.138894	0.02826	0.287243	1.73368
chr15-30300000-30400000	-0.06615	-0.600187	0.928898	1.57593
chr15-72300000-72400000	0.02255	0.278346	1.06833	1.94681
chr15-29000000-29100000	-0.92422	-0.280955	-0.17278	1.04971
chr15-29100000-29200000	-0.744283	-0.132832	-0.111245	3.841
chr15-29300000-29400000	-0.307471	0.134927	-0.073328	3.05059
chr15-94300000-94400000	0.530604	-0.183696	0.383419	1.10686
chr15-67700000-67800000	-0.224648	0.336063	0.83541	1.56069
chr15-29400000-29500000	-0.317412	-0.085557	0.220779	2.28748
chr15-41200000-41300000	-0.350326	0.682658	0.560484	5.84861
chr15-41100000-41200000	-0.626277	0.589834	0.382512	4.11732
chr15-36100000-36200000	-0.385981	0.00284	0.709174	1.30556
chr15-63700000-63800000	-0.139707	0.72883	0.254789	4.00642
chr15-43700000-43800000	-0.38163	0.270208	0.629787	2.50914
chr15-29500000-29600000	-0.039053	-0.283219	0.304721	3.0755
chr15-67500000-67600000	0.235215	0.835728	0.737477	2.44482
chr15-67100000-67200000	0.063828	0.71421	0.820848	5.1488
chr15-56100000-56200000	-0.064505	0.498712	-0.035948	2.41967
chr15-52300000-52400000	-0.377236	0.238676	0.047993	3.06608
chr15-29600000-29700000	-0.206877	-0.054657	0.113941	1.21418
chr15-70600000-70700000	-0.129004	0.373533	0.611812	1.44438
chr15-74400000-74500000	-0.032321	0.775842	0.662884	2.45652
chr15-78600000-78700000	0.442287	0.498192	0.536398	1.88139
chr15-92100000-92200000	0.480371	0.129957	0.040956	1.30649
chr15-61200000-61300000	-0.06065	0.507183	0.002549	3.49185
chr15-29700000-29800000	-0.274163	-0.332402	0.286343	1.25099
chr15-81300000-81400000	0.491258	0.468467	0.292468	1.85909
chr15-92500000-92600000	0.520566	0.099178	0.37065	1.5384
chr15-32200000-32300000	0.068068	-0.199766	0.116961	1.33037
chr15-54800000-54900000	-0.026002	0.085467	-0.052312	1.14456
chr15-29900000-30000000	-0.262209	-0.144029	0.241118	3.9772
chr15-74000000-74100000	-0.136722	0.426247	0.653342	2.56982
chr15-50600000-50700000	-0.401444	0.364476	0.086122	3.93691
chr15-30000000-30100000	-0.048213	-0.249835	0.540914	2.24533
chr15-94400000-94500000	0.194662	-0.050947	0.337414	1.11703
chr15-94600000-94700000	0.480499	-0.326223	0.260148	1.11031
chr15-38100000-38200000	-0.170026	-0.178232	0.670855	2.16267
chr15-30100000-30200000	-0.296407	-0.040523	0.670916	3.61442
chr15-30500000-30600000	-0.066403	-0.603682	0.926273	1
chr15-89100000-89200000	0.427825	0.060884	0.533298	3.8887
chr15-61600000-61700000	0.321311	0.185107	0.111044	1.15888
chr15-50300000-50400000	-0.254998	0.491242	-0.113627	1.74744
chr15-30600000-30700000	-0.06572	-0.605093	0.929139	1.03873
chr15-30900000-31000000	-0.068916	-0.605748	0.928981	1.3987
chr15-55800000-55900000	0.332449	0.426548	-0.150317	3.06326
chr15-42600000-42700000	-0.331647	0.81792	0.181903	2.10211
chr15-99400000-99500000	0.461813	0.108018	0.572224	4.91869
chr15-31100000-31200000	-0.2038	-0.373895	0.687196	3.23777
chr15-57700000-57800000	0.261963	0.398589	-0.028199	1.68428
chr15-51600000-51700000	0.006339	0.061217	0.543873	1.62613
chr15-51000000-51100000	-0.361256	0.392143	0.217715	2.64373
chr15-57300000-57400000	0.126209	0.599259	0.160973	1.99175
chr15-31200000-31300000	-0.234595	-0.241785	0.380379	3.4683
chr15-66800000-66900000	0.111302	0.925699	0.734439	2.41028
chr15-64700000-64800000	-0.344351	1.04588	0.407453	2.41511
chr15-39600000-39700000	-0.431083	0.305416	0.546187	1.8241
chr15-31600000-31700000	-0.138843	-0.239321	0.311332	5.0215
chr15-31400000-31500000	-0.199153	-0.335268	0.357792	1.39159
chr15-46700000-46800000	0.086168	-0.361468	0.089249	1.20553
chr15-84600000-84700000	0.484206	0.211486	0.033436	1.20673
chr15-39300000-39400000	-0.477377	0.508445	0.265529	2.2558
chr15-31500000-31600000	-0.454306	-0.069496	0.423327	2.0308
chr15-31900000-32000000	-0.028664	-0.665884	0.552926	2.87986
chr15-32000000-32100000	0.161565	-0.426755	0.338423	1.50742
chr15-32100000-32200000	-0.130718	-0.305763	0.390428	1.72077
chr15-32300000-32400000	-0.22088	-0.337235	0.308535	1.15875
chr15-89600000-89700000	0.427423	0.290103	0.379646	3.27513
chr15-32900000-33000000	-0.502748	-0.400094	0.503811	3.03035
chr15-77900000-78000000	0.164196	0.469157	0.404217	1.42504
chr15-59500000-59600000	0.085786	0.409338	-0.151431	3.37956
chr15-97000000-97100000	0.485705	-0.021263	0.524458	1.22582
chr15-33000000-33100000	-0.421177	-0.094935	0.394362	2.97193
chr15-73300000-73400000	0.06902	0.187689	0.832117	2.9072
chr15-80400000-80500000	0.261349	0.627373	0.240102	4.09771
chr15-66100000-66200000	-0.269284	0.701348	0.655606	3.55312
chr15-60100000-60200000	0.149114	0.21412	0.13757	1.17428
chr15-46800000-46900000	-0.049937	-0.024558	0.136258	1.25224
chr15-93800000-93900000	0.565727	-0.166005	0.205849	1.18014
chr15-33100000-33200000	-0.234054	0.120495	0.589972	4.26858
chr15-77100000-77200000	0.197979	0.939574	0.279245	2.59182
chr15-33200000-33300000	-0.446854	0.085359	0.324132	2.3034
chr15-53800000-53900000	0.144267	-0.239033	0.339426	1.09059
chr15-33300000-33400000	-0.36584	-0.200784	0.513884	3.76128
chr15-37000000-37100000	-0.54567	0.083385	0.51593	1.5441
chr15-33400000-33500000	-0.318642	0.109781	0.392566	2.85847
chr15-64100000-64200000	-0.25071	0.6812	0.384176	3.15256
chr15-95300000-95400000	0.252521	-0.238609	0.515058	1.36552
chr15-37400000-37500000	-0.072075	-0.182459	0.788805	1.36832
chr15-33700000-33800000	-0.192302	-0.23692	0.346009	1.2178
chr15-40100000-40200000	-0.588532	0.404364	0.651607	2.27391
chr15-33800000-33900000	0.102294	-0.061045	0.322136	1.13959
chr15-86500000-86600000	0.235743	-0.139961	0.343432	1.14914
chr15-33900000-34000000	-0.003617	0.032032	0.002413	1.23455
chr15-67000000-67100000	0.10944	0.851154	0.502377	5.90941
chr15-54700000-54800000	0.325552	0.005898	-0.101192	1.10988
chr15-50200000-50300000	-0.468506	0.382005	0.170868	1.90044
chr15-72400000-72500000	-0.092159	0.426424	0.78344	3.93219
chr15-78800000-78900000	0.405168	0.539683	0.568293	3.49308
chr15-96000000-96100000	0.456008	0.022862	0.526407	1.39387
chr15-65700000-65800000	-0.058981	0.780465	0.57932	4.24993
chr15-34000000-34100000	-0.30328	0.036424	0.214919	1.54038
chr15-61500000-61600000	0.062727	0.207374	-0.139584	2.22642
chr15-34100000-34200000	-0.110671	-0.164991	0.444518	1.61008
chr15-34300000-34400000	-0.34646	-0.171689	0.405263	3.83861
chr15-36000000-36100000	-0.497403	-0.045776	0.365346	1.70002
chr15-34400000-34500000	-0.167148	-0.112018	0.715765	1.77672
chr15-34500000-34600000	-0.459675	-0.027383	0.523345	3.78106
chr15-34900000-35000000	-0.409801	-0.043065	0.581736	1.45906
chr15-35000000-35100000	-0.30442	0.296375	0.487251	1.98681
chr15-82200000-82300000	0.671965	0.438911	0.414113	1.54171
chr15-39500000-39600000	-0.464401	0.568937	0.791487	3.95213
chr15-35100000-35200000	-0.399344	-0.000902	0.340354	1.83825
chr15-79200000-79300000	0.350209	0.559222	0.469334	3.69233
chr15-68800000-68900000	-0.173634	0.27651	0.991994	5.27705
chr15-51400000-51500000	-0.274646	0.378928	-0.000319	1.7899
chr15-35200000-35300000	-0.35673	0.084898	0.697491	3.55961
chr15-35400000-35500000	-0.425912	0.025885	0.699493	1.77559
chr15-91800000-91900000	0.166956	-0.137748	0.38872	1.30224
chr15-64400000-64500000	-0.235995	0.726539	0.356502	3.61612
chr15-35500000-35600000	-0.548089	-0.017353	0.376985	1.49514
chr15-86700000-86800000	0.197584	-0.195021	0.291742	1.15718
chr15-55200000-55300000	0.2133	0.12084	-0.178404	1.09843
chr15-46600000-46700000	0.239121	-0.12586	-0.131986	1.0632
chr15-40700000-40800000	-0.500169	0.436814	0.807721	4.66315
chr15-35600000-35700000	-0.218218	-0.177906	0.422274	1.49732
chr15-66700000-66800000	-0.123673	0.640763	0.811199	3.41715
chr15-51800000-51900000	-0.214079	0.088787	-0.078908	1.57977
chr15-71000000-71100000	-0.018696	0.202839	0.951625	6.00189
chr15-60300000-60400000	0.18587	0.413134	-0.164756	1.9637
chr15-35700000-35800000	-0.28647	-0.074611	0.747835	1.49458
chr15-71700000-71800000	0.182072	0.427621	1.03248	2.20453
chr15-35900000-36000000	-0.264817	-0.084999	0.639255	1.71431
chr15-75900000-76000000	0.056761	0.90328	0.607211	8.23658
chr15-43800000-43900000	-0.696031	0.27076	0.698854	5.86395
chr15-36300000-36400000	-0.337449	-0.140204	0.517589	1.26657
chr15-83300000-83400000	0.31715	0.274592	0.187138	1.91052
chr15-70300000-70400000	-0.099359	0.443851	0.633774	3.49314
chr15-36500000-36600000	-0.428595	0.267644	0.124288	1.20357
chr15-65600000-65700000	-0.14273	0.528585	0.807179	2.42932
chr15-45700000-45800000	-0.024672	0.055384	0.374767	3.06387
chr15-72000000-72100000	0.152065	0.552391	0.918085	2.82876
chr15-89800000-89900000	0.516668	0.22926	0.475209	3.89201
chr15-52700000-52800000	-0.055421	0.239909	-0.13821	2.17913
chr15-36600000-36700000	-0.525269	0.171898	0.46964	1.88014
chr15-72600000-72700000	0.05695	0.308611	1.00311	3.5071
chr15-94200000-94300000	0.416171	-0.016506	0.07247	1.12298
chr15-50000000-50100000	-0.419865	0.34904	0.140941	1.43526
chr15-76000000-76100000	0.317075	1.15172	0.573384	3.75934
chr15-98200000-98300000	0.397195	-0.315644	0.250808	1.17978
chr15-36800000-36900000	-0.433772	0.195906	0.450128	3.64432
chr15-78200000-78300000	0.346609	1.06088	0.195503	3.58751
chr15-36900000-37000000	-0.298341	0.061869	0.761601	1.9456
chr15-64500000-64600000	-0.146878	0.722185	0.703671	1.76547
chr15-51300000-51400000	-0.450257	0.079315	0.112473	2.48331
chr15-73600000-73700000	0.337579	0.369432	0.651357	1.81551
chr15-60600000-60700000	0.011382	0.541302	9e-05	4.74136
chr15-48500000-48600000	-0.172824	0.010581	0.232526	1.28722
chr15-37500000-37600000	-0.148577	-0.321396	0.478859	1.31182
chr15-37100000-37200000	-0.237896	0.027918	0.70626	1.63375
chr15-73800000-73900000	-0.077161	0.450348	0.671666	2.43351
chr15-95100000-95200000	0.49462	-0.146465	0.082541	1.21381
chr15-55100000-55200000	0.202873	-0.158045	0.045813	1.1208
chr15-46100000-46200000	0.073765	-0.334313	0.05251	1.16161
chr15-37200000-37300000	-0.348448	0.14628	0.360839	1.46508
chr15-37300000-37400000	-0.272938	0.123137	0.708377	3.41817
chr15-37900000-38000000	-0.351029	0.002497	0.21955	1.18079
chr15-52000000-52100000	-0.226444	0.449825	-0.034083	3.03786
chr15-38200000-38300000	-0.472554	0.032977	0.602138	1.95724
chr15-41000000-41100000	-0.518936	0.367863	0.608346	4.32261
chr15-65000000-65100000	-0.158422	0.704179	0.502122	1.91002
chr15-38300000-38400000	-0.36148	0.344396	0.465665	3.23552
chr15-41600000-41700000	-0.357102	0.788193	0.559848	2.41373
chr15-38500000-38600000	-0.52292	0.345315	0.566574	3.56945
chr15-67200000-67300000	-0.27187	0.870144	0.804936	2.52048
chr15-38700000-38800000	-0.383683	0.316735	0.465877	2.24721
chr15-38800000-38900000	-0.424891	0.167389	0.79793	1.80675
chr15-38900000-39000000	-0.369699	0.304732	0.493564	1.54209
chr15-60400000-60500000	0.229215	0.276256	0.179425	1.44086
chr15-42700000-42800000	-0.42203	0.527836	0.336849	3.17999
chr15-39000000-39100000	-0.325477	0.019521	0.74504	3.07733
chr15-64800000-64900000	-0.022606	0.954031	0.490304	2.21886
chr15-39200000-39300000	-0.558524	0.233487	0.470766	2.29915
chr15-39800000-39900000	-0.308702	0.324774	0.569396	3.1667
chr15-50700000-50800000	-0.335403	0.680293	-0.054507	2.68287
chr15-39900000-40000000	-0.336608	0.604887	0.322524	2.24536
chr15-89700000-89800000	0.204465	0.106927	0.582631	3.07556
chr15-59000000-59100000	-0.323035	0.406011	-0.058593	3.90697
chr15-55400000-55500000	0.32793	0.008639	-0.206935	2.89392
chr15-71600000-71700000	-0.134856	0.560927	0.939046	3.56689
chr15-40200000-40300000	-0.43517	0.707346	0.636871	4.20581
chr15-66000000-66100000	-0.159711	0.407271	0.821706	2.4877
chr15-40300000-40400000	-0.502102	0.551388	0.308474	6.97605
chr15-59100000-59200000	-0.05189	0.575496	0.155795	2.22204
chr15-57800000-57900000	-0.052395	0.324633	0.149362	2.29417
chr15-40400000-40500000	-0.528879	0.40122	0.61412	2.05825
chr15-73500000-73600000	0.196484	0.607673	0.402199	2.4115
chr15-40500000-40600000	-0.269499	0.419859	0.792431	2.82243
chr15-40900000-41000000	-0.387833	0.669613	0.468369	2.92872
chr15-52400000-52500000	-0.194682	0.198045	0.357781	3.66408
chr15-49700000-49800000	-0.558471	0.571152	-0.010394	1.71319
chr15-41400000-41500000	-0.764713	0.477689	0.483017	3.99469
chr15-58500000-58600000	-0.060281	0.346122	0.093544	1.9879
chr15-72800000-72900000	0.104618	0.262968	0.971624	1.89112
chr15-56700000-56800000	0.249887	0.413728	0.093364	1.50899
chr15-54100000-54200000	0.210529	-0.231077	-0.021989	1.17208
chr15-41700000-41800000	-0.523087	0.750178	0.266199	3.45429
chr15-74600000-74700000	0.048027	0.75874	0.870983	6.16402
chr15-92000000-92100000	0.673069	0.102995	0.32678	1.67371
chr15-52800000-52900000	-0.393735	0.229411	-0.077392	4.16889
chr15-49000000-49100000	-0.300858	0.341096	0.376412	2.19384
chr15-52600000-52700000	0.219464	0.211627	0.070312	2.26929
chr15-41800000-41900000	-0.526785	0.549304	0.558665	3.58094
chr15-41900000-42000000	-0.305943	0.807656	0.657054	3.92049
chr15-51500000-51600000	-0.070018	0.217607	0.253481	1.43959
chr15-42000000-42100000	-0.535399	0.664976	0.456027	3.25835
chr15-42500000-42600000	-0.346805	0.551481	0.361741	3.93025
chr15-64000000-64100000	0.058625	0.827324	0.372243	1.81786
chr15-42200000-42300000	-0.551337	0.549285	0.392328	4.95261
chr15-42400000-42500000	-0.511137	0.661344	0.676699	2.5771
chr15-42800000-42900000	-0.154905	0.733602	0.295677	3.12535
chr15-42900000-43000000	-0.413798	0.590251	0.476345	2.10387
chr15-67600000-67700000	-0.027537	0.619166	0.808028	1.28096
chr15-43000000-43100000	-0.550854	0.437545	0.204963	3.59836
chr15-65300000-65400000	-0.316348	0.515637	0.503768	2.59932
chr15-58300000-58400000	0.332035	0.386594	0.03008	1.28545
chr15-43100000-43200000	-0.425729	0.74953	0.182398	1.74133
chr15-49400000-49500000	-0.369166	0.614943	-0.026805	3.60683
chr15-43200000-43300000	-0.381269	0.470067	0.420883	2.61212
chr15-78000000-78100000	0.39642	0.706701	0.509453	1.3279
chr15-47100000-47200000	-0.034779	-0.343492	0.219145	1.26132
chr15-89400000-89500000	0.646468	0.201637	0.488787	4.97126
chr15-90000000-90100000	0.419675	0.018445	0.859683	1.48306
chr15-63900000-64000000	-0.218088	0.637899	0.345472	2.60297
chr15-43900000-44000000	-0.659061	0.30342	1.02109	1.26799
chr15-44000000-44100000	-0.497112	0.470365	0.752188	5.71652
chr15-77000000-77100000	0.346861	0.649854	0.133492	1.41567
chr15-77700000-77800000	0.299801	0.864146	0.193843	3.50753
chr15-80000000-80100000	0.559977	0.423156	0.38131	1.21543
chr15-44200000-44300000	-0.561386	0.33183	0.48931	2.11959
chr15-99200000-99300000	0.462474	0.030225	0.809431	3.56872
chr15-66600000-66700000	-0.213943	0.828919	0.542877	2.73103
chr15-44400000-44500000	-0.521834	0.23941	0.532469	1.93722
chr15-91300000-91400000	0.16958	0.186212	0.753687	2.09692
chr15-48800000-48900000	-0.24221	0.31793	-0.017686	2.48534
chr15-53100000-53200000	0.200511	0.001057	-0.233523	1.16464
chr15-44600000-44700000	-0.567779	0.202153	0.66788	1.9781
chr15-53400000-53500000	0.147459	-0.127929	0.163404	1.08104
chr15-80100000-80200000	0.480606	0.537934	0.049435	2.7212
chr15-99700000-99800000	0.146534	-0.119052	0.809829	3.4921
chr15-44800000-44900000	-0.226236	0.272201	0.591353	3.87289
chr15-49900000-50000000	-0.118264	0.434035	-0.045457	2.33135
chr15-85300000-85400000	0.463318	0.590493	0.416738	2.88547
chr15-90100000-90200000	0.591263	0.089566	0.544973	3.52547
chr15-92300000-92400000	0.385035	0.153665	0.260549	2.08987
chr15-92700000-92800000	0.577541	-0.250332	0.235964	1.42938
chr15-94000000-94100000	0.536025	-0.134232	0.248127	1.15898
chr15-45000000-45100000	-0.185942	-0.091772	0.402123	4.59944
chr15-45100000-45200000	-0.270397	-0.463068	0.352509	1.37748
chr15-45200000-45300000	-0.411688	-0.292329	0.0751	1.10999
chr15-58700000-58800000	-0.168748	0.470454	-0.0816	3.48075
chr15-56500000-56600000	-0.075618	0.255806	-0.049486	3.97054
chr15-50400000-50500000	-0.447469	0.277189	0.123204	1.79377
chr15-72200000-72300000	0.250822	0.503029	0.941527	1.59974
chr15-85800000-85900000	0.393446	-0.097617	1.00897	2.54776
chr15-98000000-98100000	0.189916	-0.113159	0.266018	1.13366
chr15-45300000-45400000	-0.47318	0.033408	-0.039676	2.30982
chr15-92400000-92500000	0.241681	-0.062306	0.523337	2.12942
chr15-45400000-45500000	-0.113857	0.15035	-0.087125	3.85329
chr15-61400000-61500000	0.18083	0.286124	0.198349	1.526
chr15-45500000-45600000	0.123537	-0.046793	0.101774	2.63812
chr15-45600000-45700000	-0.13762	0.195115	0.045858	4.83601
chr15-45900000-46000000	-0.308617	0.005687	0.230823	3.40337
chr15-46000000-46100000	0.06716	-0.019064	0.223782	1.3501
chr15-77400000-77500000	0.388001	0.783418	0.50081	2.01234
chr15-46200000-46300000	-0.035986	-0.000973	-0.02675	1.41653
chr15-60200000-60300000	0.323214	0.087453	-0.153559	1.29766
chr15-46400000-46500000	0.124699	-0.207195	0.083734	1.27564
chr15-77600000-77700000	0.245742	0.85951	0.526569	1.56138
chr15-55500000-55600000	0.150547	0.327739	-0.235225	3.30549
chr15-46500000-46600000	-0.082077	0.048171	-0.084058	1.19919
chr15-91700000-91800000	0.343984	-0.053116	0.088718	1.2008
chr15-46900000-47000000	-0.019773	0.158382	-0.174487	1.06412
chr15-47000000-47100000	0.112799	-0.13909	-0.03054	1.09204
chr15-47300000-47400000	-0.001452	-0.137249	-0.325616	1.16607
chr15-47400000-47500000	0.117832	0.148796	-0.126312	1.60922
chr15-69300000-69400000	0.280842	0.49013	0.668821	2.08987
chr15-63500000-63600000	-0.116675	0.819331	0.290987	3.24408
chr15-47500000-47600000	-0.044846	0.249956	0.183357	1.41583
chr15-90400000-90500000	0.386647	0.07897	0.968098	3.41668
chr15-47600000-47700000	-0.32801	0.037104	0.265993	1.73551
chr15-47700000-47800000	-0.15999	0.311075	0.096781	2.91836
chr15-47900000-48000000	-0.195454	0.080554	-0.049554	2.43149
chr15-48000000-48100000	-0.307905	-0.074771	0.263999	2.78833
chr15-48300000-48400000	-0.158347	-0.061582	0.233271	1.4308
chr15-48900000-49000000	-0.509896	0.169407	0.141322	3.92726
chr15-49200000-49300000	-0.286481	0.569968	0.263248	2.63564
chr15-69000000-69100000	-0.118841	0.578803	0.643089	2.2629
chr15-67300000-67400000	-0.174441	0.55061	0.851139	5.43501
chr15-49600000-49700000	-0.339418	0.307691	-0.156343	1.48303
chr15-49800000-49900000	-0.271284	0.607058	0.221067	1.45669
chr15-96300000-96400000	0.521143	0.239489	0.823197	1.34647
chr15-50100000-50200000	-0.3682	0.216954	0.461043	1.74292
chr15-83500000-83600000	0.667827	0.179885	0.347641	2.17813
chr15-50900000-51000000	-0.463452	0.569364	-0.055805	3.32412
chr15-95900000-96000000	0.537641	0.287367	0.306105	1.35368
chr15-51200000-51300000	-0.34856	0.354637	0.342715	3.21659
chr15-95600000-95700000	0.53748	-0.250719	0.372016	1.66198
chr15-51900000-52000000	0.036394	0.3026	0.093253	3.17871
chr15-52100000-52200000	-0.170475	0.239667	0.255875	3.02721
chr15-76400000-76500000	0.144068	0.782359	0.1575	4.63781
chr15-98500000-98600000	0.359876	0.042033	0.174988	2.61544
chr15-52500000-52600000	-0.143366	0.255539	0.015647	2.90371
chr15-52900000-53000000	-0.076675	0.385864	-0.093301	2.75423
chr15-53000000-53100000	-0.000525	0.057804	0.084982	1.57504
chr15-62200000-62300000	-0.073442	0.428619	0.146648	1.53093
chr15-53200000-53300000	0.179827	-0.147908	0.094116	1.11764
chr15-97200000-97300000	0.51553	-0.124894	0.100873	1.18331
chr15-99500000-99600000	0.343198	0.053901	0.887163	2.37868
chr15-55900000-56000000	0.008899	0.258791	-0.200121	1.57019
chr15-53900000-54000000	0.29456	-0.06592	0.056905	1.09032
chr15-58100000-58200000	0.269881	0.391599	-0.062861	1.25997
chr15-54300000-54400000	0.135276	-0.102105	-0.102441	1.20955
chr15-76800000-76900000	0.47842	0.763674	0.325248	1.47829
chr15-90200000-90300000	0.341485	0.344325	0.609341	4.01713
chr15-54900000-55000000	0.173359	-0.197518	-0.00036	1.15383
chr15-90900000-91000000	0.470061	0.498426	0.481094	3.32307
chr15-60000000-60100000	0.33613	0.258767	-0.158252	1.14926
chr15-55000000-55100000	0.155365	0.127181	-0.154696	1.13539
chr15-55300000-55400000	0.072983	-0.166258	0.000743	1.14938
chr15-77800000-77900000	0.192956	0.818295	0.537836	2.77926
chr15-55600000-55700000	-0.058865	0.212523	0.039437	2.80928
chr15-55700000-55800000	-0.003115	0.379663	-0.26998	2.733
chr15-56400000-56500000	0.021654	0.581701	-0.056813	1.6754
chr15-56900000-57000000	-0.025787	0.360283	-0.129542	1.36682
chr15-57100000-57200000	-0.202924	0.647072	0.025403	3.00738
chr15-57200000-57300000	0.033404	0.481543	-0.161004	4.67532
chr15-68500000-68600000	0.091719	0.401867	1.07568	5.35223
chr15-62100000-62200000	0.214618	0.407039	-0.097942	1.34573
chr15-57400000-57500000	-0.091544	0.458133	-0.072622	1.87858
chr15-99300000-99400000	0.176936	-0.047041	0.680994	3.18011
chr15-68200000-68300000	-0.093651	0.76336	0.718312	1.74318
chr15-57600000-57700000	-0.078549	0.411146	-0.101035	2.08009
chr15-57900000-58000000	0.267818	0.402806	0.002933	2.70763
chr15-58800000-58900000	-0.096892	0.377413	0.254009	2.96506
chr15-87600000-87700000	0.294549	-0.106188	0.397393	1.16977
chr15-58900000-59000000	-0.066871	0.645316	0.029313	1.79636
chr15-59700000-59800000	0.039914	0.486387	-0.236596	1.49166
chr15-59800000-59900000	0.269357	0.56345	0.03799	1.64548
chr15-95400000-95500000	0.342114	-0.291908	0.168858	1.17829
chr15-60900000-61000000	0.214328	0.371568	-0.169597	1.88219
chr15-61000000-61100000	-0.041595	0.548837	0.003687	1.91459
chr15-61100000-61200000	0.305642	0.454294	-0.002466	1.60473
chr15-61300000-61400000	-0.179742	0.289015	0.264933	1.78903
chr15-63600000-63700000	-0.013943	0.631437	0.567697	2.84588
chr15-61800000-61900000	0	0	0	1.30042
chr15-61900000-62000000	0.249035	0.182826	0.191984	1.1915
chr15-62500000-62600000	0.155304	0.434047	-0.122019	1.28286
chr15-73400000-73500000	0.291834	0.39442	0.643878	1.6495
chr15-82400000-82500000	0.485049	0.590597	0.403029	2.81682
chr15-62600000-62700000	0.06248	0.738707	0.063054	3.66516
chr15-62700000-62800000	-0.005651	0.524061	0.326374	3.16237
chr15-62900000-63000000	0.016367	0.545787	0.365904	1.94518
chr15-63800000-63900000	0.075549	0.721043	0.52964	3.93874
chr15-63000000-63100000	0.003946	0.778895	0.099148	3.33542
chr15-85400000-85500000	0.464601	0.541336	0.774724	3.44907
chr15-98800000-98900000	0.347865	-0.315814	0.405499	1.1685
chr15-63100000-63200000	0.147346	0.690703	0.41758	4.05886
chr15-78400000-78500000	0.074398	0.630255	0.281831	3.05924
chr15-87100000-87200000	0.243416	-0.109813	0.147938	1.2005
chr15-65800000-65900000	0.171658	0.604664	0.775272	3.48186
chr15-89200000-89300000	0.315625	0.23909	0.232794	1.58203
chr15-63200000-63300000	0.020949	0.86972	0.124867	3.1879
chr15-81200000-81300000	0.317612	0.600901	0.578817	3.95687
chr15-64600000-64700000	-0.020963	0.951207	0.492327	3.49579
chr15-64900000-65000000	-0.129246	0.884435	0.194033	3.60091
chr15-65500000-65600000	0.051991	0.669903	0.547474	3.18274
chr15-65900000-66000000	-0.137825	0.622925	0.587069	3.43164
chr15-66400000-66500000	0.032535	0.463041	0.591825	1.27639
chr15-66900000-67000000	0.118392	0.557646	0.682757	4.07405
chr15-67900000-68000000	-0.244205	0.460594	0.978845	1.26569
chr15-68400000-68500000	-0.198366	0.232493	0.918906	2.56382
chr15-95000000-95100000	0.219848	-0.208901	0.303501	1.40015
chr15-95800000-95900000	0.575974	-0.011368	0.520871	2.2457
chr15-69400000-69500000	-0.059648	0.52208	0.643351	2.41078
chr15-76500000-76600000	0.024945	0.75899	0.483221	2.18202
chr15-69600000-69700000	0.110887	0.629115	0.65144	2.92717
chr15-70200000-70300000	0.171444	0.282405	0.803072	1.26547
chr15-70500000-70600000	0.220575	0.383572	0.708856	1.73912
chr15-70700000-70800000	-0.025372	0.147438	0.879978	3.37387
chr15-78300000-78400000	0.313251	0.834397	0.438481	4.27598
chr15-70900000-71000000	-0.181934	0.474185	0.777163	2.80654
chr15-71100000-71200000	-0.142788	0.521352	0.944717	4.90239
chr15-71200000-71300000	0.218993	0.552846	0.980149	1.62323
chr15-75200000-75300000	-0.081567	0.613822	0.659303	3.4062
chr15-79400000-79500000	0.31896	0.148931	0.572372	1.49885
chr15-71400000-71500000	-0.241202	0.374487	0.867168	3.9931
chr15-71500000-71600000	-0.007615	0.291879	1.08691	3.97134
chr15-71800000-71900000	-0.091848	0.257307	0.935776	1.78897
chr15-91000000-91100000	0.483547	0.30019	0.778129	3.28093
chr15-99800000-99900000	0.513576	-0.025494	0.776317	1.78811
chr15-71900000-72000000	-0.188509	0.578346	1.00461	1.96948
chr15-72100000-72200000	0.114491	0.185477	0.943186	1.68878
chr15-72500000-72600000	0.169289	0.620637	0.907727	5.47479
chr15-72900000-73000000	0.16704	0.456521	1.25487	3.7709
chr15-73000000-73100000	0.140986	0.319155	0.924596	3.4439
chr15-73100000-73200000	0.053004	0.083548	0.664449	1.95736
chr15-88800000-88900000	0.226686	-0.277792	0.403435	1.47266
chr15-73900000-74000000	0.022779	0.631648	0.407725	4.50031
chr15-74100000-74200000	0.197417	0.411808	0.545844	1.87685
chr15-74200000-74300000	0.10388	0.752789	0.637055	10.792
chr15-74300000-74400000	0.167151	0.82128	0.95192	5.65403
chr15-74500000-74600000	0.111623	0.508314	0.619295	1.53639
chr15-85500000-85600000	0.397537	0.258826	0.938844	3.11086
chr15-74700000-74800000	0.212529	0.477578	0.753936	5.73668
chr15-76700000-76800000	0.169013	0.599266	0.235861	1.50738
chr15-74800000-74900000	-0.040695	0.681168	0.651272	3.16453
chr15-89900000-90000000	0.209374	0.080378	0.57589	1.60562
chr15-74900000-75000000	0.127887	0.94273	0.507806	5.34734
chr15-75000000-75100000	0.043788	0.77888	0.78612	4.80896
chr15-75100000-75200000	0.236053	0.480754	0.766943	5.88816
chr15-75300000-75400000	0.214921	0.647266	0.867464	3.76147
chr15-75400000-75500000	0.259053	0.848678	0.576254	3.28611
chr15-75600000-75700000	0.329879	0.72417	0.833924	4.93003
chr15-75700000-75800000	0.040299	0.779	0.650781	4.08583
chr15-76200000-76300000	0.346398	0.495634	0.663136	1.95517
chr15-76300000-76400000	0.415812	0.70789	0.372604	1.61151
chr15-76600000-76700000	0.385946	0.75949	0.459563	2.69946
chr15-92200000-92300000	0.448101	-0.191591	0.205421	1.3568
chr15-96800000-96900000	0.523615	-0.037661	0.508015	6.67515
chr15-76900000-77000000	0.174321	0.593506	0.403946	1.55043
chr15-77200000-77300000	0.410804	0.665445	0.403451	2.5287
chr15-77500000-77600000	0.296536	1.00668	0.230131	1.69014
chr15-78500000-78600000	0.427984	0.651638	0.212135	2.79594
chr15-78700000-78800000	0.366585	0.554987	0.203405	3.70418
chr15-78900000-79000000	0.444538	0.503672	0.212663	1.38137
chr15-79100000-79200000	0.72426	0.543201	0.474182	4.16314
chr15-79500000-79600000	0.283773	0.375349	0.302298	1.26643
chr15-79600000-79700000	0.327818	0.614296	0.033194	3.18556
chr15-80600000-80700000	0.403518	0.711297	0.207359	1.60635
chr15-79700000-79800000	0.256994	0.315307	0.213049	2.00754
chr15-99000000-99100000	0.556377	-0.097862	0.353198	2.48161
chr15-79900000-80000000	0.307241	0.410592	0.125858	2.30208
chr15-80900000-81000000	0.499804	0.669477	0.170048	2.496
chr15-81000000-81100000	0.395615	0.745239	0.457745	2.12464
chr15-81100000-81200000	0.074345	0.684475	0.317447	1.72952
chr15-81500000-81600000	0.339252	0.632576	0.436147	1.86738
chr15-81700000-81800000	0.375625	0.573333	0.360688	1.38549
chr15-81900000-82000000	0.417981	0.146938	0.873521	1.38921
chr15-82000000-82100000	0.333854	0.243296	0.558572	1.18518
chr15-82300000-82400000	0.527216	0.39407	0.703765	2.84914
chr15-83200000-83300000	0.608529	0.351125	0.337069	2.53607
chr15-98400000-98500000	0.410085	-0.279197	0.328025	1.23689
chr15-83700000-83800000	0.335378	0.260506	0.46514	3.48368
chr15-83800000-83900000	0.660706	0.399112	0.447245	3.06707
chr15-83900000-84000000	0.345198	0.19918	0.380701	1.95222
chr15-84000000-84100000	0.491813	0.317221	0.102606	1.38217
chr15-86400000-86500000	0.316093	0.145383	0.127458	1.32502
chr15-97600000-97700000	0.389688	-0.24749	0.08101	1.17809
chr15-84100000-84200000	0.307754	0.001292	0.107513	1.24906
chr15-84300000-84400000	0.491568	0.016485	0.187078	1.30882
chr15-84400000-84500000	0.32252	-0.030759	0.50499	1.1474
chr15-84500000-84600000	0.198561	0.175455	0.241391	1.3107
chr15-84800000-84900000	1.01638	0.472722	0.118172	1.23013
chr15-84900000-85000000	1.01812	0.469958	0.118149	1.22664
chr15-85600000-85700000	0.187246	0.041093	0.760096	2.48841
chr15-85700000-85800000	0.395148	-0.100381	1.00934	1.28095
chr15-85900000-86000000	0.126013	-0.046463	0.798193	2.20245
chr15-86000000-86100000	0.424834	0.141149	0.83369	2.2052
chr15-86300000-86400000	0.436411	0.241749	0.475767	2.55371
chr15-97500000-97600000	0.366237	-0.265724	0.426407	1.11536
chr15-86600000-86700000	0.392938	-0.053895	0.027539	1.11344
chr15-86800000-86900000	0.400861	0.057532	0.150232	1.12858
chr15-86900000-87000000	0.237156	-0.184469	0.361788	1.11341
chr15-87000000-87100000	0.580648	-0.17991	0.249625	1.07052
chr15-87300000-87400000	0.316941	-0.140187	0.243501	1.10329
chr15-87700000-87800000	0.548119	-0.129007	0.150479	1.12251
chr15-87400000-87500000	0.632157	-0.019721	0.143482	1.27907
chr15-87800000-87900000	0.492879	0.161038	-0.065928	1.18964
chr15-87900000-88000000	0.60536	0.052061	0.263395	1.31898
chr15-88000000-88100000	0.424851	-0.244915	0.41043	1.11049
chr15-97400000-97500000	0.509684	-0.24101	0.100652	1.14686
chr15-88100000-88200000	0.26669	0.004997	0.203996	1.3311
chr15-88200000-88300000	0.553765	0.016183	0.421803	1.60063
chr15-88300000-88400000	0.664492	0.198511	0.128835	1.89576
chr15-88500000-88600000	0.254757	-0.178487	0.296406	1.20452
chr15-88700000-88800000	0.46216	-0.005303	0.474364	1.32513
chr15-88900000-89000000	0.372049	0.05713	0.462119	1.51727
chr15-90300000-90400000	0.120544	0.156867	0.817532	5.21181
chr15-91100000-91200000	0.177605	0.151469	0.741157	3.24857
chr15-91500000-91600000	0.398366	0.064976	0.665402	3.28259
chr15-93200000-93300000	0.558749	0.19674	0.254429	1.91958
chr15-91900000-92000000	0.518276	-0.216862	0.392944	1.23275
chr15-92900000-93000000	0.324363	-0.188945	0.375793	1.26144
chr15-93100000-93200000	0.256698	0.024791	0.192596	1.29434
chr15-93400000-93500000	0.502649	0.172201	0.273478	3.73479
chr15-95500000-95600000	0.527286	0.02727	0.12298	1.27615
chr15-93600000-93700000	0.365527	0.080329	0.253701	1.1913
chr15-93900000-94000000	0.503267	0.072168	-0.058445	1.14859
chr15-94100000-94200000	0.203431	-0.090668	0.35963	1.18705
chr15-94700000-94800000	0.234599	-0.281913	0.541581	2.48555
chr15-94900000-95000000	0.474721	-0.005115	0.135164	1.65716
chr15-96900000-97000000	0.224397	0.001466	0.28476	2.00179
chr15-95700000-95800000	0.373134	-0.285418	0.671013	1.82645
chr15-96100000-96200000	0.590694	0.282927	0.299167	1.71453
chr15-96200000-96300000	0.43727	0.038363	0.524483	1.46881
chr15-96400000-96500000	0.568665	-0.00335	0.550923	1.38255
chr15-96600000-96700000	0.133982	-0.077809	0.573794	1.59522
chr15-97300000-97400000	0.278252	-0.143099	0.370265	1.17795
chr15-97700000-97800000	0.58567	-0.13927	0.375314	1.23366
chr15-97900000-98000000	0.520784	-0.122537	0.110876	1.08491
chr15-98300000-98400000	0.588097	-0.023998	0.141162	1.22143
chr15-98600000-98700000	0.267394	-0.230269	0.385229	1.55768
chr15-98700000-98800000	0.539767	-0.014623	0.328823	1.17326
chr15-98900000-99000000	0.372191	-0.0521	0.651147	1.56506
chr15-99100000-99200000	0.259662	-0.055486	0.530379	3.99046
chr15-99900000-100000000	0.659039	0.306201	0.769928	4.50548
