chr11-5700000-5800000	-0.566759	0.016964	0.377916	2.1996
chr11-37000000-37100000	-0.303466	-0.213637	0.438122	1.14322
chr11-100100000-100200000	0.011328	0.009923	0.621763	1.18621
chr11-17800000-17900000	-0.394534	0.182961	0.084794	2.22929
chr11-82000000-82100000	-0.053726	-0.051613	0.582764	1.0959
chr11-7300000-7400000	-0.35103	0.122783	0.349383	1.15371
chr11-7100000-7200000	-0.491755	-0.01604	0.441016	1.21105
chr11-104100000-104200000	0.229031	0.22066	0.375031	1.14469
chr11-13600000-13700000	-0.569157	0.012992	0.307969	4.01814
chr11-102500000-102600000	0.132168	0.058821	0.062523	1.54223
chr11-102300000-102400000	0.254468	0.262624	0.057598	2.69806
chr11-82800000-82900000	0.166392	-0.211578	0.070518	3.33198
chr11-500000-600000	-0.346901	0.271354	-0.422461	8.55218
chr11-19100000-19200000	-0.45694	0.123195	0.21858	2.18352
chr11-106700000-106800000	0.049865	0.107779	0.326755	1.24726
chr11-57400000-57500000	-0.006574	-0.092176	0.049684	6.27897
chr11-100500000-100600000	0.281829	-0.000431	0.187845	2.11966
chr11-108500000-108600000	0.095625	0.290834	0.476142	1.99272
chr11-51300000-51400000	0.076946	-0.401323	0.275925	1.02643
chr11-42500000-42600000	-0.303161	-0.122004	0.248316	1.095
chr11-100300000-100400000	0.196384	-0.064529	0.431775	1.211
chr11-113700000-113800000	-0.056708	0.217849	0.657046	2.2799
chr11-51500000-51600000	-0.168952	-0.580629	0.396891	2.49712
chr11-11100000-11200000	-0.429238	0.071557	0.080512	1.77187
chr11-104700000-104800000	0.383952	0.010933	0.138726	1.52699
chr11-105500000-105600000	0.22277	-0.013129	0.329879	1.2232
chr11-73800000-73900000	0.167449	0.028224	-0.255427	2.89509
chr11-100000-200000	-0.297468	0.26923	-0.518209	3.71033
chr11-22100000-22200000	-0.364369	0.027086	0.474046	1.1137
chr11-13200000-13300000	-0.538291	0.17291	0.165208	4.30593
chr11-134700000-134800000	-0.113546	0.134326	0.511038	1.45388
chr11-1700000-1800000	-0.326107	0.227754	-0.150361	4.39393
chr11-103800000-103900000	0.079261	0.341603	0.179011	1.50792
chr11-76500000-76600000	0.025208	0.025332	-0.175538	2.83734
chr11-127200000-127300000	-0.032704	0.177604	0.584591	1.28666
chr11-100400000-100500000	0.227867	0.162179	0.335225	1.46982
chr11-45100000-45200000	-0.231734	-0.441075	0.117285	3.65519
chr11-32500000-32600000	-0.283477	-0.214814	0.253103	1.19453
chr11-9800000-9900000	-0.288965	0.099311	-0.046084	2.8037
chr11-104000000-104100000	0.07159	0.123448	0.231671	1.32752
chr11-65000000-65100000	0.066919	0.004317	-0.184292	5.44079
chr11-41200000-41300000	-0.258781	-0.276267	0.444005	1.11475
chr11-100800000-100900000	0.147402	0.018913	0.384422	1.37423
chr11-132400000-132500000	-0.018779	0.2337	0.274149	1.54983
chr11-85200000-85300000	0.2022	-0.213114	0.379857	1.16796
chr11-72500000-72600000	-0.03293	0.164999	-0.355441	5.21189
chr11-67200000-67300000	0.134675	0.194239	-0.304963	6.37237
chr11-106600000-106700000	0.117322	0.075362	0.536928	1.22614
chr11-100000000-100100000	-0.018293	-0.139781	0.43831	1.13718
chr11-103400000-103500000	0.350216	0.077867	0.160043	2.05133
chr11-21800000-21900000	-0.384555	-0.166048	0.48136	1.12857
chr11-65100000-65200000	-0.03974	0.19646	-0.20843	8.67508
chr11-107600000-107700000	0.039767	0.189513	0.646781	1.70475
chr11-83700000-83800000	0.022501	-0.324196	0.327667	1.27444
chr11-36300000-36400000	-0.445748	-0.140744	0.00685	2.89433
chr11-134000000-134100000	-0.057298	0.36389	0.370025	3.15354
chr11-81500000-81600000	-0.043317	-0.147595	0.33676	1.14703
chr11-49200000-49300000	-0.396729	-0.649392	0.519512	1.15794
chr11-29800000-29900000	-0.309422	-0.213497	0.437177	1.16068
chr11-103200000-103300000	0.37019	0.207501	0.074663	1.6782
chr11-36100000-36200000	-0.283609	-0.087844	-0.130944	2.19226
chr11-134800000-134900000	-0.082343	0.014567	0.689052	1.68226
chr11-21400000-21500000	-0.205291	-0.146451	0.224624	1.17466
chr11-1000000-1100000	-0.27332	0.384236	-0.093144	2.97488
chr11-100200000-100300000	0.166905	0.146154	0.500565	1.71237
chr11-120000000-120100000	0.034922	0.414441	0.318255	3.02888
chr11-8200000-8300000	-0.337343	0.212795	0.101916	1.46656
chr11-85000000-85100000	0.153886	-0.165728	0.378368	1.12421
chr11-114400000-114500000	-0.11131	0.215294	0.648657	1.2397
chr11-23800000-23900000	-0.399932	0.007679	-0.033923	1.48796
chr11-81800000-81900000	0.030625	-0.149811	0.527074	1.11057
chr11-70800000-70900000	0.185572	-0.194383	-0.010182	2.46097
chr11-67000000-67100000	0.0429	0.13239	-0.314245	8.68886
chr11-5200000-5300000	-0.617616	0.193638	0.269026	1.69835
chr11-104200000-104300000	0.279861	0.145571	0.163615	1.1913
chr11-83100000-83200000	-0.011138	-0.144347	0.43654	1.21152
chr11-83600000-83700000	-0.085802	-0.119728	0.368304	1.11051
chr11-67400000-67500000	0.036949	0.472703	-0.329687	1.44851
chr11-89000000-89100000	0.400155	-0.343254	0.391595	1.57806
chr11-92800000-92900000	0.354846	-0.083523	0.288607	1.58265
chr11-63400000-63500000	-0.119916	-0.182211	-0.103254	3.70067
chr11-56500000-56600000	-0.006457	-0.361639	0.392625	1.19209
chr11-50400000-50500000	-0.2238	-0.109297	0.471431	1.06963
chr11-102800000-102900000	0.153836	0.287681	0.135085	2.09961
chr11-12800000-12900000	-0.251633	0.190494	-0.050304	2.83244
chr11-76600000-76700000	0.216613	-0.052656	-0.073828	1.66986
chr11-119000000-119100000	-0.20838	0.440904	0.028249	3.74154
chr11-47100000-47200000	-0.198501	0.085826	-0.167815	4.60004
chr11-113600000-113700000	0.111868	0.228731	0.499857	2.09811
chr11-115400000-115500000	-0.017255	0.273799	0.43342	1.86847
chr11-49400000-49500000	-0.267283	-0.476857	0.6901	1.08926
chr11-92500000-92600000	-0.061186	-0.047284	0.367409	1.27851
chr11-94800000-94900000	0.137994	0.011328	0.494112	2.69659
chr11-120400000-120500000	0.065577	0.26759	0.165688	2.50385
chr11-69300000-69400000	0.115025	0.250891	-0.152676	3.69897
chr11-61200000-61300000	0.025888	-0.129441	-0.182174	2.35697
chr11-38400000-38500000	-0.279958	-0.177927	0.51219	1.26086
chr11-111000000-111100000	0.043253	0.260292	-0.102924	1.64262
chr11-89800000-89900000	0.43052	-0.333541	0.493229	1.36005
chr11-67100000-67200000	-0.03797	0.330992	-0.317822	8.08346
chr11-102000000-102100000	0.245304	0.039887	0.185224	2.10907
chr11-74600000-74700000	0.366287	-0.173461	-0.054988	2.94252
chr11-89400000-89500000	0.43399	-0.332227	0.496477	1.23841
chr11-43500000-43600000	-0.193429	-0.260496	0.131286	1.54698
chr11-116000000-116100000	-0.013266	0.255639	0.52438	1.66989
chr11-131200000-131300000	-0.010295	0.020216	0.453748	1.14568
chr11-117200000-117300000	-0.132055	0.37757	0.136045	2.84098
chr11-63800000-63900000	0.055882	-0.241001	-0.121124	2.45209
chr11-100600000-100700000	0.314589	0.07263	0.405919	1.46
chr11-108200000-108300000	0.168286	0.349426	0.269252	1.42861
chr11-56100000-56200000	-0.053793	-0.169076	0.355056	1.14957
chr11-49000000-49100000	-0.187845	-0.669658	0.488719	1.29218
chr11-49900000-50000000	-0.395233	-0.426546	0.550765	1.10027
chr11-10300000-10400000	-0.405148	0.404425	0.019747	5.07028
chr11-125800000-125900000	-0.022467	0.298518	0.268361	1.32743
chr11-96400000-96500000	0.143292	-0.072626	0.776714	1.17775
chr11-105400000-105500000	0.173404	0.173047	0.191212	1.24341
chr11-14500000-14600000	-0.456359	0.102822	0.451353	4.47115
chr11-18000000-18100000	-0.423136	-0.006093	0.169067	3.01451
chr11-92000000-92100000	0.0756	-0.238634	0.255155	1.42996
chr11-4200000-4300000	-0.573669	0.180836	0.545922	2.30603
chr11-12100000-12200000	-0.449254	0.160512	-0.169041	6.85333
chr11-12600000-12700000	-0.50177	0.291891	-0.046849	3.38881
chr11-129800000-129900000	-0.13057	0.431793	0.141489	4.00571
chr11-105000000-105100000	0.146893	0.038118	0.065352	1.27162
chr11-81000000-81100000	-0.090811	-0.153326	0.50519	1.15938
chr11-72200000-72300000	0.035605	-0.236585	-0.090274	1.56929
chr11-10100000-10200000	-0.3994	0.100201	-0.172479	1.66173
chr11-133200000-133300000	-0.073013	0.013316	0.533563	1.21707
chr11-9200000-9300000	-0.281728	0.178125	-0.091802	3.08688
chr11-32600000-32700000	-0.470097	-0.086804	0.1565	3.25525
chr11-105800000-105900000	0.083585	0.101222	0.119126	2.84051
chr11-32800000-32900000	-0.386259	-0.045542	0.088608	1.49826
chr11-131600000-131700000	-0.127951	0.304054	0.437141	3.37338
chr11-94300000-94400000	0.308376	-0.055172	0.336746	1.68793
chr11-72000000-72100000	0.005621	0.192806	-0.081813	2.41812
chr11-29300000-29400000	-0.429182	-0.262915	-0.019056	2.38242
chr11-23100000-23200000	-0.370992	0.275021	0.073379	1.61048
chr11-50500000-50600000	-0.177745	-0.295502	0.361089	1.05572
chr11-10000000-10100000	-0.373698	0.296345	-0.04605	2.06274
chr11-40000000-40100000	-0.283034	-0.225633	0.473809	1.09062
chr11-104500000-104600000	0.150855	0.051565	0.147111	1.21504
chr11-77700000-77800000	0.188848	-0.086398	-0.117706	4.1158
chr11-48000000-48100000	-0.239563	-0.307469	-0.103689	4.27352
chr11-129100000-129200000	-0.004062	0.343791	0.207873	1.95802
chr11-100700000-100800000	0.203051	0.237395	0.288667	1.88487
chr11-100900000-101000000	0.036142	-0.005323	0.586024	1.29296
chr11-38000000-38100000	-0.488269	-0.214753	0.311494	1.15826
chr11-16600000-16700000	-0.543825	0.14958	0.29705	6.01377
chr11-130600000-130700000	-0.146981	0.486124	0.079223	2.28696
chr11-58700000-58800000	0.009807	-0.357723	0.250168	1.64863
chr11-131000000-131100000	-0.160203	0.361304	0.395206	1.8342
chr11-10400000-10500000	-0.25087	0.249067	-0.073443	4.29454
chr11-70200000-70300000	-0.033948	0.082588	-0.132153	4.45371
chr11-16200000-16300000	-0.496206	0.226348	0.223389	1.48256
chr11-101800000-101900000	0.253594	0.037351	0.125449	1.86197
chr11-4800000-4900000	-0.477473	0.072621	0.470029	1.51511
chr11-38800000-38900000	-0.254979	-0.262906	0.363683	1.06158
chr11-130200000-130300000	-0.059774	0.386691	0.213737	2.4607
chr11-131400000-131500000	-0.225811	0.241717	0.36716	1.74664
chr11-101000000-101100000	-0.009833	0.040423	0.365506	1.1374
chr11-78200000-78300000	0.087521	-0.358584	-0.041325	2.47978
chr11-12300000-12400000	-0.513498	0.285999	0.119494	7.40343
chr11-121200000-121300000	-0.154654	0.338548	0.308067	1.28774
chr11-44000000-44100000	-0.187974	-0.097821	-0.063026	2.94452
chr11-400000-500000	-0.290112	0.384965	-0.271441	5.55062
chr11-103100000-103200000	0.141876	0.198771	0.078541	1.86724
chr11-86800000-86900000	0.344246	-0.166924	0.211794	1.42698
chr11-13800000-13900000	-0.444775	0.120729	0.409255	1.15544
chr11-3300000-3400000	-0.650701	0.130859	-0.105599	2.50231
chr11-106100000-106200000	0.230747	0.086752	0.38268	1.70993
chr11-116100000-116200000	-0.033532	0.136318	0.325864	1.39126
chr11-26200000-26300000	-0.481414	-0.026797	0.129272	1.52654
chr11-105100000-105200000	0.32831	0.020424	0.229651	1.53379
chr11-77500000-77600000	0.33158	0.043753	-0.075499	3.28959
chr11-104300000-104400000	0.150584	-0.040851	0.226514	1.22091
chr11-129500000-129600000	-0.219163	0.268706	0.393163	1.83764
chr11-17400000-17500000	-0.314605	0.02313	0.205945	2.36477
chr11-130100000-130200000	-0.264645	0.458733	0.254683	2.41452
chr11-19500000-19600000	-0.324754	0.09347	0.18509	1.73064
chr11-101100000-101200000	0.048568	-0.039504	0.579764	1.15942
chr11-112100000-112200000	0.173448	0.229073	0.260625	2.79172
chr11-17200000-17300000	-0.522565	0.244169	0.290062	3.60315
chr11-64600000-64700000	-0.102443	0.370013	-0.187449	6.61689
chr11-103500000-103600000	0.288483	0.301268	0.105153	1.5399
chr11-5100000-5200000	-0.506735	-0.016741	0.32273	1.1267
chr11-109100000-109200000	-0.098364	0.005966	0.526081	1.32574
chr11-59100000-59200000	-0.051905	-0.209814	0.130675	1.13175
chr11-107100000-107200000	0.107214	0.100975	0.586517	1.32415
chr11-97400000-97500000	-0.067024	0.02993	0.590511	1.15042
chr11-101500000-101600000	0.393089	-0.027635	0.316094	1.53007
chr11-84500000-84600000	-0.09435	-0.142634	0.228907	1.38386
chr11-15100000-15200000	-0.300098	0.155007	0.39626	4.77557
chr11-123100000-123200000	-0.06368	0.361522	0.289931	2.44319
chr11-113800000-113900000	0.01873	0.268377	0.433952	1.19556
chr11-125400000-125500000	-0.277124	0.316733	0.388231	5.44557
chr11-115000000-115100000	0.078602	0.151017	0.249891	1.61353
chr11-96600000-96700000	0.140503	-0.115732	0.368607	1.69631
chr11-47500000-47600000	-0.212899	-0.087548	-0.283145	4.80558
chr11-29900000-30000000	-0.393533	-0.261556	0.229653	1.14117
chr11-29700000-29800000	-0.481443	-0.149072	0.291737	1.09741
chr11-105200000-105300000	0.320816	0.229317	0.297813	1.2185
chr11-4000000-4100000	-0.607572	0.116132	0.107471	2.01394
chr11-101600000-101700000	0.20295	0.104119	0.258962	1.60361
chr11-34600000-34700000	-0.274875	-0.082761	-0.012216	5.13999
chr11-61600000-61700000	-0.094489	-0.11572	-0.065187	5.01614
chr11-16300000-16400000	-0.262774	0.248267	0.256344	1.46812
chr11-101200000-101300000	0.127359	-0.003136	0.351954	1.52664
chr11-106000000-106100000	0.078948	-0.070296	0.325212	1.37442
chr11-59600000-59700000	-0.057295	-0.24922	0.511498	1.22696
chr11-13500000-13600000	-0.478048	0.184239	0.417162	1.12312
chr11-15000000-15100000	-0.515309	0.160504	0.290462	1.35046
chr11-19000000-19100000	-0.434532	0.076318	0.446395	1.34576
chr11-71800000-71900000	-0.015531	-0.182973	-0.227384	5.4019
chr11-31100000-31200000	-0.30938	-0.08025	0.279638	1.12589
chr11-26400000-26500000	-0.349262	-0.054383	0.239728	1.2
chr11-31000000-31100000	-0.513427	-0.192378	0.29156	1.12283
chr11-105300000-105400000	0.296027	-0.011401	0.266912	1.26164
chr11-59000000-59100000	-0.013356	-0.371453	0.306182	1.602
chr11-24000000-24100000	-0.298503	-0.296845	-0.003541	2.25588
chr11-64300000-64400000	-0.058737	0.036192	-0.310075	1.60277
chr11-35300000-35400000	-0.310548	-0.297959	-0.080131	2.20842
chr11-118300000-118400000	-0.073611	0.32716	0.072277	3.40303
chr11-15200000-15300000	-0.506999	0.173466	0.332604	2.26491
chr11-40200000-40300000	-0.235754	-0.147375	0.388505	1.11418
chr11-101300000-101400000	0.309209	0.1546	0.355249	2.24996
chr11-50000000-50100000	-0.394644	-0.426384	0.548721	1.02832
chr11-10500000-10600000	-0.376219	0.062963	-0.040494	3.62824
chr11-76000000-76100000	0.22916	-0.078817	-0.111011	2.17179
chr11-25700000-25800000	-0.33678	-0.022252	0.477258	1.20596
chr11-74000000-74100000	-0.015922	0.077407	-0.231006	2.29365
chr11-63100000-63200000	0.034616	-0.3571	0.135926	1.08503
chr11-59900000-60000000	-0.130271	-0.092788	0.451055	1.1192
chr11-58000000-58100000	-0.046859	-0.320794	0.217616	2.14108
chr11-105600000-105700000	0.032009	0.089671	0.234069	1.12058
chr11-58800000-58900000	-0.088882	-0.505644	0.09249	1.28546
chr11-10200000-10300000	-0.296296	0.293	-0.11189	1.86368
chr11-115800000-115900000	0.007463	0.251556	0.53035	2.1872
chr11-18700000-18800000	-0.387204	0.165963	0.200365	3.09914
chr11-119600000-119700000	-0.18331	0.261284	0.309409	1.85754
chr11-119400000-119500000	-0.070346	0.222837	0.121653	2.15077
chr11-85700000-85800000	0.139486	0.001779	-0.015608	3.48458
chr11-101400000-101500000	0.16729	-0.00958	0.294305	2.30939
chr11-14600000-14700000	-0.570997	-0.04839	0.309874	1.29922
chr11-112000000-112100000	-0.036431	0.16917	0.153068	3.60083
chr11-31700000-31800000	-0.292939	-0.302459	0.167167	1.34441
chr11-31600000-31700000	-0.386143	-0.093251	0.216516	1.34896
chr11-101700000-101800000	0.313753	-0.111625	0.285216	2.70125
chr11-16900000-17000000	-0.357629	0.035474	0.222786	1.33576
chr11-101900000-102000000	0.34762	0.228913	0.220511	4.0064
chr11-73100000-73200000	0.193382	0.029568	-0.146159	3.17646
chr11-68100000-68200000	-0.0838	0.189469	-0.347547	2.6599
chr11-20200000-20300000	-0.479761	0.050474	0.414317	1.14138
chr11-62200000-62300000	0.118263	-0.214836	-0.077756	3.73688
chr11-102700000-102800000	0.137018	0.084887	0.064738	1.49659
chr11-8100000-8200000	-0.340177	0.022257	0.230614	2.29235
chr11-117300000-117400000	-0.05832	0.194938	0.253494	1.32896
chr11-1500000-1600000	-0.296844	0.2203	-0.179714	4.50003
chr11-86100000-86200000	0.063558	-0.131995	0.121127	3.26583
chr11-102100000-102200000	0.242092	0.172833	0.004016	3.07915
chr11-129900000-130000000	0.058508	0.331387	0.139182	2.87033
chr11-84400000-84500000	0.121753	-0.149236	0.333883	1.15286
chr11-11300000-11400000	-0.271882	0.031836	0.063243	2.50867
chr11-95100000-95200000	0.022857	-0.040902	0.320903	1.28786
chr11-47700000-47800000	-0.275552	-0.13462	-0.127717	3.88289
chr11-122800000-122900000	0.049553	0.275723	0.251168	1.50804
chr11-67700000-67800000	0.032416	0.47087	-0.327784	11.8781
chr11-103600000-103700000	0.343026	0.089901	0.162648	1.45875
chr11-72100000-72200000	0.064431	-0.011758	-0.144998	2.89557
chr11-102600000-102700000	0.331438	0.184186	0.074703	1.87192
chr11-123800000-123900000	-0.110611	0.039772	0.472004	1.31246
chr11-102200000-102300000	0.035869	0.279404	0.036099	3.34202
chr11-127600000-127700000	-0.187232	0.226487	0.588011	1.43944
chr11-56600000-56700000	-0.12689	-0.178365	0.282812	1.17685
chr11-102400000-102500000	0.030681	0.257923	0.044223	2.04253
chr11-16500000-16600000	-0.449589	0.350119	0.383547	1.44734
chr11-18200000-18300000	-0.516843	0.032263	0.155704	1.6099
chr11-102900000-103000000	0.256657	0.113502	0.026582	3.27747
chr11-36500000-36600000	-0.416416	-0.180198	0.040596	3.93918
chr11-132800000-132900000	-0.079257	0.017332	0.416155	1.36872
chr11-103000000-103100000	0.123875	-0.019559	0.176026	1.38717
chr11-103300000-103400000	0.182546	0.230173	0.209358	1.4952
chr11-127700000-127800000	0.034695	0.145547	0.560429	1.57708
chr11-131300000-131400000	-0.041481	0.247635	0.492203	1.23317
chr11-2700000-2800000	-0.389956	-0.058888	-0.114675	2.65526
chr11-103700000-103800000	0.202359	0.210334	0.044514	1.41986
chr11-103900000-104000000	0.276359	0.2183	0.158556	1.50982
chr11-104400000-104500000	0.367098	0.066988	0.207701	1.25991
chr11-34000000-34100000	-0.231297	-0.213899	-0.093394	4.32397
chr11-104600000-104700000	0.287152	0.234046	0.139299	1.55221
chr11-70700000-70800000	0.025421	-0.317989	0.131926	2.51554
chr11-83400000-83500000	-0.074836	-0.281328	0.267019	1.29427
chr11-104800000-104900000	0.320723	0.219755	0.248218	1.71375
chr11-23200000-23300000	-0.422682	0.11503	0.238336	1.49039
chr11-104900000-105000000	0.313665	0.181607	0.02285	1.51699
chr11-105700000-105800000	0.25393	0.038926	0.293523	1.41739
chr11-105900000-106000000	0.241955	0.11264	0.308839	3.07415
chr11-10600000-10700000	-0.346049	0.256186	-0.163896	5.88939
chr11-18800000-18900000	-0.394034	0.036574	0.405367	1.26975
chr11-98000000-98100000	0.15155	-0.120454	0.331049	1.24124
chr11-12400000-12500000	-0.403619	0.217555	-0.064209	3.66304
chr11-12500000-12600000	-0.350723	0.327459	0.118611	4.20995
chr11-98600000-98700000	0.108192	-0.14612	0.458363	1.15928
chr11-18300000-18400000	-0.321335	0.128125	0.121694	2.9934
chr11-8800000-8900000	-0.270068	0.030752	0.027344	4.73891
chr11-29400000-29500000	-0.455307	-0.163264	0.210158	1.26713
chr11-126000000-126100000	-0.053957	0.445701	0.268245	2.53822
chr11-128200000-128300000	-0.104787	0.374302	0.042975	2.62275
chr11-106200000-106300000	0.20215	0.335161	0.392229	2.35106
chr11-108000000-108100000	0.112201	0.300437	0.307593	2.86146
chr11-44100000-44200000	-0.215314	-0.180785	0.168233	2.26884
chr11-106300000-106400000	0.125552	0.149339	0.276415	1.38181
chr11-22200000-22300000	-0.329683	-0.181021	0.358589	1.23683
chr11-80100000-80200000	-0.028728	-0.301575	0.270252	1.13036
chr11-56800000-56900000	-0.181422	-0.359863	0.160493	1.38962
chr11-1200000-1300000	-0.359985	0.313368	-0.097949	2.97726
chr11-8400000-8500000	-0.52184	-0.008188	0.230897	1.24296
chr11-47600000-47700000	-0.102273	-0.253099	-0.163664	3.67367
chr11-121600000-121700000	0.073092	0.377746	0.17725	1.75112
chr11-16400000-16500000	-0.497022	0.221135	0.212627	1.3265
chr11-96000000-96100000	0.100541	0.240153	0.135865	3.35914
chr11-36600000-36700000	-0.463757	-0.285419	0.248924	2.23704
chr11-106400000-106500000	0.161115	0.016315	0.461694	1.24938
chr11-1600000-1700000	-0.46776	0.066046	-0.221603	1.44525
chr11-36200000-36300000	-0.274418	-0.306554	-0.048268	1.68882
chr11-27000000-27100000	-0.471498	-0.023099	0.056344	2.29099
chr11-7400000-7500000	-0.32785	-0.061025	0.223142	1.2484
chr11-106500000-106600000	0.132181	0.218629	0.346346	1.26204
chr11-108700000-108800000	0.257425	0.192819	0.257891	1.8362
chr11-112700000-112800000	-0.099915	0.137576	0.532665	1.20357
chr11-24500000-24600000	-0.41634	-0.03135	0.130668	1.81044
chr11-86500000-86600000	0.297763	-0.195616	0.096295	3.20293
chr11-99100000-99200000	0.184112	-0.034848	0.503494	1.18625
chr11-28100000-28200000	-0.393924	-0.005346	-0.060043	2.47202
chr11-22600000-22700000	-0.574651	-0.052437	0.379425	4.0467
chr11-95500000-95600000	0.33085	-0.064465	0.383791	3.22817
chr11-47200000-47300000	-0.077423	-0.11406	-0.214712	6.45816
chr11-43600000-43700000	-0.418579	-0.267234	0.072236	3.16082
chr11-121400000-121500000	-0.09315	0.351606	0.314233	2.19761
chr11-81300000-81400000	0.145909	-0.324484	0.423224	1.15693
chr11-43100000-43200000	-0.292181	-0.355461	0.406351	1.15916
chr11-106800000-106900000	-0.092139	-0.043705	0.430058	1.24676
chr11-81700000-81800000	-0.05939	-0.32107	0.380784	1.15539
chr11-83200000-83300000	0.073194	-0.266981	0.245769	1.50134
chr11-110000000-110100000	0.231251	0.285511	0.270075	2.03384
chr11-106900000-107000000	0.054813	0.053564	0.593071	1.19341
chr11-36400000-36500000	-0.238406	-0.026299	-0.015109	4.06638
chr11-34400000-34500000	-0.191051	-0.220274	-0.072922	2.31712
chr11-10700000-10800000	-0.326597	0.314902	0.040723	4.07716
chr11-112800000-112900000	0.121059	0.079942	0.495278	1.12107
chr11-109200000-109300000	-0.039765	0.212014	0.441432	1.21047
chr11-129200000-129300000	-0.185148	0.28349	0.359617	1.24335
chr11-25800000-25900000	-0.33197	-0.238839	0.395193	1.37523
chr11-107000000-107100000	0.102692	0.055294	0.364063	1.11415
chr11-23600000-23700000	-0.545816	-0.136224	0.023563	1.24654
chr11-2200000-2300000	-0.396788	0.030271	-0.094858	1.57016
chr11-61000000-61100000	0.108867	-0.128725	-0.087105	3.66045
chr11-134400000-134500000	-0.17502	0.108895	0.549157	1.57618
chr11-5400000-5500000	-0.363423	0.042	0.46167	1.46636
chr11-43400000-43500000	-0.3279	-0.079591	0.187174	1.79231
chr11-107200000-107300000	0.239383	0.213104	0.419287	1.30548
chr11-85600000-85700000	0.306832	-0.086269	0.11213	1.89897
chr11-87000000-87100000	0.148414	-0.318439	0.266045	1.71312
chr11-6300000-6400000	-0.431318	0.2137	0.114639	5.21044
chr11-107300000-107400000	0.116168	0.017214	0.422964	2.21167
chr11-114300000-114400000	0.066079	0.229558	0.49803	2.88329
chr11-82700000-82800000	0.11037	-0.026088	0.165606	3.29472
chr11-28400000-28500000	-0.344066	-0.20543	-0.074191	1.55587
chr11-88600000-88700000	0.40946	-0.293364	0.483729	1.30717
chr11-124200000-124300000	-0.037885	0.092372	0.308727	1.56127
chr11-76100000-76200000	-0.00079	-0.049018	-0.144959	2.72798
chr11-65800000-65900000	0.071954	0.238314	-0.223657	5.19606
chr11-107400000-107500000	0.054141	0.206682	0.275011	3.03482
chr11-62500000-62600000	0.18161	-0.227001	0.048176	6.50676
chr11-48500000-48600000	-0.313211	-0.498827	0.295231	1
chr11-33200000-33300000	-0.307311	-0.125911	-0.193304	3.67224
chr11-107500000-107600000	-0.058536	0.269229	0.463058	1.93745
chr11-133700000-133800000	-0.122988	0.2148	0.588885	1.4336
chr11-68700000-68800000	0.052652	0.08274	-0.159103	5.96073
chr11-110100000-110200000	0.141315	0.346394	0.045423	2.88024
chr11-42700000-42800000	-0.232974	-0.311732	0.331493	1.06824
chr11-66400000-66500000	0.193985	0.058601	-0.205082	3.35077
chr11-57700000-57800000	0.043591	-0.368205	-0.037927	2.6186
chr11-107700000-107800000	0.10948	0.301365	0.437565	2.47302
chr11-86700000-86800000	0.135313	-0.209161	0.13051	2.91142
chr11-107800000-107900000	0.304574	0.172877	0.437125	4.14181
chr11-132000000-132100000	0.043622	0.164707	0.319689	2.2182
chr11-107900000-108000000	0.18151	0.082888	0.245587	2.73673
chr11-58300000-58400000	-0.064197	-0.280233	-0.099231	4.42309
chr11-117000000-117100000	-0.087854	0.461651	0.069109	7.7159
chr11-10800000-10900000	-0.472064	0.120395	0.023098	5.39477
chr11-28600000-28700000	-0.410887	0.175772	-0.060551	1.54834
chr11-133300000-133400000	0.099811	0.115011	0.411791	1.19585
chr11-24600000-24700000	-0.291175	-0.149791	-0.028495	1.42903
chr11-108100000-108200000	0.146781	0.180166	0.102621	1.8943
chr11-88500000-88600000	0.201565	-0.210337	0.458444	1.23792
chr11-130300000-130400000	0.024199	0.302202	-0.002827	3.29435
chr11-68500000-68600000	0.065715	-0.007393	-0.246068	2.60697
chr11-62100000-62200000	0.028562	-0.284253	-0.266068	3.1187
chr11-37400000-37500000	-0.25949	-0.410602	0.220777	1.13912
chr11-111500000-111600000	0.142531	0.27713	0.173365	2.3114
chr11-108300000-108400000	0.332577	0.205505	0.351849	3.55494
chr11-9900000-10000000	-0.237568	0.240712	-0.204707	2.28096
chr11-69400000-69500000	-0.041607	0.115715	-0.165848	6.95042
chr11-29100000-29200000	-0.506519	0.016314	-0.114815	2.21632
chr11-108400000-108500000	0.11936	0.187181	0.260585	1.70098
chr11-123600000-123700000	-0.120357	0.150091	0.501371	3.54868
chr11-61300000-61400000	0.035289	0.010355	-0.011856	1.94031
chr11-108600000-108700000	0.068424	0.316218	0.247134	1.54906
chr11-117400000-117500000	-0.068793	0.296343	0.463777	1.32669
chr11-18100000-18200000	-0.499141	0.020876	0.397338	2.55047
chr11-76200000-76300000	0.214878	0.013554	-0.204687	3.08235
chr11-16000000-16100000	-0.447477	0.027647	0.111239	1.84681
chr11-9600000-9700000	-0.343964	0.314137	-0.057809	4.69242
chr11-25200000-25300000	-0.517436	-0.009146	0.289577	1.09007
chr11-120800000-120900000	0.077679	0.249764	0.53375	2.60597
chr11-12200000-12300000	-0.318476	0.204703	-0.006253	6.83518
chr11-69100000-69200000	0	0	0	5.81189
chr11-108800000-108900000	0.109909	0.37245	0.274037	1.97002
chr11-127000000-127100000	-0.0054	0.251735	0.529438	1.19654
chr11-108900000-109000000	-0.002199	0.162343	0.27409	1.44999
chr11-10900000-11000000	-0.309015	0.2307	-0.067636	4.29715
chr11-92900000-93000000	0.211478	-0.105944	0.462639	2.88194
chr11-109000000-109100000	-0.023608	0.221404	0.500907	1.42561
chr11-18500000-18600000	-0.491286	-0.07972	0.161218	3.0594
chr11-48300000-48400000	-0.248368	-0.373345	0.426683	1.33435
chr11-126500000-126600000	0.016085	0.377573	0.34515	2.37207
chr11-20000000-20100000	-0.42909	-0.000408	0.024342	2.23017
chr11-2300000-2400000	-0.444109	0.243874	-0.132611	3.24359
chr11-109300000-109400000	-0.128409	0.067735	0.562587	1.58136
chr11-65200000-65300000	-0.05113	0.140848	-0.404713	9.98138
chr11-18400000-18500000	-0.535698	0.141895	0.211869	4.73801
chr11-4400000-4500000	-0.426732	-0.002658	0.526824	2.14899
chr11-38600000-38700000	-0.277176	-0.355923	0.189474	1.13108
chr11-109800000-109900000	0.249655	0.228216	0.162915	1.80648
chr11-109400000-109500000	0.104349	0.034061	0.558773	1.40238
chr11-24100000-24200000	-0.440894	-0.137092	0.08992	1.65202
chr11-109500000-109600000	-0.051198	0.13793	0.429812	1.51422
chr11-91300000-91400000	-0.077076	-0.183668	0.469403	1.16528
chr11-45700000-45800000	-0.26473	-0.110594	-0.00328	1.49184
chr11-113000000-113100000	-0.090669	0.159304	0.508407	1.16169
chr11-63500000-63600000	-0.073983	0.023392	-0.176702	4.41355
chr11-3400000-3500000	-0.647971	0.343654	-0.157535	4.91792
chr11-109600000-109700000	0.10251	-0.032322	0.489527	1.59386
chr11-109700000-109800000	0.207221	0.156893	0.394653	1.39085
chr11-123700000-123800000	0.112183	0.079275	0.512546	1.189
chr11-122700000-122800000	0.164103	0.140724	0.115461	2.53431
chr11-57600000-57700000	-0.1171	-0.35117	0.115399	1.73213
chr11-109900000-110000000	0.120095	0.433974	0.140891	2.93405
chr11-46500000-46600000	-0.285844	0.058264	-0.167844	2.1707
chr11-4100000-4200000	-0.558572	0.217258	0.315411	3.41795
chr11-82400000-82500000	0.152671	-0.201415	0.477618	1.40687
chr11-134100000-134200000	-0.006536	0.130081	0.313499	2.75384
chr11-37500000-37600000	-0.414303	-0.255103	0.123132	1.49617
chr11-37100000-37200000	-0.265857	-0.222575	0.207578	1.07728
chr11-1100000-1200000	-0.447223	0.50937	-0.148532	3.00907
chr11-97200000-97300000	0.155704	-0.07806	0.400039	1.19624
chr11-129300000-129400000	-0.151959	0.257133	0.579389	1.14988
chr11-11000000-11100000	-0.446864	0.297915	0.105867	2.53175
chr11-110200000-110300000	-0.000476	0.40202	0.211043	1.55569
chr11-110300000-110400000	0.211645	0.26678	0.18379	2.71091
chr11-124300000-124400000	0.05615	0.161123	0.519053	1.28602
chr11-128500000-128600000	0.065056	0.357645	0.248513	3.39422
chr11-20800000-20900000	-0.331612	-0.090868	0.467138	1.14696
chr11-14700000-14800000	-0.35988	-0.009498	0.401889	1.13751
chr11-70400000-70500000	0.12457	-0.235477	0.016234	2.84872
chr11-85300000-85400000	0.171731	-0.300562	0.141927	5.64721
chr11-90400000-90500000	-0.029006	-0.130129	0.531018	1.03571
chr11-36800000-36900000	-0.27955	-0.166814	0.441035	1.11141
chr11-110400000-110500000	0.066767	0.45349	0.168961	1.51636
chr11-76800000-76900000	0.205401	0.0097	-0.096252	2.76902
chr11-89700000-89800000	0.429659	-0.332116	0.491895	0
chr11-59400000-59500000	-0.045151	-0.385262	0.086754	3.13457
chr11-75500000-75600000	0.226271	-0.09116	-0.291092	2.87693
chr11-11800000-11900000	-0.307396	0.217043	0.083053	4.01624
chr11-110500000-110600000	-0.107205	0.312711	0.111445	2.40032
chr11-130400000-130500000	-0.174202	0.306029	0.108801	2.20927
chr11-110600000-110700000	0.093211	0.340046	0.010106	1.89726
chr11-110700000-110800000	0.023055	0.124146	0.005214	1.94353
chr11-41700000-41800000	-0.449484	-0.238248	0.497766	1.13219
chr11-133600000-133700000	0.007612	0.180665	0.39672	1.28051
chr11-134600000-134700000	-0.086755	-0.065976	0.387529	2.3276
chr11-36000000-36100000	-0.309811	-0.287685	-0.216289	2.45418
chr11-110800000-110900000	0.249316	0.151273	0.056065	1.52035
chr11-90500000-90600000	0.149272	-0.127088	0.374273	1.07988
chr11-111400000-111500000	0.112226	0.09998	0.023737	3.68074
chr11-110900000-111000000	0.028211	0.180602	0.113436	1.73977
chr11-134300000-134400000	0.003602	0.112768	0.413811	1.47012
chr11-55500000-55600000	-0.063472	-0.336119	0.282299	1.08367
chr11-111100000-111200000	0.201266	0.154264	0.057478	1.79376
chr11-1300000-1400000	-0.283431	0.218258	-0.257658	4.22739
chr11-58400000-58500000	0.017523	-0.305406	0.129209	1.44209
chr11-32000000-32100000	-0.363717	-0.075489	0.184767	1.61105
chr11-111200000-111300000	-0.016228	0.112174	0.121651	1.52896
chr11-117600000-117700000	-0.170033	0.265885	0.468407	2.06409
chr11-64400000-64500000	-0.153124	0.222496	-0.217603	2.15198
chr11-39800000-39900000	-0.269346	-0.333607	0.51476	1.18636
chr11-111300000-111400000	0.104008	0.318043	0.098685	2.30183
chr11-113500000-113600000	-0.064541	0.234047	0.648484	1.97393
chr11-54700000-54800000	-0.010155	-0.579441	0.574302	1
chr11-125600000-125700000	0.05294	0.227471	0.42866	1.1739
chr11-90200000-90300000	-0.017486	-0.093423	0.52077	1.10922
chr11-96100000-96200000	0.094379	0.064038	0.311191	3.59987
chr11-21700000-21800000	-0.332212	-0.025586	0.30845	1.14456
chr11-50600000-50700000	-0.196638	-0.455694	0.208596	1.10999
chr11-111600000-111700000	0.047122	0.209838	-0.004122	5.20192
chr11-129400000-129500000	-0.15985	0.062875	0.488467	1.22377
chr11-11400000-11500000	-0.34481	0.168652	0.215822	2.51819
chr11-62300000-62400000	-0.075271	-0.128743	-0.16957	9.88658
chr11-79300000-79400000	-0.100183	-0.2566	0.291759	1.32813
chr11-26800000-26900000	-0.351836	-0.10275	0.140341	1.79275
chr11-111700000-111800000	0.164019	0.323618	0.157319	4.99932
chr11-114000000-114100000	-0.039662	0.173633	0.289145	1.36442
chr11-14200000-14300000	-0.438065	0.230558	0.379431	1.72828
chr11-3800000-3900000	-0.404171	0.27867	0.15802	4.88072
chr11-116800000-116900000	0.276584	0.288524	0.223908	1.76943
chr11-124000000-124100000	-0.190974	0.132118	0.45171	1.53666
chr11-90300000-90400000	0.168155	-0.189795	0.399742	1.04023
chr11-111800000-111900000	-0.009398	0.407074	0.023327	4.30949
chr11-111900000-112000000	0.139047	0.316018	0.160769	3.60142
chr11-120300000-120400000	-0.158575	0.327712	0.20841	2.20136
chr11-82600000-82700000	0.065067	-0.243988	0.09498	2.54291
chr11-125700000-125800000	-0.155658	0.335064	0.462595	2.54156
chr11-11200000-11300000	-0.313745	0.254126	0.131014	1.60228
chr11-112200000-112300000	0.124787	0.2404	0.489933	2.32512
chr11-112300000-112400000	0.073662	0.185041	0.275459	1.78729
chr11-97600000-97700000	-0.06931	0.000212	0.592545	1.26691
chr11-50100000-50200000	-0.250899	-0.283313	0.692498	1.1256
chr11-126200000-126300000	0.011133	0.447289	0.191366	4.41518
chr11-89900000-90000000	0.214945	-0.216891	0.441431	2.81582
chr11-56200000-56300000	-0.08729	-0.396427	0.41413	1.12422
chr11-112400000-112500000	0.031744	0.133629	0.492372	1.42743
chr11-115600000-115700000	-0.148197	0.279331	0.449068	3.2116
chr11-76400000-76500000	0.239835	-0.03109	-0.192264	2.83461
chr11-20500000-20600000	-0.524419	-0.018471	0.330393	1.38064
chr11-82500000-82600000	0.171146	-0.336793	0.28514	1.71754
chr11-73500000-73600000	0.037844	-0.066424	-0.18436	2.62763
chr11-112500000-112600000	-0.039176	0.032185	0.291681	1.33835
chr11-120600000-120700000	-0.011844	0.202589	0.189535	1.29524
chr11-87700000-87800000	0.205277	-0.336893	0.269259	1.29126
chr11-123200000-123300000	0.09569	0.242757	0.169534	1.70881
chr11-38100000-38200000	-0.385638	-0.227787	0.511433	1.22496
chr11-112600000-112700000	0.112263	0.125139	0.430396	1.41802
chr11-2900000-3000000	-0.278116	0.300658	-0.00322	6.57993
chr11-112900000-113000000	-0.007859	0.06095	0.309748	1.11715
chr11-125300000-125400000	-0.057039	0.323409	0.373663	2.78834
chr11-39600000-39700000	-0.244232	-0.250128	0.349156	1.21552
chr11-31500000-31600000	-0.299196	-0.287546	0.128165	2.45852
chr11-113100000-113200000	0.005656	0.171463	0.290954	2.09207
chr11-34800000-34900000	-0.358476	-0.07452	-0.016827	2.2323
chr11-3000000-3100000	-0.501512	0.277718	0.075743	5.95249
chr11-113200000-113300000	0.087871	0.264829	0.495828	1.42675
chr11-116400000-116500000	-0.15078	0.268369	0.366663	1.83011
chr11-133000000-133100000	0.00186	0.072801	0.503903	1.17549
chr11-92200000-92300000	-0.024017	-0.208929	0.427989	1.16434
chr11-21600000-21700000	-0.390459	0.081207	0.51005	1.16676
chr11-33000000-33100000	-0.421735	-0.060721	-0.087157	4.13851
chr11-84000000-84100000	0.107862	-0.219607	0.269658	1.37666
chr11-127100000-127200000	-0.085643	0.114144	0.3645	1.18234
chr11-113300000-113400000	-0.139316	0.253206	0.541055	1.17924
chr11-84800000-84900000	0.012999	-0.176569	0.208039	1.18715
chr11-93600000-93700000	0.218983	0.068427	0.409134	1.76986
chr11-7000000-7100000	-0.346928	-0.004157	0.260252	2.60959
chr11-61700000-61800000	0.124874	-0.083762	-0.054209	4.62397
chr11-25600000-25700000	-0.546013	-0.078132	0.458637	1.27517
chr11-113400000-113500000	0.08151	0.176248	0.476471	1.27135
chr11-98200000-98300000	-0.086388	0.012789	0.45682	1.09444
chr11-113900000-114000000	0.138183	0.080735	0.403445	1.19423
chr11-114100000-114200000	0.086149	0.19051	0.492958	2.68099
chr11-61800000-61900000	0.097149	-0.306816	-0.049353	3.31384
chr11-87800000-87900000	0.150507	-0.126529	0.191631	1.25767
chr11-114200000-114300000	-0.157977	0.165972	0.519084	4.21028
chr11-124600000-124700000	-0.121163	0.468598	0.217715	3.70952
chr11-123400000-123500000	-0.0807	0.37493	0.391546	2.92426
chr11-60700000-60800000	0.065038	-0.346523	0.06153	2.17911
chr11-114500000-114600000	0.06694	0.063537	0.595418	1.19412
chr11-114700000-114800000	0.043024	0.007904	0.581377	1.20873
chr11-72700000-72800000	0.117596	0.154604	-0.278363	1.73081
chr11-1800000-1900000	-0.377886	0.146215	-0.349354	2.06463
chr11-2000000-2100000	-0.323599	-0.005467	-0.120186	1.86755
chr11-114600000-114700000	-0.145107	0.135163	0.528043	1.25995
chr11-83000000-83100000	0.157981	-0.183792	0.281062	1.23238
chr11-4600000-4700000	-0.412362	0.106039	0.498209	2.44624
chr11-114800000-114900000	-0.152881	0.13752	0.576528	1.18451
chr11-30400000-30500000	-0.213679	-0.047585	0.210095	1.13781
chr11-125200000-125300000	0.102377	0.358505	0.188543	2.51288
chr11-74400000-74500000	0.230381	0.153625	-0.098604	2.96133
chr11-41400000-41500000	-0.190729	-0.241449	0.347274	1.19139
chr11-125000000-125100000	-0.106332	0.291603	0.228246	2.54828
chr11-27400000-27500000	-0.388754	-0.03967	0.032536	2.24277
chr11-114900000-115000000	-0.143289	0.149792	0.346663	1.24162
chr11-11500000-11600000	-0.38412	0.064481	0.025924	1.99783
chr11-125100000-125200000	0.023512	0.171029	0.082569	2.91459
chr11-24200000-24300000	-0.578332	-0.057083	-0.09268	1.87047
chr11-57000000-57100000	0.019013	-0.381719	0.169867	5.45672
chr11-130500000-130600000	0.015894	0.353318	-0.002507	2.27015
chr11-48400000-48500000	-0.280795	-0.57629	0.532555	1.13983
chr11-115100000-115200000	-0.111913	0.23027	0.140139	1.86211
chr11-57200000-57300000	0.033887	-0.319349	-0.070494	3.17027
chr11-40400000-40500000	-0.223419	-0.226056	0.236662	1.27101
chr11-28500000-28600000	-0.464819	-0.0373	0.040719	1.50264
chr11-121500000-121600000	-0.141644	0.420546	0.081099	3.31284
chr11-43200000-43300000	-0.191934	-0.272682	0.203212	1.13237
chr11-19900000-20000000	-0.409993	0.223873	0.070172	2.18864
chr11-41000000-41100000	-0.252632	-0.359133	0.353527	1.15646
chr11-115200000-115300000	0.041987	0.207232	0.321562	1.44484
chr11-32200000-32300000	-0.488587	-0.280949	0.231858	1.62907
chr11-117800000-117900000	-0.0153	0.228502	0.305537	1.31092
chr11-132600000-132700000	-0.137295	0.068017	0.389773	2.00342
chr11-115300000-115400000	0.086448	0.057498	0.485516	2.44635
chr11-17100000-17200000	-0.611908	0.062916	0.174595	1.87096
chr11-79800000-79900000	0.025673	-0.121787	0.167161	1.80837
chr11-115500000-115600000	-0.110846	0.37407	0.238431	2.90536
chr11-62700000-62800000	0.122087	-0.319751	0.094486	1.36779
chr11-20300000-20400000	-0.517387	-0.089863	0.233252	3.66118
chr11-86200000-86300000	0.180328	0.037153	0.008695	2.68294
chr11-115700000-115800000	0.027191	0.210612	0.308848	1.83624
chr11-26000000-26100000	-0.435567	-0.040415	0.155951	1.37181
chr11-126100000-126200000	-0.156312	0.287663	0.136539	4.99926
chr11-115900000-116000000	-0.135318	0.06252	0.483827	1.30602
chr11-31400000-31500000	-0.389106	-0.091378	0.192154	1.47224
chr11-124700000-124800000	0.061316	0.344086	0.269914	5.00707
chr11-66800000-66900000	0.263387	0.256324	-0.078558	4.05927
chr11-39400000-39500000	-0.429762	-0.313296	0.289631	1.10795
chr11-11600000-11700000	-0.324897	0.219928	0.169689	2.31757
chr11-30100000-30200000	-0.471238	-0.227199	0.297511	1.14345
chr11-116200000-116300000	-0.091158	0.046923	0.5349	1.26932
chr11-2100000-2200000	-0.281773	0.217524	-0.146689	3.87925
chr11-46800000-46900000	-0.202593	-0.102076	-0.191476	2.73222
chr11-116300000-116400000	-0.021482	0.080417	0.31164	1.19242
chr11-80000000-80100000	-0.072132	-0.093642	0.381017	1.20067
chr11-116500000-116600000	0.067803	0.28228	0.444769	1.4336
chr11-120200000-120300000	-0.02853	0.173189	0.136632	3.29677
chr11-69500000-69600000	-0.030811	-0.137882	-0.166484	1.78504
chr11-45200000-45300000	-0.18223	-0.213584	0.076909	2.12397
chr11-63200000-63300000	-0.079871	-0.202745	-0.013649	1.41855
chr11-116600000-116700000	-0.122238	0.333473	0.303554	3.20801
chr11-73300000-73400000	0.087605	0.33804	-0.212128	3.26464
chr11-6500000-6600000	-0.56168	0.185143	0.156505	3.47869
chr11-13000000-13100000	-0.21073	0.110782	0.056395	1.21314
chr11-19300000-19400000	-0.327476	-0.176021	0.070525	1.81381
chr11-116700000-116800000	0.081938	0.406122	0.1986	2.69177
chr11-127500000-127600000	-0.012348	0.297899	0.457829	2.04897
chr11-60900000-61000000	-0.027624	-0.337028	-0.082221	4.44617
chr11-4900000-5000000	-0.37747	0.094516	0.272101	1.21103
chr11-116900000-117000000	0.07345	0.303854	0.130375	2.48449
chr11-121100000-121200000	-0.02591	0.264561	0.485707	2.45082
chr11-42000000-42100000	-0.240107	-0.309205	0.350892	1.07748
chr11-11700000-11800000	-0.501167	0.068994	0.118373	1.39799
chr11-117100000-117200000	0.079149	0.38094	0.195612	4.88571
chr11-39500000-39600000	-0.264989	-0.343705	0.124643	1.06636
chr11-117500000-117600000	-0.093472	0.120658	0.312907	1.23826
chr11-117700000-117800000	0.069417	0.259415	0.502757	1.39222
chr11-117900000-118000000	-0.14885	0.07492	0.427476	1.24285
chr11-15900000-16000000	-0.344108	0.190109	0.240418	3.17361
chr11-900000-1000000	-0.363985	0.185439	-0.141399	5.08409
chr11-69700000-69800000	0.002776	-0.05297	-0.39854	4.05689
chr11-58600000-58700000	-0.062592	-0.437305	0.04485	1.91057
chr11-118000000-118100000	-0.110549	0.297156	0.481575	1.8082
chr11-6700000-6800000	-0.520499	0.057702	0.188026	4.15574
chr11-4700000-4800000	-0.370191	0.163881	0.283596	1.70351
chr11-118100000-118200000	-0.125686	0.131391	0.317689	1.99205
chr11-118200000-118300000	-0.209717	0.347299	0.236712	3.24189
chr11-78700000-78800000	0.061525	-0.17815	0.059806	1.92651
chr11-118400000-118500000	0.136041	0.292162	0.135984	8.27975
chr11-119900000-120000000	-0.1686	0.311657	0.23775	1.87185
chr11-64700000-64800000	-0.018232	0.160636	-0.237461	4.8438
chr11-118500000-118600000	0.113064	0.505763	0.03058	5.11573
chr11-122500000-122600000	-0.12216	0.471947	0.165299	4.30352
chr11-124500000-124600000	0.020825	0.35963	0.329618	2.96616
chr11-91800000-91900000	-0.070409	-0.128252	0.523511	1.14428
chr11-35400000-35500000	-0.388589	-0.071684	-0.073218	2.15921
chr11-120500000-120600000	0.01327	0.348757	0.367408	1.53018
chr11-91400000-91500000	0.016351	-0.154899	0.264692	1.11986
chr11-99000000-99100000	-0.039885	0.018612	0.569187	1.31867
chr11-118600000-118700000	-0.060424	0.368592	-0.009058	4.32727
chr11-66700000-66800000	0.125408	0.167867	-0.22441	3.27476
chr11-44300000-44400000	-0.296297	-0.310748	0.17673	1.69534
chr11-118700000-118800000	0.153204	0.339324	0.072935	9.75114
chr11-123300000-123400000	0.139727	0.416631	0.331491	3.41634
chr11-75800000-75900000	0.185288	-0.110138	-0.066087	2.09276
chr11-88700000-88800000	0.346169	-0.273871	0.668198	1.32652
chr11-49300000-49400000	-0.468842	-0.420547	0.568682	1.01898
chr11-90700000-90800000	0.169422	-0.213659	0.53803	1.09763
chr11-30800000-30900000	-0.313754	-0.065321	0.253593	1.14922
chr11-118800000-118900000	0.103273	0.520633	-0.057989	4.60697
chr11-118900000-119000000	-0.005839	0.401877	0.091312	6.781
chr11-11900000-12000000	-0.348874	0.037497	-0.044501	4.58897
chr11-12900000-13000000	-0.410799	0.015388	-0.026728	3.17124
chr11-60100000-60200000	-0.118963	-0.306849	0.475012	1.22602
chr11-9300000-9400000	-0.497017	0.189617	-0.036504	3.80923
chr11-119100000-119200000	-0.041755	0.296857	0.035674	4.84288
chr11-5600000-5700000	-0.588271	-0.086211	0.179174	2.21136
chr11-87500000-87600000	0.016495	-0.265872	0.311451	1.42236
chr11-133800000-133900000	0.03674	0.266192	0.438348	1.38122
chr11-119200000-119300000	0.075384	0.491164	0.100979	5.73913
chr11-121800000-121900000	0.063644	0.444389	0.105709	2.00222
chr11-119300000-119400000	-0.09085	0.413344	0.225548	3.11448
chr11-22000000-22100000	-0.456269	-0.188198	0.429915	1.18433
chr11-68000000-68100000	-0.018389	0.289913	-0.184382	4.8746
chr11-17700000-17800000	-0.494205	0.141584	0.290589	1.60756
chr11-121300000-121400000	-0.093671	0.122582	0.27013	2.40656
chr11-97700000-97800000	0.012106	0.06235	0.387601	1.33945
chr11-119500000-119600000	-0.005897	0.405539	0.240663	2.2336
chr11-26300000-26400000	-0.454196	-0.263221	0.2205	1.23468
chr11-15600000-15700000	-0.346003	0.022608	0.240862	2.89579
chr11-119700000-119800000	-0.119699	0.079166	0.432305	1.22768
chr11-75300000-75400000	-0.081546	-0.003499	-0.128981	3.39346
chr11-129700000-129800000	-0.170148	0.381319	0.365322	3.08896
chr11-97300000-97400000	-0.026334	0.07808	0.362898	1.09885
chr11-72400000-72500000	0.163748	0.135843	-0.300277	6.09554
chr11-119800000-119900000	0.016393	0.228748	0.341945	1.24118
chr11-23400000-23500000	-0.464854	0.225648	0.273022	1.46779
chr11-81400000-81500000	-0.032704	-0.246501	0.550391	1.07557
chr11-85400000-85500000	0.246302	-0.084997	0.14183	1.79647
chr11-72800000-72900000	-0.079361	0.128266	-0.155006	4.72853
chr11-67800000-67900000	-0.016176	0.289851	-0.21097	6.03497
chr11-128800000-128900000	-0.014529	0.21006	0.348171	1.62885
chr11-21300000-21400000	-0.429238	-0.124618	0.284179	1.19141
chr11-58200000-58300000	0.045517	-0.375437	0.111759	1.60274
chr11-122200000-122300000	-0.186498	0.409892	0.168406	1.32232
chr11-12000000-12100000	-0.358387	0.257236	0.0088	6.68443
chr11-90800000-90900000	0.112031	-0.185605	0.303353	1.15192
chr11-18600000-18700000	-0.552316	0.057817	0.330807	3.87632
chr11-44700000-44800000	-0.191969	-0.273959	-0.002958	1.677
chr11-120100000-120200000	-0.054593	0.414194	0.105315	2.89377
chr11-22700000-22800000	-0.424716	0.124104	0.365241	1.17597
chr11-51400000-51500000	0.037074	-0.628127	0.271064	1
chr11-48700000-48800000	-0.348319	-0.43424	0.301085	1.08082
chr11-120700000-120800000	-0.085741	0.139679	0.398562	1.33514
chr11-84700000-84800000	0.004443	-0.31283	0.39028	1.51353
chr11-120900000-121000000	0.192319	0.217783	0.350224	1.32224
chr11-56000000-56100000	-0.234118	-0.311415	0.436993	1.17471
chr11-121000000-121100000	-0.011751	0.288489	0.250442	1.20751
chr11-68400000-68500000	-0.093061	0.115047	-0.164339	1.49631
chr11-40600000-40700000	-0.260681	-0.308612	0.229522	1.09779
chr11-31300000-31400000	-0.308855	-0.31811	0.23293	2.61511
chr11-28000000-28100000	-0.483927	-0.203176	-0.092245	1.3528
chr11-128700000-128800000	-0.184097	0.368741	0.306937	2.52959
chr11-40300000-40400000	-0.395018	-0.063765	0.221059	1.92993
chr11-35200000-35300000	-0.155843	-0.15931	-0.131388	2.23013
chr11-121700000-121800000	-0.136688	0.369722	0.07965	1.95808
chr11-121900000-122000000	-0.144357	0.47013	0.182689	2.76413
chr11-122000000-122100000	0.04339	0.382116	0.102893	4.11017
chr11-15400000-15500000	-0.300528	-0.056897	0.223278	1.18636
chr11-17500000-17600000	-0.407529	0.215634	0.260237	1.38483
chr11-122100000-122200000	-0.107955	0.198607	0.121895	1.70424
chr11-133500000-133600000	-0.118448	0.11489	0.582924	1.1939
chr11-86600000-86700000	0.206559	0.015082	0.132174	3.41147
chr11-15800000-15900000	-0.473943	0.325645	0.101343	1.938
chr11-131700000-131800000	-0.150332	0.245139	0.222758	3.91213
chr11-132100000-132200000	-0.139285	0.306344	0.338899	2.07819
chr11-84200000-84300000	0.016891	-0.175325	0.255783	1.13465
chr11-55200000-55300000	-0.134228	-0.337076	0.364901	1.13583
chr11-46600000-46700000	-0.109668	-0.086782	-0.246643	4.41477
chr11-122300000-122400000	-0.084433	0.205276	0.181541	1.66324
chr11-47300000-47400000	-0.10875	0.082349	-0.136453	2.80493
chr11-21500000-21600000	-0.329706	-0.131975	0.424234	1.16674
chr11-69000000-69100000	-0.004285	0.083399	-0.193637	9.22219
chr11-122400000-122500000	0.094566	0.347184	0.131664	1.78079
chr11-27500000-27600000	-0.306736	-0.264522	0.087982	3.08351
chr11-87600000-87700000	0.181423	-0.106139	0.330376	1.28112
chr11-122600000-122700000	0.036614	0.33021	0.196283	3.24152
chr11-14100000-14200000	-0.571767	0.06926	0.263127	1.2392
chr11-12700000-12800000	-0.421053	0.072188	-0.110673	3.38091
chr11-131800000-131900000	-0.199841	0.318048	0.436116	2.16838
chr11-122900000-123000000	-0.030738	0.506918	0.236139	3.752
chr11-61400000-61500000	-0.090961	-0.160818	-0.103946	3.09305
chr11-27700000-27800000	-0.412826	0.032014	0.023512	3.15896
chr11-25100000-25200000	-0.42087	0.030337	0.510337	1.25538
chr11-43000000-43100000	-0.320608	-0.149611	0.481755	1.11033
chr11-41600000-41700000	-0.261742	-0.289204	0.352858	1.13644
chr11-25500000-25600000	-0.328669	-0.012598	0.480415	1.16904
chr11-123000000-123100000	0.123729	0.369389	0.162142	4.40375
chr11-123500000-123600000	0.069129	0.2087	0.362891	1.4337
chr11-17600000-17700000	-0.333338	0.066524	0.432731	1.38108
chr11-22500000-22600000	-0.455312	-0.231036	0.293347	1.23445
chr11-64200000-64300000	-0.06799	0.161949	-0.159114	1.35665
chr11-20100000-20200000	-0.400924	0.148993	0.198827	2.77936
chr11-72900000-73000000	0.107295	0.149072	-0.022876	3.05612
chr11-123900000-124000000	0.007562	0.245026	0.432564	3.45925
chr11-71500000-71600000	0.245307	-0.433935	-0.113191	1.58027
chr11-44600000-44700000	-0.31156	-0.137881	-0.127997	3.28578
chr11-124100000-124200000	0.024757	0.193866	0.502302	2.30683
chr11-75000000-75100000	-0.006852	0.008616	-0.292407	4.37639
chr11-29600000-29700000	-0.277306	-0.083713	0.206022	1.09367
chr11-124400000-124500000	-0.139813	0.186229	0.395374	3.14205
chr11-94000000-94100000	0.155696	-0.10892	0.387868	1.71472
chr11-94200000-94300000	0.203635	0.031997	0.13436	4.19852
chr11-50300000-50400000	-0.218383	-0.314984	0.500268	1.11931
chr11-124800000-124900000	-0.064241	0.285887	0.082516	2.59919
chr11-132200000-132300000	-0.080036	0.231013	0.547489	1.40669
chr11-124900000-125000000	0.122877	0.22244	0.193462	3.84829
chr11-125500000-125600000	-0.064701	0.418999	0.391523	1.63184
chr11-15700000-15800000	-0.392847	0.244115	0.304043	3.02622
chr11-125900000-126000000	-0.222262	0.327416	0.379176	2.38155
chr11-39200000-39300000	-0.330247	-0.339724	0.398224	1.0621
chr11-126300000-126400000	0.048766	0.302398	0.364752	3.13373
chr11-126700000-126800000	-0.117455	0.206623	0.141852	2.53795
chr11-132300000-132400000	-0.173061	0.100565	0.386749	1.41376
chr11-79600000-79700000	0.016562	-0.169001	0.128508	1.21433
chr11-99800000-99900000	-0.030928	-0.019534	0.555556	1.27586
chr11-127400000-127500000	-0.202281	0.181795	0.410595	1.70847
chr11-126400000-126500000	-0.075011	0.224625	0.19644	2.65614
chr11-41800000-41900000	-0.315832	-0.32778	0.333751	1.1031
chr11-32400000-32500000	-0.441769	-0.172975	0.08876	1.23163
chr11-126600000-126700000	-0.184095	0.400646	0.246403	2.6379
chr11-8000000-8100000	-0.346134	0.219951	0.118953	2.50487
chr11-126800000-126900000	-0.073152	0.391699	0.246903	3.42285
chr11-130800000-130900000	-0.144378	0.420176	0.351801	1.85369
chr11-126900000-127000000	-0.103206	0.165635	0.330874	1.49421
chr11-42200000-42300000	-0.222171	-0.173247	0.277722	1.09029
chr11-20700000-20800000	-0.518772	-0.193567	0.365391	1.11493
chr11-127300000-127400000	0.017271	0.136456	0.357062	1.78612
chr11-80600000-80700000	-0.122048	-0.153719	0.383389	1.14079
chr11-93100000-93200000	0.144234	-0.098468	0.559868	1.27064
chr11-32300000-32400000	-0.385794	-0.08586	0.307576	1.47152
chr11-127800000-127900000	0.022804	0.332126	0.427172	1.79154
chr11-85500000-85600000	0.177499	0.083914	0.010201	2.91791
chr11-127900000-128000000	-0.165618	0.400377	0.287143	1.8399
chr11-45400000-45500000	-0.223175	-0.266154	0.203936	1.59266
chr11-38200000-38300000	-0.21004	-0.338631	0.400944	1.18952
chr11-16800000-16900000	-0.572686	-0.018594	0.278447	1.95977
chr11-65600000-65700000	-0.168921	0.093806	-0.376997	12.6213
chr11-56400000-56500000	-0.125997	-0.297832	0.595398	1.35488
chr11-128000000-128100000	-0.033498	0.416355	0.09073	1.72687
chr11-128100000-128200000	-0.156888	0.304634	0.250718	1.76062
chr11-128300000-128400000	0.006557	0.329616	0.23734	3.57033
chr11-14800000-14900000	-0.508726	0.153727	0.46768	1.16814
chr11-90000000-90100000	-0.00315	-0.219022	0.547458	1.1701
chr11-23500000-23600000	-0.511168	0.093873	0.091797	1.54621
chr11-98100000-98200000	0.140332	0.021313	0.518903	1.09672
chr11-50200000-50300000	-0.422359	-0.417594	0.600564	1.15428
chr11-128400000-128500000	-0.098734	0.515565	0.294707	2.12461
chr11-128600000-128700000	-0.064088	0.181894	0.21715	2.69843
chr11-128900000-129000000	-0.181162	0.362604	0.40769	1.38564
chr11-69200000-69300000	0.098163	0.013721	-0.186174	5.29597
chr11-129000000-129100000	-0.11801	0.525834	0.236076	1.40233
chr11-129600000-129700000	-0.109688	0.312216	0.588447	1.18184
chr11-41100000-41200000	-0.422833	-0.224508	0.271764	1.03387
chr11-130000000-130100000	-0.156092	0.259726	0.185767	1.89667
chr11-130700000-130800000	-0.038468	0.296846	0.196056	3.11748
chr11-20600000-20700000	-0.318069	-0.117728	0.255025	1.21187
chr11-84100000-84200000	0.037367	-0.188105	0.488279	1.18508
chr11-130900000-131000000	0.064864	0.320482	0.367073	3.48854
chr11-28700000-28800000	-0.357567	-0.032285	0.051493	1.87941
chr11-13100000-13200000	-0.338889	0.287049	0.093929	2.06061
chr11-131100000-131200000	-0.141139	0.183185	0.519319	1.36776
chr11-80500000-80600000	0.072505	-0.074819	0.268009	1.17757
chr11-37800000-37900000	-0.222972	-0.193189	0.266901	1.5411
chr11-37700000-37800000	-0.406949	-0.309397	0.17123	1.22918
chr11-131500000-131600000	-0.033882	0.127	0.309363	2.62114
chr11-77200000-77300000	0.140953	-0.129208	-0.161372	2.02632
chr11-131900000-132000000	-0.032374	0.395606	0.306109	5.3819
chr11-71000000-71100000	0.00248	-0.091457	-0.08226	2.70957
chr11-68800000-68900000	-0.089924	0.004373	-0.31352	4.59732
chr11-4300000-4400000	-0.561591	-0.002633	0.701089	1.17608
chr11-132500000-132600000	-0.203101	0.288722	0.415596	2.30735
chr11-64800000-64900000	0.053705	-0.058757	-0.228417	6.28723
chr11-59800000-59900000	-0.063983	-0.311229	0.444147	1.19807
chr11-40700000-40800000	-0.324162	-0.350266	0.445895	1.20661
chr11-13700000-13800000	-0.441015	-0.120039	0.464168	1.51622
chr11-132700000-132800000	-0.130943	0.162106	0.605211	2.13011
chr11-132900000-133000000	-0.196368	0.201013	0.483565	2.60715
chr11-13300000-13400000	-0.369312	0.109064	0.025641	3.90874
chr11-55400000-55500000	-0.202699	-0.391261	0.459758	1.20213
chr11-24400000-24500000	-0.379	-0.245417	0.032544	1.27072
chr11-60000000-60100000	-0.109994	-0.238362	0.253244	1.19892
chr11-133100000-133200000	-0.163979	0.113277	0.343704	1.11858
chr11-46700000-46800000	-0.090448	-0.253522	-0.113789	5.39516
chr11-80200000-80300000	-0.049822	-0.221885	0.489523	1.1494
chr11-133400000-133500000	-0.119466	0.09502	0.350584	1.22565
chr11-87100000-87200000	0.093496	-0.111901	0.157241	3.0816
chr11-133900000-134000000	-0.173944	0.305622	0.552383	3.19703
chr11-62600000-62700000	-0.042671	-0.19328	-0.002969	4.90882
chr11-42800000-42900000	-0.305188	-0.138511	0.476153	1.0737
chr11-82100000-82200000	-0.043554	-0.244489	0.453605	1.16658
chr11-55100000-55200000	-0.15299	-0.248707	0.577919	1.21338
chr11-13400000-13500000	-0.387517	0.269387	0.205838	3.14286
chr11-93400000-93500000	0.200686	-0.097315	0.100168	3.51273
chr11-134200000-134300000	-0.203603	0.222331	0.410782	1.363
chr11-55700000-55800000	-0.120999	-0.389956	0.278027	1.16195
chr11-28200000-28300000	-0.39885	0.208719	0.044422	1.37694
chr11-134500000-134600000	0.030459	0.008325	0.573211	1.45978
chr11-134900000-135000000	-0.13319	0.219031	0.714846	2.22267
chr11-13900000-14000000	-0.507787	-0.024298	0.248307	1.37333
chr11-38700000-38800000	-0.481407	-0.334044	0.309984	1.24282
chr11-32700000-32800000	-0.337215	-0.265553	0.085174	1.12457
chr11-27600000-27700000	-0.508562	-0.199519	-0.000714	1.75112
chr11-1400000-1500000	-0.238643	0.011519	-0.179309	2.83911
chr11-65300000-65400000	0.022073	0.290771	-0.254337	8.6101
chr11-34200000-34300000	-0.28887	-0.185189	-0.198536	3.18558
chr11-58500000-58600000	-0.032455	-0.49142	0.267149	2.05138
chr11-14000000-14100000	-0.39099	0.142597	0.361063	1.70093
chr11-69900000-70000000	0.180648	-0.047174	-0.217244	3.02522
chr11-14300000-14400000	-0.437061	0.160833	0.13745	2.92618
chr11-65700000-65800000	-0.136356	0.251881	-0.317138	6.05926
chr11-14400000-14500000	-0.597766	0.169809	0.289346	3.58477
chr11-96200000-96300000	0.128829	0.001923	0.552578	1.20945
chr11-14900000-15000000	-0.302392	0.115494	0.365714	2.61473
chr11-15300000-15400000	-0.319523	0.045471	0.414452	1.32382
chr11-7500000-7600000	-0.522963	0.061094	0.255851	2.86699
chr11-99500000-99600000	0.186843	0.169251	0.483191	1.45513
chr11-46100000-46200000	-0.192217	-0.175633	-0.157771	3.08439
chr11-15500000-15600000	-0.362458	-0.08645	0.435543	1.24347
chr11-50700000-50800000	-0.068776	-0.494695	0.407442	1.06206
chr11-16100000-16200000	-0.311988	0.20232	0.120845	1.66023
chr11-21200000-21300000	-0.352525	0.008458	0.458752	1.05609
chr11-16700000-16800000	-0.445118	0.010039	0.476494	3.31353
chr11-92300000-92400000	-0.080563	-0.042164	0.277603	1.35151
chr11-96700000-96800000	0.148904	0.054167	0.536342	1.19242
chr11-59500000-59600000	0.012609	-0.324449	0.300217	3.18144
chr11-17000000-17100000	-0.50046	0.112795	0.379622	3.74393
chr11-17300000-17400000	-0.346889	0.252713	0.16047	2.61802
chr11-17900000-18000000	-0.316982	0.162897	0.288552	1.63795
chr11-18900000-19000000	-0.409505	-0.107025	0.58847	1.04147
chr11-1900000-2000000	-0.538784	0.060529	-0.21277	4.03003
chr11-53100000-53200000	-0.009846	-0.581344	0.575214	0
chr11-22300000-22400000	-0.528975	-0.071147	0.313736	1.1294
chr11-71400000-71500000	0.243429	-0.433671	-0.112215	2.94888
chr11-62400000-62500000	0.141387	-0.083038	-0.136376	9.1772
chr11-19200000-19300000	-0.531255	-0.058233	0.109052	1.4653
chr11-75100000-75200000	0.13569	0.129423	-0.168517	4.46534
chr11-20400000-20500000	-0.332592	0.064136	0.200928	3.68602
chr11-19400000-19500000	-0.420797	0.012274	0.000394	1.97851
chr11-19600000-19700000	-0.463361	-0.009464	0.008199	2.23691
chr11-68200000-68300000	-0.058548	0.122339	-0.136475	3.76882
chr11-66600000-66700000	-0.063601	0.210494	-0.269226	5.61162
chr11-48100000-48200000	-0.150439	-0.18015	0.053923	2.91577
chr11-19700000-19800000	-0.396083	0.194421	0.030025	3.4339
chr11-19800000-19900000	-0.525561	0.072581	0.196246	1.69212
chr11-57500000-57600000	0.002193	-0.291448	-0.075939	3.35453
chr11-200000-300000	-0.26073	0.183579	-0.332868	6.8555
chr11-35600000-35700000	-0.339312	-0.150939	-0.053536	4.51548
chr11-24700000-24800000	-0.422388	-0.262198	0.131483	1.28567
chr11-20900000-21000000	-0.302256	-0.075946	0.239848	1.14094
chr11-82900000-83000000	0.298486	-0.042933	0.137973	4.00959
chr11-21000000-21100000	-0.368576	-0.099893	0.457237	1.14393
chr11-30300000-30400000	-0.43493	-0.017663	0.304366	2.73278
chr11-21100000-21200000	-0.263053	-0.058111	0.252934	1.0473
chr11-21900000-22000000	-0.318913	-0.085733	0.265909	1.11032
chr11-46300000-46400000	-0.188813	0.252784	-0.088819	7.33187
chr11-22400000-22500000	-0.293873	-0.057081	0.258398	1.89529
chr11-22800000-22900000	-0.440438	-0.124412	0.395235	2.1788
chr11-22900000-23000000	-0.593082	0.040479	0.296169	1.34964
chr11-23000000-23100000	-0.522814	0.087151	0.081717	1.47684
chr11-94500000-94600000	0.199405	0.104772	0.072415	3.14506
chr11-23300000-23400000	-0.628169	0.135119	0.147559	2.26611
chr11-23700000-23800000	-0.356232	-0.227053	-0.058398	1.80222
chr11-23900000-24000000	-0.500425	-0.193664	-0.028733	2.07323
chr11-2400000-2500000	-0.369292	0.426467	-0.04	6.87189
chr11-24300000-24400000	-0.424003	-0.017008	0.079876	1.38918
chr11-24800000-24900000	-0.498308	-0.114639	0.305092	1.28218
chr11-68900000-69000000	0.058376	-0.106253	-0.172867	2.74618
chr11-24900000-25000000	-0.426541	0.005018	0.501431	1.30403
chr11-86900000-87000000	0.142337	-0.122707	0.114813	1.58659
chr11-51100000-51200000	0.030939	-0.631897	0.447177	1
chr11-2500000-2600000	-0.342857	0.218964	-0.005376	1.69663
chr11-25000000-25100000	-0.556562	0.020134	0.317069	1.32689
chr11-25300000-25400000	-0.407064	-0.031185	0.498913	1.20811
chr11-67600000-67700000	0.034347	0.471579	-0.32722	1
chr11-25400000-25500000	-0.348139	-0.214237	0.366333	1.20795
chr11-25900000-26000000	-0.467871	-0.045962	0.401284	1.30878
chr11-63700000-63800000	-0.009815	-0.05565	-0.253261	4.9636
chr11-2600000-2700000	-0.507319	0.085178	0.013082	1.7727
chr11-66500000-66600000	0.144102	0.201936	-0.344048	2.88743
chr11-33800000-33900000	-0.287196	-0.174502	-0.165328	1.65997
chr11-26100000-26200000	-0.556367	-0.230237	0.220382	1.47518
chr11-64500000-64600000	0.072316	0.206215	-0.185064	4.87325
chr11-46000000-46100000	-0.141072	0.018637	-0.086173	1.7785
chr11-26500000-26600000	-0.533654	-0.102709	0.372999	1.15449
chr11-9700000-9800000	-0.213551	0.235493	-0.228894	5.01388
chr11-26600000-26700000	-0.349593	-0.182884	0.517142	1.20545
chr11-59200000-59300000	0.027558	-0.270007	0.342885	1.19041
chr11-31200000-31300000	-0.4839	-0.220532	0.359668	1.18383
chr11-26700000-26800000	-0.465285	-0.202375	0.308597	1.37231
chr11-95200000-95300000	0.188803	0.041478	0.472406	1.35419
chr11-26900000-27000000	-0.550233	-0.139135	0.227953	2.04028
chr11-27100000-27200000	-0.442232	-0.218386	0.181254	1.54408
chr11-67300000-67400000	-0.004749	0.330574	-0.181779	4.97975
chr11-5800000-5900000	-0.381884	0.150416	0.420706	1.21662
chr11-47400000-47500000	-0.342443	0.047944	-0.178722	6.81986
chr11-27200000-27300000	-0.300951	-0.057191	0.063547	2.30921
chr11-27300000-27400000	-0.312272	-0.208753	-0.098317	2.40076
chr11-27800000-27900000	-0.510391	-0.1716	-0.033589	1.52024
chr11-27900000-28000000	-0.341677	-0.236455	0.087194	2.25061
chr11-61100000-61200000	-0.081661	-0.16418	0.029256	6.02077
chr11-2800000-2900000	-0.409654	0.149476	-0.139843	2.54004
chr11-34100000-34200000	-0.252645	0.002739	-0.079501	4.04755
chr11-28300000-28400000	-0.43723	0.008619	-0.05412	1.3776
chr11-95600000-95700000	0.417668	0.004679	0.174984	3.21478
chr11-48200000-48300000	-0.259991	-0.356777	0.184734	1.20481
chr11-28800000-28900000	-0.412012	-0.228526	-0.047695	1.64473
chr11-28900000-29000000	-0.404527	-0.000344	-0.088268	1.54379
chr11-29000000-29100000	-0.522131	-0.19132	-0.018537	1.4917
chr11-76700000-76800000	0.009636	-0.109756	-0.144578	4.94801
chr11-29200000-29300000	-0.319928	-0.075887	0.007734	2.41076
chr11-6600000-6700000	-0.338145	0.2217	0.191526	5.80375
chr11-29500000-29600000	-0.368959	-0.108966	0.427152	1.18067
chr11-38500000-38600000	-0.432391	-0.291217	0.36159	1.18153
chr11-34300000-34400000	-0.321839	-0.026562	-0.054592	2.67148
chr11-30500000-30600000	-0.250216	-0.268909	0.153417	1.15655
chr11-700000-800000	-0.341103	0.101599	-0.406774	8.11309
chr11-79500000-79600000	-0.102262	-0.072941	0.320974	1.11319
chr11-99200000-99300000	0.11385	0.116301	0.352272	1.35521
chr11-300000-400000	-0.445845	0.246782	-0.271087	4.46132
chr11-30000000-30100000	-0.315592	-0.050892	0.287103	1.14895
chr11-30200000-30300000	-0.388427	-0.13133	0.506841	1.22526
chr11-30600000-30700000	-0.444301	-0.191825	0.241516	1.12718
chr11-70100000-70200000	0.159347	0.08434	-0.198974	3.55632
chr11-3600000-3700000	-0.56528	0.320176	0.003544	2.4508
chr11-30700000-30800000	-0.316733	-0.1748	0.450322	1.18931
chr11-89600000-89700000	0.431094	-0.331923	0.493461	1
chr11-30900000-31000000	-0.33066	-0.288325	0.17488	1.15384
chr11-3100000-3200000	-0.373542	0.417032	-0.061114	5.50079
chr11-39100000-39200000	-0.343043	-0.105664	0.4505	1.11237
chr11-31800000-31900000	-0.363268	-0.068402	0.139267	1.47034
chr11-31900000-32000000	-0.395435	-0.306254	0.147414	1.28218
chr11-69800000-69900000	-0.031386	0.003563	-0.184028	3.85877
chr11-63600000-63700000	0.084481	-0.111742	-0.067611	4.02555
chr11-38300000-38400000	-0.434802	-0.242037	0.352408	1.15576
chr11-3200000-3300000	-0.493289	0.257249	0.020161	1.54611
chr11-32100000-32200000	-0.507386	-0.142935	0.034558	3.2714
chr11-32900000-33000000	-0.361641	-0.247393	-0.027999	2.49669
chr11-33100000-33200000	-0.245415	0.083074	-0.128125	2.44184
chr11-77000000-77100000	0.100163	0.189069	-0.115191	1.82266
chr11-44800000-44900000	-0.248671	-0.064968	-0.052423	1.95439
chr11-42100000-42200000	-0.330982	-0.128418	0.482393	1.08532
chr11-33300000-33400000	-0.413848	-0.002072	-0.035595	2.4977
chr11-80800000-80900000	-0.115606	-0.156032	0.497932	1.17144
chr11-33400000-33500000	-0.258069	-0.181017	-0.00234	1.85338
chr11-66200000-66300000	0.040082	0.141828	-0.3673	4.7224
chr11-33500000-33600000	-0.322833	0.021205	-0.07641	2.31781
chr11-73400000-73500000	0.128631	0.131218	-0.258368	3.99296
chr11-73600000-73700000	0.049313	0.156533	-0.172419	2.74436
chr11-33600000-33700000	-0.268093	-0.185385	-0.076352	2.45541
chr11-4500000-4600000	-0.487924	-0.028834	0.311563	1.13677
chr11-33700000-33800000	-0.479236	-0.166671	-0.023332	5.88597
chr11-33900000-34000000	-0.322507	-0.035328	0.004178	1.43018
chr11-34500000-34600000	-0.341121	-0.139056	-0.229748	1.84462
chr11-36700000-36800000	-0.278079	-0.125994	0.199274	1.25477
chr11-34700000-34800000	-0.370797	-0.208299	-0.190869	2.28798
chr11-34900000-35000000	-0.31084	-0.047008	-0.245164	3.39053
chr11-5500000-5600000	-0.365707	-0.090284	0.271108	1.32889
chr11-3500000-3600000	-0.756829	0.348135	-0.110956	1
chr11-44200000-44300000	-0.259218	-0.22653	-0.047932	2.09834
chr11-35000000-35100000	-0.171651	-0.054334	-0.057717	2.64439
chr11-35100000-35200000	-0.367029	-0.07841	-0.156681	4.23955
chr11-48600000-48700000	-0.427642	-0.371721	0.475917	1.00519
chr11-35500000-35600000	-0.16316	-0.020018	-0.107901	3.33766
chr11-71700000-71800000	0.108395	-0.023357	-0.170185	5.85949
chr11-35700000-35800000	-0.438284	-0.351705	-0.077782	1.56536
chr11-42300000-42400000	-0.347718	-0.349778	0.384414	1.10028
chr11-35800000-35900000	-0.360971	-0.1276	-0.085853	1.98687
chr11-75200000-75300000	0.103713	-0.056223	-0.254596	7.40196
chr11-35900000-36000000	-0.159602	-0.251434	-0.046766	2.18808
chr11-36900000-37000000	-0.224096	-0.205461	0.214435	1.15813
chr11-3700000-3800000	-0.421134	0.180009	-0.063443	2.56421
chr11-37200000-37300000	-0.321925	-0.180758	0.424308	1.0814
chr11-37300000-37400000	-0.459142	-0.292186	0.266437	1.09471
chr11-37600000-37700000	-0.532472	-0.153066	0.293749	1.21897
chr11-37900000-38000000	-0.315823	-0.220358	0.474899	1.13688
chr11-38900000-39000000	-0.464461	-0.158591	0.415692	1.13502
chr11-3900000-4000000	-0.497356	0.210478	-0.043598	1.96635
chr11-64000000-64100000	-0.089814	-0.228437	-0.281309	10.9872
chr11-39000000-39100000	-0.31041	-0.340387	0.471189	1.1129
chr11-75400000-75500000	0.123776	0.027543	-0.129526	1.8671
chr11-55000000-55100000	-0.323639	-0.407709	0.593505	1.14664
chr11-39300000-39400000	-0.427645	-0.113475	0.406471	1.17858
chr11-46200000-46300000	-0.23116	0.043201	-0.147421	6.01626
chr11-39700000-39800000	-0.385837	-0.129522	0.498405	1.097
chr11-82200000-82300000	-0.078861	-0.030024	0.348649	1.17663
chr11-39900000-40000000	-0.395581	-0.344057	0.305193	1.10365
chr11-40100000-40200000	-0.36212	-0.305057	0.264945	1.05556
chr11-40500000-40600000	-0.375328	-0.197306	0.414116	1.11034
chr11-46400000-46500000	-0.141983	0.036851	-0.020074	3.02049
chr11-44400000-44500000	-0.127417	-0.240905	0.059276	1.25058
chr11-40800000-40900000	-0.215415	-0.310445	0.228331	1.17719
chr11-40900000-41000000	-0.450746	-0.281091	0.241269	1.09598
chr11-41300000-41400000	-0.417042	-0.263096	0.265067	1.18477
chr11-49500000-49600000	-0.265178	-0.476622	0.689849	1.07097
chr11-41500000-41600000	-0.322767	-0.106241	0.494322	1.12528
chr11-41900000-42000000	-0.325685	-0.15624	0.50299	1.14349
chr11-42400000-42500000	-0.329136	-0.135778	0.482831	1.08333
chr11-71100000-71200000	0.087498	-0.292144	-0.021942	3.50446
chr11-42600000-42700000	-0.277135	-0.14058	0.48853	1.09573
chr11-60400000-60500000	-0.071521	-0.19708	0.30097	1.17315
chr11-44900000-45000000	-0.325485	-0.279354	-0.035778	3.18964
chr11-42900000-43000000	-0.265993	-0.297779	0.30253	1.10914
chr11-47000000-47100000	-0.196867	-0.059532	-0.324324	1.65443
chr11-43700000-43800000	-0.430204	-0.171086	-0.130518	2.57916
chr11-43300000-43400000	-0.427722	-0.287033	0.152427	3.37601
chr11-49600000-49700000	-0.263823	-0.549843	0.458885	1
chr11-43800000-43900000	-0.263893	-0.051131	-0.036317	1.91856
chr11-43900000-44000000	-0.280178	-0.269153	0.064193	2.96668
chr11-44500000-44600000	-0.305959	-0.362703	-0.04507	4.1998
chr11-45000000-45100000	-0.18266	-0.218875	0.144344	2.10815
chr11-45300000-45400000	-0.300995	-0.05051	0.185914	1.60361
chr11-45500000-45600000	-0.315105	-0.079101	0.134039	1.278
chr11-72300000-72400000	0.069604	-0.064203	-0.209579	2.13473
chr11-45600000-45700000	-0.166085	-0.24287	0.142108	1.55807
chr11-72600000-72700000	0.017778	0.305772	-0.182453	1.8427
chr11-67500000-67600000	0.035339	0.471432	-0.329103	1.49876
chr11-45800000-45900000	-0.272477	-0.350466	-0.036527	4.84179
chr11-78000000-78100000	0.011937	0.047706	-0.005094	1.82759
chr11-90600000-90700000	-0.063093	-0.145113	0.47591	1.11819
chr11-45900000-46000000	-0.210683	-0.171688	-0.174473	3.7757
chr11-64900000-65000000	-0.147343	-0.008592	-0.244411	6.05769
chr11-46900000-47000000	-0.239248	0.141346	-0.24641	2.29328
chr11-47800000-47900000	-0.162628	-0.3089	-0.043464	2.67128
chr11-47900000-48000000	-0.205498	-0.101517	-0.099519	2.55263
chr11-60500000-60600000	0.019688	-0.153751	0.085599	1.57323
chr11-55300000-55400000	-0.09884	-0.192871	0.549959	1.15484
chr11-48800000-48900000	-0.202585	-0.578656	0.267274	1.35004
chr11-48900000-49000000	-0.318372	-0.497072	0.463716	1.31597
chr11-49100000-49200000	-0.316603	-0.578281	0.298138	1
chr11-54800000-54900000	-0.027231	-0.428681	0.447189	1
chr11-49700000-49800000	-0.389754	-0.448714	0.580766	1
chr11-49800000-49900000	-0.472356	-0.604533	0.410295	1.05822
chr11-5000000-5100000	-0.433366	0.103801	0.49912	1.26164
chr11-50900000-51000000	0.028868	-0.631646	0.447622	0
chr11-51200000-51300000	-0.06632	-0.476785	0.399769	1.06161
chr11-5300000-5400000	-0.565533	0.002109	0.318355	2.83259
chr11-800000-900000	-0.485623	0.061481	-0.250755	9.99265
chr11-54900000-55000000	-0.208433	-0.310233	0.415491	1.06833
chr11-66000000-66100000	0.042325	0.202614	-0.126527	9.42312
chr11-55600000-55700000	-0.116976	-0.416866	0.497682	1.19327
chr11-55800000-55900000	-0.184225	-0.282381	0.47788	1.0923
chr11-55900000-56000000	-0.026636	-0.279681	0.317611	1.09829
chr11-69600000-69700000	-0.085374	0.053093	-0.233131	1.51712
chr11-56300000-56400000	-0.191001	-0.190251	0.392134	1.17432
chr11-56700000-56800000	0.003013	-0.361418	0.30647	1.15958
chr11-56900000-57000000	-0.069563	-0.167992	0.193859	1.82569
chr11-71200000-71300000	0.2414	-0.431088	-0.113073	2.52662
chr11-57100000-57200000	-0.059788	-0.176201	0.085323	2.75174
chr11-57300000-57400000	-0.171779	-0.256962	0.003788	3.1693
chr11-57800000-57900000	-0.18129	-0.3182	0.002742	3.6737
chr11-93800000-93900000	0.242991	-0.231503	0.271711	4.88255
chr11-57900000-58000000	0.042104	-0.250925	0.002071	1.28469
chr11-58100000-58200000	-0.14415	-0.238564	0.038533	2.52648
chr11-94100000-94200000	0.346617	0.030533	0.330622	1.5331
chr11-58900000-59000000	-0.080723	-0.260755	0.118608	3.58519
chr11-5900000-6000000	-0.524934	-0.04303	0.420068	1.22778
chr11-59300000-59400000	0.152553	-0.28511	0.133301	3.52528
chr11-59700000-59800000	-0.109911	-0.111528	0.327527	1.18194
chr11-600000-700000	-0.23919	0.172027	-0.249842	6.47196
chr11-6000000-6100000	-0.352113	0.068597	0.352784	1.32578
chr11-60200000-60300000	-0.075032	-0.215169	0.265675	1.24398
chr11-60300000-60400000	0.016911	-0.416251	0.292652	1.2753
chr11-60600000-60700000	-0.133681	-0.278993	-0.038651	4.06652
chr11-60800000-60900000	-0.045967	-0.161427	0.004174	2.19271
chr11-6100000-6200000	-0.524441	-0.039009	0.465176	2.58033
chr11-61500000-61600000	-0.01455	0.048421	-0.182192	4.60739
chr11-61900000-62000000	-0.031823	-0.268509	0.149056	2.84871
chr11-6200000-6300000	-0.4753	0.029137	0.234004	2.84709
chr11-66300000-66400000	0.060412	-0.062947	-0.271255	4.83385
chr11-62000000-62100000	-0.036118	-0.339033	-0.041717	1.60693
chr11-62800000-62900000	-0.063389	-0.473282	0.138843	1.17961
chr11-62900000-63000000	0.08608	-0.384335	0.305141	1.16372
chr11-63000000-63100000	-0.127509	-0.303621	0.277209	1.15432
chr11-63300000-63400000	0.001108	0.00032	-0.058673	2.69468
chr11-63900000-64000000	-0.040354	-0.037162	-0.163432	6.71884
chr11-6400000-6500000	-0.497775	0.00812	0.033859	4.43023
chr11-64100000-64200000	0.014634	-0.039709	-0.186293	4.31674
chr11-65400000-65500000	-0.111982	0.197139	-0.373586	8.18461
chr11-65500000-65600000	0.050301	0.131168	-0.29579	3.27843
chr11-65900000-66000000	-0.12018	0.276798	-0.270497	3.16126
chr11-66100000-66200000	-0.120086	0.118271	-0.227817	5.38345
chr11-66900000-67000000	0.248531	0.125019	-0.216943	2.16762
chr11-67900000-68000000	-0.069933	0.087457	-0.16779	3.18455
chr11-6800000-6900000	-0.305026	0.038183	0.291991	1.29742
chr11-68300000-68400000	0.022784	0.299601	-0.072175	2.72182
chr11-68600000-68700000	-0.017238	0.183392	-0.327283	4.21268
chr11-9100000-9200000	-0.309983	-0.054633	-0.114406	2.80073
chr11-93200000-93300000	0.076564	0.045012	0.371085	1.74993
chr11-6900000-7000000	-0.529739	0.091112	0.369908	2.73332
chr11-70000000-70100000	-0.023199	-0.014177	-0.294403	3.99313
chr11-70300000-70400000	0.1496	-0.022254	-0.01281	2.85397
chr11-70500000-70600000	-0.031149	-0.086535	0.039024	2.66188
chr11-70600000-70700000	0.175419	-0.177358	0.039639	3.05174
chr11-70900000-71000000	0.182146	0.027085	-0.025328	3.44198
chr11-71300000-71400000	0.242357	-0.432826	-0.113855	1.15719
chr11-99400000-99500000	0.22094	0.134885	0.255044	1.14314
chr11-71600000-71700000	0.176333	-0.233082	-0.099401	3.20858
chr11-71900000-72000000	0.115605	0.004595	-0.170216	5.2367
chr11-7200000-7300000	-0.452686	-0.032002	0.205296	1.22296
chr11-9000000-9100000	-0.187739	0.087629	-0.002177	2.40348
chr11-73000000-73100000	0.058786	0.193124	-0.237851	8.71678
chr11-73200000-73300000	0.046032	0.157661	-0.094068	1.77413
chr11-73700000-73800000	0.24286	0.179793	-0.13044	2.45398
chr11-73900000-74000000	0.121085	0.233658	-0.185416	2.61806
chr11-74100000-74200000	-0.157292	0.209214	-0.102348	2.47738
chr11-74200000-74300000	-0.062572	0.092334	-0.250636	2.87711
chr11-74300000-74400000	0.155823	0.045553	-0.24203	2.97715
chr11-74500000-74600000	0.268704	-0.02055	-0.192781	2.35897
chr11-74700000-74800000	0.171165	-0.189565	-0.146002	2.42924
chr11-7600000-7700000	-0.41222	0.254819	0.285085	1.59696
chr11-74800000-74900000	0.215723	0.025653	-0.187016	1.99864
chr11-96500000-96600000	0.05384	-0.026684	0.566001	1.1428
chr11-74900000-75000000	0.073215	0.151988	-0.118669	2.22483
chr11-75600000-75700000	0.135792	-0.069923	-0.080947	1.53944
chr11-75700000-75800000	0.023072	-0.231472	-0.165905	2.18653
chr11-75900000-76000000	0.167742	0.12558	-0.052111	2.3903
chr11-76300000-76400000	0.013924	-0.091141	-0.174836	2.72092
chr11-76900000-77000000	-0.008758	0.003191	-0.189306	2.13883
chr11-7700000-7800000	-0.465341	0.05023	0.186833	1.15991
chr11-77100000-77200000	0.012199	-0.001367	-0.011105	2.46273
chr11-77300000-77400000	0.085617	0.063928	-0.062385	3.23525
chr11-77400000-77500000	0.179988	-0.139542	-0.072664	1.73913
chr11-8500000-8600000	-0.404709	0.168044	0.293984	1.24539
chr11-77600000-77700000	0.374854	-0.139463	-0.205814	1.76881
chr11-77800000-77900000	-0.01941	0.025798	-0.133966	3.8856
chr11-77900000-78000000	0.114341	-0.140521	-0.029944	3.56479
chr11-7800000-7900000	-0.630117	0.21095	0.264496	1.36686
chr11-89300000-89400000	0.43509	-0.333117	0.498073	1.51888
chr11-78100000-78200000	0.153186	-0.133452	-0.085689	2.68723
chr11-78300000-78400000	0.182782	-0.178766	0.086084	1.79452
chr11-78400000-78500000	-0.040266	-0.134913	0.040168	2.23565
chr11-78500000-78600000	0.15409	-0.094747	0.160802	2.95614
chr11-78600000-78700000	-0.002023	0.051258	0.063014	1.60634
chr11-87200000-87300000	-0.074339	-0.201637	0.297207	1.25478
chr11-96800000-96900000	-0.080353	0.004139	0.550031	1.31349
chr11-78800000-78900000	0.228655	-0.138782	0.218501	1.81831
chr11-78900000-79000000	0.095499	-0.034635	0.053077	2.00153
chr11-7900000-8000000	-0.532075	0.100044	0.084589	3.47333
chr11-79000000-79100000	0.081433	-0.188447	0.228734	1.74781
chr11-79100000-79200000	-0.0092	-0.066852	0.067446	4.11957
chr11-79200000-79300000	0.1116	-0.233797	0.201762	1.26824
chr11-79400000-79500000	0.100274	-0.148794	0.240347	1.1729
chr11-79700000-79800000	-0.040011	-0.240825	0.338262	1.14555
chr11-79900000-80000000	0.032127	-0.297683	0.33399	1.0869
chr11-92100000-92200000	0.087035	-0.01999	0.332435	1.33637
chr11-98300000-98400000	-0.05115	-0.103855	0.662446	1.26217
chr11-80300000-80400000	0.171391	-0.210938	0.508608	1.05672
chr11-80400000-80500000	-0.032706	-0.247299	0.399402	1.06454
chr11-80700000-80800000	0.107884	-0.200204	0.44293	1.17511
chr11-80900000-81000000	-0.011072	-0.220493	0.295069	1.11572
chr11-81100000-81200000	-0.004227	-0.200505	0.288	1.15272
chr11-81200000-81300000	-0.053577	-0.202361	0.514032	1.16394
chr11-81600000-81700000	-0.056167	-0.166711	0.56795	1.12092
chr11-81900000-82000000	-0.127563	-0.109027	0.363204	1.15329
chr11-82300000-82400000	0.091016	-0.154537	0.24113	1.20908
chr11-8300000-8400000	-0.556223	0.188146	0.11306	1.44778
chr11-83300000-83400000	0.00806	-0.188194	0.46413	1.18541
chr11-83500000-83600000	0.136814	-0.1879	0.330995	1.70179
chr11-83800000-83900000	0.155378	-0.126048	0.314408	1.1453
chr11-83900000-84000000	-0.074318	-0.092131	0.352419	1.17106
chr11-84300000-84400000	-0.066718	-0.075342	0.452783	1.13694
chr11-84600000-84700000	0.132657	-0.144847	0.289439	1.20813
chr11-84900000-85000000	-0.075753	-0.154313	0.424207	1.12313
chr11-85100000-85200000	0.020864	-0.22192	0.548735	2.56808
chr11-85800000-85900000	0.144462	-0.209338	0.083797	3.44267
chr11-85900000-86000000	0.050518	-0.004674	0.074648	2.57219
chr11-8600000-8700000	-0.464973	0.108299	0.065021	2.78506
chr11-86000000-86100000	0.277559	-0.074869	0.056994	2.76854
chr11-86300000-86400000	0.125357	-0.187909	0.021631	4.26577
chr11-86400000-86500000	0.236911	-0.022172	-0.050051	3.62921
chr11-8700000-8800000	-0.323625	0.203876	-0.086809	6.42433
chr11-87300000-87400000	0.142554	-0.157746	0.343059	1.27118
chr11-87400000-87500000	-0.008142	-0.182309	0.527369	1.20456
chr11-87900000-88000000	0.017459	-0.307075	0.148617	1.68213
chr11-88000000-88100000	0.159267	-0.131842	0.0796	2.38978
chr11-88100000-88200000	0.153425	-0.317232	0.213599	1.61731
chr11-99300000-99400000	0.168302	-0.093351	0.245291	1.43668
chr11-88200000-88300000	0.126779	-0.092745	0.156178	1.85718
chr11-88300000-88400000	0.115746	-0.307415	0.277573	1.22092
chr11-88400000-88500000	0.032824	-0.096648	0.336353	1.17415
chr11-88800000-88900000	0.235608	-0.423276	0.507636	1.14161
chr11-88900000-89000000	0.197913	-0.20238	0.418471	1.31702
chr11-8900000-9000000	-0.36803	0.177379	-0.112477	5.26615
chr11-89100000-89200000	0.303226	-0.382845	0.181242	1.88254
chr11-89200000-89300000	0.282354	-0.220628	0.338464	3.43802
chr11-89500000-89600000	0.432553	-0.33247	0.494919	1.11667
chr11-90100000-90200000	0.208825	-0.142606	0.483707	1.12298
chr11-90900000-91000000	0.023975	-0.263233	0.514844	1.1131
chr11-91000000-91100000	0.174017	-0.072528	0.480225	1.1453
chr11-91100000-91200000	-0.027505	-0.059484	0.614373	1.11908
chr11-91200000-91300000	0.157065	-0.149253	0.492269	1.10628
chr11-91500000-91600000	-0.059659	-0.070682	0.477061	1.16625
chr11-91600000-91700000	0.170044	-0.130896	0.466709	1.13439
chr11-91700000-91800000	-0.001993	-0.108785	0.302598	1.24955
chr11-91900000-92000000	0.005645	-0.024429	0.319142	1.3521
chr11-92400000-92500000	0.141167	-0.131199	0.280576	1.41805
chr11-92600000-92700000	0.179486	-0.057731	0.31511	1.48861
chr11-92700000-92800000	0.249073	-0.162686	0.102773	2.06885
chr11-93000000-93100000	-0.027369	-0.057602	0.42109	1.23228
chr11-93300000-93400000	0.268441	-0.079479	0.329745	2.30757
chr11-99600000-99700000	0.043601	-0.001638	0.587161	1.3916
chr11-93500000-93600000	0.366274	0.001487	0.223453	3.21593
chr11-95000000-95100000	0.123679	0.049621	0.49366	1.39132
chr11-93700000-93800000	0.086901	-0.066246	0.273921	1.69347
chr11-93900000-94000000	0.182838	-0.011985	0.186648	2.413
chr11-9400000-9500000	-0.365906	0.369327	-0.122909	4.31999
chr11-94400000-94500000	0.10355	0.033201	0.274792	1.82278
chr11-94600000-94700000	0.246741	-0.086041	0.191149	3.38426
chr11-94700000-94800000	0.062311	0.049968	0.282354	2.76646
chr11-94900000-95000000	-0.071397	0.02338	0.380437	1.82342
chr11-9500000-9600000	-0.455772	0.15867	-0.143063	3.87336
chr11-95300000-95400000	0.086295	-0.024022	0.286696	1.45828
chr11-95400000-95500000	0.12091	-0.112945	0.500514	1.38779
chr11-95700000-95800000	0.248927	0.154984	0.241485	1.96246
chr11-95800000-95900000	0.228735	-0.080231	0.262144	3.02483
chr11-95900000-96000000	0.262786	0.108076	0.117104	2.59898
chr11-96300000-96400000	0.14167	-0.071536	0.77586	0
chr11-98500000-98600000	0.049696	0.035091	0.606829	1.11066
chr11-96900000-97000000	0.133309	-0.071474	0.468845	1.2648
chr11-97000000-97100000	-0.105464	-0.055621	0.452433	1.14644
chr11-97100000-97200000	0.067482	-0.041672	0.621674	1.15698
chr11-97500000-97600000	0.118942	0.069278	0.447019	1.32262
chr11-97800000-97900000	0.253696	0.049201	0.436027	1.69606
chr11-97900000-98000000	0.058648	-0.051233	0.539497	1.14987
chr11-98400000-98500000	0.073524	-0.145043	0.462411	1.16935
chr11-98700000-98800000	-0.071893	-0.060933	0.574002	1.126
chr11-98800000-98900000	0.134372	0.058179	0.595765	1.17261
chr11-98900000-99000000	0.078223	-0.178883	0.563968	1.21032
chr11-99700000-99800000	0.043815	0.005575	0.347237	1.17396
chr11-99900000-100000000	0.166181	-0.00257	0.417337	1.12679
