chr16-66600000-66700000	0.486072	-0.183193	-0.7358	4.82733
chr16-15400000-15500000	0.63935	0.503847	-0.858264	2.18282
chr16-73600000-73700000	-0.188119	-0.570811	-0.417651	1.12871
chr16-59100000-59200000	-0.419142	-0.669409	-0.381629	1.074
chr16-79600000-79700000	-0.276952	-0.666946	-0.035733	1.58852
chr16-48500000-48600000	0.108586	-0.392089	0.21963	3.49738
chr16-31500000-31600000	-0.363441	0.515674	-0.057055	4.65033
chr16-11800000-11900000	0.352332	0.215193	-0.668534	4.70296
chr16-46400000-46500000	-0.759748	-0.17808	-0.985321	1.19378
chr16-5700000-5800000	-0.526144	0.216076	-0.196404	1.10261
chr16-26000000-26100000	-0.348612	0.017106	0.039985	1.11993
chr16-17000000-17100000	-0.441828	0.025668	-0.444006	1.20053
chr16-11400000-11500000	0.288825	0.518854	-0.416148	3.00106
chr16-66000000-66100000	0.354177	-0.54383	-0.486177	1.80351
chr16-57000000-57100000	0.459012	0.070981	-0.642638	5.27778
chr16-71600000-71700000	0.128462	-0.57061	-0.224329	1.72858
chr16-88100000-88200000	1.0515	-0.485975	0.239778	2.85865
chr16-57800000-57900000	0.5109	-0.154704	-0.810111	4.65719
chr16-51100000-51200000	-0.023592	-0.234559	-0.330324	3.96608
chr16-48700000-48800000	-0.418601	-0.259219	-0.230534	1.12358
chr16-22600000-22700000	-0.261692	0.542286	0.148982	1.51334
chr16-100000-200000	0.375768	0.043114	0.466336	9.0237
chr16-79100000-79200000	-0.202469	-0.672068	-0.144763	1.12893
chr16-17800000-17900000	-0.202351	0.136567	-0.866859	1.49335
chr16-86400000-86500000	0.612813	-0.441043	-0.030809	5.3195
chr16-1500000-1600000	0.620876	0.340804	0.012095	5.53392
chr16-19000000-19100000	0.040334	0.53335	-0.631487	3.15041
chr16-11000000-11100000	0.27169	0.523183	-0.351726	4.19939
chr16-19400000-19500000	-0.374482	0.518784	-0.367695	1.57937
chr16-0-100000	0.459018	-0.005702	0.730005	2.038
chr16-6400000-6500000	-0.450859	-0.016043	-0.262555	1.19314
chr16-10200000-10300000	-0.191386	0.183469	-0.599573	1.44522
chr16-52400000-52500000	-0.174123	-0.130999	-0.276698	1.13195
chr16-32200000-32300000	-0.74905	0.163576	0.503566	1
chr16-14600000-14700000	0.260368	0.226714	-0.762047	2.1167
chr16-56700000-56800000	0.398485	-0.210037	-0.112577	3.66638
chr16-3200000-3300000	0.528069	0.451373	-0.260245	4.31267
chr16-12000000-12100000	0.33438	0.46212	-0.221727	4.40835
chr16-67700000-67800000	0.576804	-0.007775	-0.327111	4.27173
chr16-9000000-9100000	0.008211	0.292073	-0.179628	3.11385
chr16-18200000-18300000	-0.517222	0.834993	-0.954275	0
chr16-34500000-34600000	-0.583243	-0.009822	-0.548984	1.17045
chr16-25700000-25800000	-0.390034	0.387529	-0.207653	1.13926
chr16-10500000-10600000	-0.316842	0.572728	-0.504863	1.20506
chr16-7200000-7300000	-0.445327	0.174172	-0.157369	1.16637
chr16-21100000-21200000	0.238784	0.479105	-0.163822	3.12597
chr16-10100000-10200000	-0.218384	0.151172	-0.18842	1.29572
chr16-14100000-14200000	0.101904	0.05764	-0.797011	2.66694
chr16-7600000-7700000	-0.5114	0.09875	-0.461396	1.12922
chr16-12700000-12800000	-0.193086	0.130983	-0.670347	2.36977
chr16-1000000-1100000	0.467112	0.232386	0.283473	2.79898
chr16-21800000-21900000	-0.021655	0.928457	-0.182247	1.87775
chr16-1200000-1300000	0.725346	0.684812	-0.128112	2.10684
chr16-78200000-78300000	-0.273157	-0.713365	-0.109202	1.55292
chr16-81600000-81700000	0.336003	-0.76376	-0.172988	3.86059
chr16-21200000-21300000	-0.025279	0.364446	-0.444021	1.67777
chr16-72500000-72600000	0.237932	-0.621282	-0.667637	1.34736
chr16-58300000-58400000	0.06518	-0.44278	-0.267583	1.27848
chr16-32800000-32900000	-1.00238	0.024553	0.227633	1.18043
chr16-10400000-10500000	-0.273342	0.228916	-0.737597	1.59208
chr16-69800000-69900000	0.741258	-0.218424	-0.387772	2.21791
chr16-83200000-83300000	0.006801	-0.644409	0.024261	1.59968
chr16-85400000-85500000	0.755186	-0.117924	-0.146143	5.06172
chr16-65200000-65300000	0.235267	-0.395605	-0.830045	1.36641
chr16-10300000-10400000	-0.558842	0.229179	-0.421664	1.1806
chr16-81400000-81500000	0.144229	-0.253005	0.308738	3.60225
chr16-52100000-52200000	-0.448661	-0.405116	-0.560349	1.23739
chr16-49600000-49700000	-0.014341	-0.289571	-0.434074	1.66436
chr16-7000000-7100000	-0.52321	0.109044	-0.200422	1.14154
chr16-56600000-56700000	0.4618	-0.481035	-0.369172	5.06981
chr16-12600000-12700000	-0.023035	0.202805	-0.3202	2.69681
chr16-76400000-76500000	-0.162528	-0.68529	-0.400485	1.18476
chr16-50800000-50900000	0.070935	-0.198477	0.048365	1.67503
chr16-3800000-3900000	0.551292	0.379394	-0.317576	3.03882
chr16-12100000-12200000	0.317867	0.670068	-0.512263	3.22401
chr16-76000000-76100000	-0.296031	-0.676359	-0.329366	1.05924
chr16-8600000-8700000	-0.304241	0.565261	-0.643808	1.65201
chr16-27000000-27100000	-0.038144	0.146063	0.2731	1.82259
chr16-23400000-23500000	0.14603	0.437203	-0.12142	3.05728
chr16-83700000-83800000	0.215589	-0.529444	-0.100664	1.70845
chr16-10000000-10100000	-0.620984	0.203039	-0.254923	1.17207
chr16-18600000-18700000	-0.523933	0.836726	-0.955903	1
chr16-72300000-72400000	0.223868	-0.70969	-0.605731	1.63646
chr16-12400000-12500000	0.167159	0.235313	-0.452555	3.28057
chr16-58200000-58300000	0.255118	-0.153951	-0.468401	2.86291
chr16-32600000-32700000	-1.00103	0.026812	0.229764	1.2446
chr16-23500000-23600000	-0.132603	0.313225	0.170727	3.94887
chr16-10600000-10700000	-0.003248	0.31401	-0.598986	2.18967
chr16-4800000-4900000	0.114566	0.471076	0.077793	5.08938
chr16-14700000-14800000	0.306376	0.443518	-1.11247	4.35349
chr16-10700000-10800000	-0.189154	0.474037	-0.299353	1.7697
chr16-83100000-83200000	0.008166	-0.307496	0.246526	1.5588
chr16-61400000-61500000	-0.11194	-0.359217	-0.465089	1.05979
chr16-18000000-18100000	-0.439958	0.538999	-0.67763	1.18291
chr16-12200000-12300000	0.225711	0.278704	-0.430116	2.70187
chr16-14800000-14900000	0.303082	0.444007	-1.11185	1
chr16-50000000-50100000	-0.255342	-0.350163	-0.024916	2.47384
chr16-34300000-34400000	-0.489297	-0.128627	-0.49419	1.20184
chr16-27600000-27700000	-0.055174	0.323066	0.249194	2.29502
chr16-16100000-16200000	0.104591	0.318441	-0.964805	4.22879
chr16-14400000-14500000	0.334753	0.214079	-0.578052	4.29397
chr16-49200000-49300000	-0.353369	-0.260262	-0.155672	1.16387
chr16-49000000-49100000	-0.060246	-0.163029	-0.763107	1.38117
chr16-47300000-47400000	0.268476	-0.246266	-0.901861	1.48571
chr16-47100000-47200000	0.174548	-0.497214	-0.722499	1.78919
chr16-21000000-21100000	-0.075261	0.456531	0.079927	1.58172
chr16-76500000-76600000	-0.498362	-0.471391	-0.294621	1.1884
chr16-32000000-32100000	-0.745582	0.160467	0.506978	1.12977
chr16-14000000-14100000	0.204845	0.371834	-0.616675	3.23383
chr16-90000000-90100000	0.661009	-0.282383	0.213657	5.89296
chr16-58400000-58500000	0.102927	-0.567948	-0.642219	1.94149
chr16-50700000-50800000	-0.202717	-0.433133	0.218191	2.28129
chr16-67200000-67300000	0.639337	-0.015978	-0.154623	8.25457
chr16-85200000-85300000	0.755003	-0.137163	-0.178041	8.25168
chr16-87800000-87900000	0.704575	-0.46388	0.233286	5.52178
chr16-29000000-29100000	0.173297	0.177323	0.871368	2.12867
chr16-12500000-12600000	-0.061947	0.575236	-0.478486	2.49702
chr16-69400000-69500000	0.557131	-0.074115	-0.233462	3.76633
chr16-70200000-70300000	0.843993	-0.705631	-0.719125	6.46964
chr16-74200000-74300000	0.040391	-0.507508	-0.257561	1.30111
chr16-76800000-76900000	-0.229935	-0.370288	-0.393449	1.07525
chr16-8400000-8500000	-0.364245	0.142862	-0.010932	1.09205
chr16-63200000-63300000	-0.348196	-0.659929	-0.496902	1.14017
chr16-52600000-52700000	-0.254868	-0.19446	-0.435337	1.19898
chr16-16500000-16600000	-0.227445	0.345483	-1.17987	1
chr16-10800000-10900000	-0.009332	0.469058	-0.681666	2.45383
chr16-69000000-69100000	0.633016	-0.587903	-0.376186	2.62877
chr16-81300000-81400000	0.085206	-0.607827	0.102412	2.74452
chr16-83400000-83500000	0.098155	-0.518814	0.20643	1.72955
chr16-10900000-11000000	-0.130991	0.511726	-0.305506	1.73637
chr16-66100000-66200000	0.357763	-0.157556	-0.401484	2.48444
chr16-26700000-26800000	-0.410301	0.155844	-0.034371	1.12852
chr16-22400000-22500000	-0.259685	0.542407	0.143034	2.08674
chr16-22200000-22300000	0.084552	0.399851	-0.272034	3.55739
chr16-13400000-13500000	-0.563188	0.105489	-0.395081	1.16661
chr16-26500000-26600000	-0.611425	0.247432	-0.136908	1.10661
chr16-79500000-79600000	-0.242492	-0.256843	-0.012668	1.16377
chr16-1100000-1200000	0.729022	0.509154	0.160487	1.45126
chr16-1300000-1400000	0.915867	0.4084	-0.340713	4.49684
chr16-88700000-88800000	0.827557	-0.38387	0.234166	6.39507
chr16-55800000-55900000	-0.634784	-0.488971	-0.672695	1.11012
chr16-13100000-13200000	-0.421519	0.106171	-0.105947	1.18526
chr16-46800000-46900000	0.194429	-0.132272	-0.889573	2.80326
chr16-26200000-26300000	-0.503361	0.053571	-0.24835	1.10606
chr16-11100000-11200000	0.309978	0.170929	-0.54941	4.60976
chr16-19100000-19200000	0.213207	0.362912	-0.333713	4.06349
chr16-60600000-60700000	-0.550832	-0.384938	-0.234702	1.1324
chr16-11200000-11300000	0.22076	0.511858	-0.372658	3.87295
chr16-11300000-11400000	0.288193	0.279377	-0.081562	3.11005
chr16-79800000-79900000	-0.043451	-0.494988	-0.365308	2.10622
chr16-59600000-59700000	-0.130949	-0.384195	-0.862355	1.86458
chr16-24300000-24400000	-0.197681	0.151449	-0.376184	1.24037
chr16-62400000-62500000	-0.25575	-0.4674	-0.405029	1.18566
chr16-33500000-33600000	-0.808647	0.19461	-0.04747	1.22017
chr16-22100000-22200000	-0.091634	0.329964	0.095024	1.39562
chr16-11500000-11600000	0.314793	0.194694	-0.678545	2.55385
chr16-82400000-82500000	-0.208681	-0.355172	0.176099	1.24
chr16-64000000-64100000	-0.244523	-0.274029	-0.431162	1.18615
chr16-60200000-60300000	-0.178272	-0.364542	-0.647024	1.07542
chr16-48800000-48900000	-0.342673	-0.151403	-0.611674	1.2631
chr16-4300000-4400000	0.680415	0.322464	-0.37362	7.33578
chr16-75300000-75400000	0.515786	-0.533386	-0.436226	3.75344
chr16-11600000-11700000	0.388934	0.555533	-0.505387	3.18496
chr16-71300000-71400000	0.03808	-0.366655	0.058344	3.11919
chr16-79300000-79400000	-0.218245	-0.52821	0.007818	1.20891
chr16-79700000-79800000	-0.08409	-0.322485	-0.009472	1.31579
chr16-53700000-53800000	-0.113105	-0.281316	-0.846232	2.2831
chr16-13700000-13800000	-0.52683	0.060869	-0.442296	1.16383
chr16-88200000-88300000	1.04945	-0.485332	0.237166	2.97719
chr16-53600000-53700000	-0.049037	-0.635853	-0.640441	1.42748
chr16-57300000-57400000	0.570659	-0.24928	-0.724667	2.06149
chr16-13600000-13700000	-0.14128	0.152766	-0.317554	1.09425
chr16-31700000-31800000	-0.238407	0.404236	-0.035071	3.53941
chr16-28800000-28900000	0.427542	0.36721	0.279375	6.8182
chr16-28100000-28200000	0.329463	0.204403	-0.10771	3.2771
chr16-11700000-11800000	0.307695	0.242578	-0.262377	3.49599
chr16-6700000-6800000	-0.33973	0.115442	-0.126071	1.16979
chr16-73400000-73500000	0.016231	-0.456706	-0.357091	1.32773
chr16-54900000-55000000	-0.130005	-0.308335	-0.198667	1.74026
chr16-11900000-12000000	0.333448	0.610017	-0.611286	3.36659
chr16-34900000-35000000	-0.760695	0.169437	-0.256013	1.51837
chr16-1900000-2000000	0.639212	0.238951	-0.010734	2.95384
chr16-29100000-29200000	0.171781	0.175369	0.873682	1.84827
chr16-12300000-12400000	-0.00308	0.441436	-0.726733	2.29475
chr16-12800000-12900000	0.010541	0.407132	-0.471698	3.08437
chr16-1400000-1500000	0.942236	0.161983	-0.023666	5.53873
chr16-57900000-58000000	0.408643	-0.411478	-0.518978	2.20252
chr16-12900000-13000000	-0.381367	0.353065	-0.597018	1.24221
chr16-15100000-15200000	0.636717	0.503758	-0.859662	4.44042
chr16-66500000-66600000	0.439457	-0.064936	-0.353832	4.97064
chr16-13500000-13600000	-0.29527	0.111567	-0.696286	1.17101
chr16-3700000-3800000	0.480359	0.377871	0.078699	5.00443
chr16-22700000-22800000	-0.265208	0.338872	-0.210529	1.79981
chr16-66800000-66900000	0.467422	-0.411743	-0.118352	2.59762
chr16-13000000-13100000	-0.118963	0.141367	-0.385303	1.14572
chr16-75500000-75600000	0.28964	-0.296386	-0.432083	2.87165
chr16-31300000-31400000	-0.220111	0.188624	0.245187	1.41084
chr16-13200000-13300000	-0.486529	0.118111	-0.510946	1.22554
chr16-68200000-68300000	0.742566	-0.380588	-0.4033	6.36452
chr16-13300000-13400000	-0.363251	0.419687	-0.268924	1.1289
chr16-5500000-5600000	-0.176814	0.096644	-0.429716	1.14043
chr16-73100000-73200000	0.332958	-0.639672	-0.516302	2.89967
chr16-15500000-15600000	0.639433	0.506279	-0.860619	2.78081
chr16-73500000-73600000	-0.084036	-0.31075	-0.703869	1.18513
chr16-9500000-9600000	-0.440997	0.130328	-0.439499	1.06145
chr16-15000000-15100000	0.299607	0.44747	-1.1083	1.95313
chr16-75600000-75700000	0.203337	-0.459888	-0.078578	4.04531
chr16-26800000-26900000	-0.43269	0.399921	-0.374995	1.449
chr16-13800000-13900000	-0.225873	0.216565	-0.691256	1.1462
chr16-13900000-14000000	-0.059573	0.244577	-0.308846	1.14486
chr16-19900000-20000000	-0.205228	0.267466	-0.591074	1.30342
chr16-90100000-90200000	0.557068	-0.631069	0.338641	4.48081
chr16-18100000-18200000	-0.517885	0.832238	-0.95613	1.10004
chr16-14500000-14600000	0.255812	0.600726	-0.582535	2.60919
chr16-25500000-25600000	-0.581422	0.176415	-0.408056	1.42072
chr16-14200000-14300000	-0.026884	0.322419	-0.516159	1.86509
chr16-49400000-49500000	-0.480835	-0.270254	-0.53107	1.19663
chr16-14300000-14400000	0.233585	0.395506	-0.220008	3.40805
chr16-14900000-15000000	0.300943	0.44657	-1.11128	1.085
chr16-15200000-15300000	0.638309	0.502133	-0.862171	2.31719
chr16-64100000-64200000	-0.106647	-0.63033	-0.59629	1.31268
chr16-55300000-55400000	-0.478049	-0.368644	-0.522573	1.14173
chr16-51300000-51400000	-0.029753	-0.192777	-0.367424	1.53098
chr16-15300000-15400000	0.637734	0.500974	-0.859041	1
chr16-64200000-64300000	-0.05161	-0.299638	-0.824156	1.17109
chr16-60300000-60400000	-0.499076	-0.428818	-0.412078	1.09778
chr16-51600000-51700000	-0.028072	-0.458539	-0.74165	1.29386
chr16-19200000-19300000	-0.060814	0.184985	-0.083353	1.96775
chr16-68800000-68900000	0.473371	-0.37943	-0.127074	2.95195
chr16-71000000-71100000	-0.195757	-0.260577	-0.446146	1.56417
chr16-48200000-48300000	-0.126034	-0.147618	-0.070118	2.53061
chr16-28500000-28600000	0.189809	0.243833	0.259753	3.73546
chr16-15600000-15700000	0.4603	0.224242	-0.648216	2.52481
chr16-19700000-19800000	0.160775	0.419	0.007097	3.61224
chr16-88400000-88500000	0.99106	-0.235388	-0.020213	7.0686
chr16-15700000-15800000	0.465611	0.482906	-0.341074	3.26246
chr16-68700000-68800000	0.477304	-0.519356	-0.496141	1.67469
chr16-19800000-19900000	-0.007446	0.548803	-0.331768	2.63498
chr16-77600000-77700000	-0.216081	-0.708929	-0.070534	1.29961
chr16-15800000-15900000	0.285392	0.430931	-0.690499	2.05119
chr16-15900000-16000000	0.338622	0.180765	-0.388554	3.05018
chr16-49700000-49800000	-0.104816	-0.694309	-0.427889	1.26476
chr16-85300000-85400000	0.49151	-0.098994	0.142301	3.54249
chr16-1600000-1700000	0.912232	0.120383	-0.122846	4.46357
chr16-63700000-63800000	-0.480772	-0.344969	-0.109719	1.26118
chr16-34000000-34100000	-1.07805	-0.057643	-0.430418	1.59184
chr16-16000000-16100000	0.381253	0.418058	-0.721135	4.31066
chr16-78800000-78900000	-0.091729	-0.537151	-0.23991	1.2208
chr16-54300000-54400000	0.09066	-0.22956	-0.565046	1.46977
chr16-16200000-16300000	-0.226168	0.346264	-1.18009	3.02625
chr16-30800000-30900000	0.450025	0.611888	-0.188316	5.63686
chr16-1800000-1900000	0.622451	0.317687	0.370114	7.72176
chr16-74000000-74100000	-0.109726	-0.673498	-0.392705	1.12155
chr16-16300000-16400000	-0.226965	0.345234	-1.18322	1
chr16-76200000-76300000	-0.378408	-0.771189	-0.444691	1.09534
chr16-65400000-65500000	0.262918	-0.678138	-0.158748	1.46461
chr16-63600000-63700000	-0.246851	-0.668663	-0.03681	1.10406
chr16-16600000-16700000	-0.224848	0.343384	-1.18044	1.13511
chr16-52200000-52300000	-0.171545	-0.225486	-0.808833	1.15471
chr16-47600000-47700000	0.313059	-0.15206	-0.467666	1.67344
chr16-8000000-8100000	-0.59487	0.17558	-0.443876	1.16645
chr16-34100000-34200000	-1.07753	-0.054557	-0.431711	1.06436
chr16-27700000-27800000	0.119277	0.271391	-0.113994	4.09193
chr16-16700000-16800000	-0.226853	0.340732	-1.18108	1.2678
chr16-16800000-16900000	-0.223734	0.341934	-1.18163	1.09376
chr16-16900000-17000000	-0.312927	0.180105	-0.806983	1.1228
chr16-62800000-62900000	-0.484681	-0.40837	-0.540021	1.12841
chr16-500000-600000	0.576626	0.245299	0.168222	6.53416
chr16-26600000-26700000	-0.29398	0.464566	-0.265426	1.16681
chr16-71100000-71200000	-0.068652	-0.292088	-0.087814	1.35237
chr16-82800000-82900000	0.358221	-0.202327	0.10926	1.52767
chr16-1700000-1800000	0.596619	0.315684	0.005139	6.25887
chr16-66300000-66400000	0.253533	-0.436495	-0.389767	1.85045
chr16-17100000-17200000	-0.20466	0.281277	-0.67407	1.26801
chr16-59300000-59400000	-0.314833	-0.255511	-0.59501	1.20701
chr16-17200000-17300000	-0.032047	0.267576	-0.300351	1.56377
chr16-80000000-80100000	0.075083	-0.448208	-0.119785	1.6683
chr16-84800000-84900000	0.680911	-0.057626	-0.304462	4.51209
chr16-59700000-59800000	-0.014328	-0.684206	-0.622692	1.14975
chr16-75800000-75900000	-0.272102	-0.700886	-0.361985	1.19093
chr16-57700000-57800000	0.380476	-0.498205	-0.611733	4.77729
chr16-17300000-17400000	-0.151781	0.226029	-0.679153	1.61131
chr16-8700000-8800000	-0.058357	0.30787	-0.549663	3.05044
chr16-53500000-53600000	-0.174457	-0.772927	-0.255471	3.06609
chr16-17400000-17500000	0.208922	0.254194	-0.524572	1.8032
chr16-17500000-17600000	-0.098987	0.51163	-0.556359	2.28509
chr16-77500000-77600000	-0.152514	-0.305173	-0.113915	1.46287
chr16-17600000-17700000	-0.26398	0.474307	-0.16376	2.59078
chr16-51700000-51800000	-0.194851	-0.074211	-0.763382	1.34479
chr16-24200000-24300000	-0.529343	0.038075	-0.180024	1.20549
chr16-17700000-17800000	-0.136895	0.238193	-0.486732	1.13109
chr16-17900000-18000000	-0.369275	0.180749	-0.510494	1.30411
chr16-18300000-18400000	-0.519468	0.837525	-0.954399	1
chr16-89400000-89500000	0.611047	-0.093132	0.222714	3.8449
chr16-89500000-89600000	0.769706	0.009844	-0.091979	5.49086
chr16-89900000-90000000	0.872575	-0.204973	-0.08609	6.73988
chr16-65300000-65400000	0.313752	-0.387157	-0.434777	1.94061
chr16-23100000-23200000	0.011551	0.331775	-0.196307	2.65009
chr16-18500000-18600000	-0.520888	0.836785	-0.957384	1.50403
chr16-67100000-67200000	0.594754	-0.121257	-0.557406	5.11119
chr16-58100000-58200000	0.368093	-0.490842	-0.667693	2.51281
chr16-4400000-4500000	0.510919	0.590619	-0.132456	7.67751
chr16-83000000-83100000	0.307751	-0.287054	-0.011326	1.57521
chr16-83600000-83700000	0.117111	-0.414336	0.273936	1.78884
chr16-89200000-89300000	0.614808	-0.098314	0.311327	3.56887
chr16-18700000-18800000	-0.525811	0.839528	-0.956207	1.82417
chr16-74300000-74400000	0.059893	-0.910271	-0.354217	3.81365
chr16-83800000-83900000	0.252435	-0.251946	0.199445	2.89595
chr16-61800000-61900000	-0.180766	-0.279267	-0.382632	1.14897
chr16-50400000-50500000	-0.082451	-0.572761	-0.088399	1.81989
chr16-49800000-49900000	-0.105981	-0.500476	-0.771653	1.37133
chr16-29200000-29300000	0.173016	0.178031	0.875373	2.43398
chr16-18800000-18900000	-0.308367	0.581469	-0.810229	3.89699
chr16-18900000-19000000	0.005561	0.444447	-1.00954	1.97436
chr16-75900000-76000000	-0.014184	-0.739578	-0.041917	1.49653
chr16-60000000-60100000	-0.42381	-0.333464	-0.781245	1.12513
chr16-19300000-19400000	-0.111621	0.236507	-0.471995	1.54609
chr16-84000000-84100000	0.354406	-0.172231	0.082173	2.62638
chr16-66400000-66500000	0.436666	-0.312897	-0.054086	2.25362
chr16-59400000-59500000	-0.403865	-0.620255	-0.416495	1.30075
chr16-19500000-19600000	0.031464	0.42207	-0.327417	3.74604
chr16-60400000-60500000	-0.293815	-0.263542	-0.714622	1.12482
chr16-19600000-19700000	-0.216077	0.411631	-0.008993	2.27294
chr16-24400000-24500000	-0.288282	0.216975	0.007397	1.12085
chr16-200000-300000	0.751608	0.041539	0.410517	4.51523
chr16-25100000-25200000	0.158587	0.413307	-0.234946	3.61381
chr16-2000000-2100000	0.763306	0.377206	-0.357912	10.9202
chr16-20000000-20100000	-0.536264	0.063888	-0.431437	1.15575
chr16-77800000-77900000	0.176142	-0.511562	-0.215336	2.23279
chr16-20800000-20900000	0.173648	0.411559	-0.649591	3.74508
chr16-20100000-20200000	-0.147136	0.158643	-0.46823	1.12017
chr16-64300000-64400000	-0.081752	-0.625549	-0.625154	1.25658
chr16-60100000-60200000	-0.466731	-0.402311	-0.378283	1.03857
chr16-20200000-20300000	-0.519569	0.022814	-0.38914	1.13725
chr16-77400000-77500000	-0.167946	-0.697596	-0.220218	1.13025
chr16-86100000-86200000	0.781484	-0.208867	-0.084157	2.92119
chr16-33400000-33500000	-1.00177	0.020421	0.228047	1.15812
chr16-88000000-88100000	0.98423	-0.500184	-0.11775	4.04054
chr16-28300000-28400000	0.162594	0.503687	0.577592	1.83457
chr16-20300000-20400000	-0.240115	0.259175	-0.195204	1.17317
chr16-68300000-68400000	0.692562	-0.074921	-0.644071	3.8806
chr16-20400000-20500000	-0.501014	0.533424	-0.322598	1.26981
chr16-86700000-86800000	0.720476	-0.107751	-0.118931	3.29396
chr16-57600000-57700000	0.429224	-0.210198	-0.364391	2.44805
chr16-20500000-20600000	-0.88047	0.429955	-0.314417	1
chr16-53300000-53400000	0.072325	-0.415556	0.153706	2.17393
chr16-84200000-84300000	0.675833	-0.31292	-0.591964	3.14521
chr16-20600000-20700000	-0.570764	0.215791	-0.45914	1.24816
chr16-77000000-77100000	-0.313586	-0.415665	-0.404035	1.19477
chr16-600000-700000	0.845488	0.345209	-0.052583	7.99014
chr16-46700000-46800000	0.16037	-0.069802	-0.509251	2.9731
chr16-28600000-28700000	0.145536	0.484538	0.572571	1.51927
chr16-20700000-20800000	-0.162822	0.239286	-0.472038	2.74873
chr16-20900000-21000000	0.000206	0.483206	-0.315704	3.5972
chr16-300000-400000	0.856584	0.292007	0.159501	3.92837
chr16-2100000-2200000	1.02333	0.34403	-0.086641	5.76914
chr16-61700000-61800000	-0.240435	-0.392604	0.000384	1.09231
chr16-61100000-61200000	-0.455446	-0.492527	-0.381554	1.0847
chr16-50100000-50200000	0.061386	-0.371663	0.221533	3.53086
chr16-21300000-21400000	0.139294	0.70323	-0.33763	3.70022
chr16-32300000-32400000	-0.750309	0.160742	0.504929	1.34933
chr16-27500000-27600000	0.179724	0.085995	0.006456	3.80949
chr16-21500000-21600000	-0.040392	0.935765	-0.020043	1.89554
chr16-72700000-72800000	0.175653	-0.614572	-0.656008	1.38804
chr16-29600000-29700000	0.18209	0.174503	0.876969	2.41628
chr16-27800000-27900000	-0.052127	0.274211	0.250293	1.45221
chr16-89100000-89200000	0.864559	-0.116941	0.026831	3.50368
chr16-21600000-21700000	-0.003547	0.585012	-0.243028	3.24613
chr16-72800000-72900000	0.259892	-0.24334	-0.520708	3.12653
chr16-58500000-58600000	0.216409	-0.310056	-0.962285	3.21836
chr16-56400000-56500000	0.248841	-0.252916	-0.745175	3.87771
chr16-54600000-54700000	-0.327159	-0.267186	-0.556981	1.47448
chr16-54100000-54200000	-0.085402	-0.518662	-0.800008	1.71621
chr16-21700000-21800000	-0.024324	0.929055	-0.184244	1.28294
chr16-21900000-22000000	-0.019614	0.925754	-0.182206	3.51603
chr16-87900000-88000000	1.02328	-0.292983	0.217435	5.4263
chr16-5400000-5500000	-0.326686	-0.00175	-0.061212	1.18256
chr16-74100000-74200000	-0.301136	-0.571809	-0.050968	1.23345
chr16-30100000-30200000	0.4353	0.185796	0.627746	6.22692
chr16-2200000-2300000	0.915687	0.381204	0.282763	7.85928
chr16-22800000-22900000	-0.27939	0.049384	0.057753	1.18089
chr16-22000000-22100000	0.089043	0.536915	-0.178854	3.00689
chr16-3100000-3200000	0.540865	0.221712	0.06644	6.88013
chr16-9300000-9400000	-0.185656	0.306059	-0.55447	1.19583
chr16-22300000-22400000	0.131166	0.533077	0.112943	4.35826
chr16-53000000-53100000	-0.343863	-0.368374	-0.007073	3.828
chr16-22500000-22600000	-0.259489	0.542456	0.146415	1.12967
chr16-22900000-23000000	-0.139976	0.170798	-0.295177	1.14955
chr16-31000000-31100000	0.227362	0.621381	-0.237136	9.00201
chr16-2300000-2400000	0.570856	0.486156	0.129455	3.98809
chr16-68100000-68200000	0.705148	-0.611759	-0.075736	3.64764
chr16-73800000-73900000	-0.23396	-0.624146	-0.444709	1.18236
chr16-28200000-28300000	0.188389	0.368801	0.213741	2.90581
chr16-30600000-30700000	0.465813	0.249422	0.111378	6.83504
chr16-23000000-23100000	-0.185284	0.127987	0.105171	1.81103
chr16-23200000-23300000	-0.36514	0.45904	-0.143307	1.30695
chr16-72000000-72100000	-0.03459	-0.773536	-0.404198	2.12356
chr16-81100000-81200000	0.201188	-0.55023	0.245624	2.52131
chr16-61300000-61400000	-0.489076	-0.467271	-0.365022	1.13639
chr16-78100000-78200000	-0.102592	-0.688877	-0.475787	2.45134
chr16-23300000-23400000	-0.133318	0.243631	0.092255	1.43928
chr16-54700000-54800000	-0.398192	-0.264618	-0.155069	1.15521
chr16-23600000-23700000	0.035856	0.446185	-0.187369	3.86121
chr16-50300000-50400000	0.065621	-0.301073	0.192363	4.39021
chr16-7400000-7500000	-0.223349	0.087472	-0.163828	1.08342
chr16-54500000-54600000	0.055237	-0.133033	-0.628648	1.19343
chr16-23700000-23800000	-0.213642	0.323915	0.113094	1.77568
chr16-49300000-49400000	-0.076446	-0.231257	-0.445667	1.24242
chr16-25200000-25300000	-0.217123	0.501619	-0.148041	3.00279
chr16-23800000-23900000	-0.412216	0.439803	-0.239885	1.11812
chr16-89800000-89900000	0.838014	-0.068102	0.27609	3.20037
chr16-64900000-65000000	0.305951	-0.238749	-0.505856	1.5275
chr16-23900000-24000000	-0.298725	0.086527	-0.08047	1.17476
chr16-2400000-2500000	0.561328	0.183634	0.348103	3.01321
chr16-9900000-10000000	-0.344468	0.397105	-0.460239	1.22994
chr16-24000000-24100000	-0.099896	0.298227	-0.370222	1.21464
chr16-8300000-8400000	-0.575042	0.096251	-0.354945	1.18321
chr16-24100000-24200000	-0.193977	0.16014	0.005278	1.25944
chr16-71700000-71800000	0.355754	-0.596438	-0.5642	2.85244
chr16-73700000-73800000	-0.241249	-0.690514	-0.047775	1.15788
chr16-24500000-24600000	-0.001812	0.45474	-0.215502	2.73548
chr16-4700000-4800000	0.35104	0.601236	-0.222088	6.09366
chr16-24600000-24700000	0.328089	0.42854	-0.451411	2.27789
chr16-24700000-24800000	0.214355	0.518223	-0.094778	2.83901
chr16-24800000-24900000	0.081148	0.478859	-0.468573	3.38721
chr16-86300000-86400000	0.507031	-0.44883	0.318861	6.46348
chr16-24900000-25000000	0.099458	0.215741	-0.182336	3.22689
chr16-51500000-51600000	-0.011127	-0.337577	-0.372094	1.96012
chr16-26100000-26200000	-0.331796	0.383487	-0.122251	1.11012
chr16-2500000-2600000	0.832363	0.426124	0.362291	7.76079
chr16-48300000-48400000	-0.125502	-0.351645	0.269005	2.61562
chr16-4500000-4600000	0.444517	0.194367	-0.074889	4.92234
chr16-35100000-35200000	-0.528153	0.077686	-0.776125	1.24934
chr16-27400000-27500000	-0.087711	0.36243	-0.157523	5.26459
chr16-87600000-87700000	0.941506	-0.247367	-0.026558	2.18172
chr16-25000000-25100000	0.02093	0.454371	0.147342	3.71027
chr16-70600000-70700000	0.560385	-0.727346	-0.469264	3.01419
chr16-52700000-52800000	-0.327084	-0.295627	-0.058408	1.15349
chr16-25300000-25400000	-0.408659	0.290647	-0.442769	1.22614
chr16-56200000-56300000	0.080725	-0.157273	-0.537237	1.52088
chr16-25400000-25500000	-0.326275	0.013619	-0.144849	1.09909
chr16-25600000-25700000	-0.539893	0.062472	-0.019739	1.16761
chr16-85700000-85800000	0.806131	-0.187222	-0.519431	3.54372
chr16-54800000-54900000	-0.348036	-0.264382	-0.547507	1.12868
chr16-54400000-54500000	-0.312804	-0.274743	-0.526469	1.54629
chr16-27200000-27300000	-0.038934	0.154069	0.282547	6.92218
chr16-25800000-25900000	-0.248837	0.112061	0.06384	1.09811
chr16-25900000-26000000	-0.221277	0.089632	-0.343877	1.10046
chr16-2600000-2700000	0.834557	0.426384	0.364858	6.91861
chr16-72600000-72700000	0.362621	-0.349945	-0.405711	1.76394
chr16-26300000-26400000	-0.183923	0.199722	-0.456433	1.18008
chr16-66200000-66300000	0.309427	-0.267998	-0.768912	1.62392
chr16-26400000-26500000	-0.263868	0.04913	-0.095116	1.12397
chr16-700000-800000	0.937337	0.11847	0.241907	8.44509
chr16-7100000-7200000	-0.259088	0.155786	-0.517311	1.10485
chr16-57100000-57200000	0.593788	-0.306227	-0.717216	2.65733
chr16-26900000-27000000	-0.225025	0.307241	-0.039165	3.36549
chr16-2700000-2800000	0.601064	0.29468	0.092996	4.32796
chr16-77300000-77400000	-0.195267	-0.481253	0.121519	1.24122
chr16-88600000-88700000	0.943293	-0.228074	-0.097404	4.1132
chr16-27100000-27200000	-0.073283	0.453096	-0.016179	2.94059
chr16-69900000-70000000	0.816739	-0.567449	-0.384273	3.06212
chr16-6200000-6300000	-0.196893	0.108018	-0.271878	1.15955
chr16-34400000-34500000	-0.647338	0.029978	-0.174529	1.42518
chr16-56000000-56100000	-0.003679	-0.266896	-0.591235	1.11512
chr16-27300000-27400000	0.087639	0.489224	0.156117	5.28345
chr16-27900000-28000000	0.100605	0.441397	-0.068277	1.15565
chr16-2800000-2900000	0.687606	0.201112	-0.262938	6.44491
chr16-64700000-64800000	0.038505	-0.28455	-0.183378	1.24227
chr16-28000000-28100000	0.045902	0.134687	0.1903	1.42965
chr16-82100000-82200000	-0.201214	-0.560565	0.19511	2.26996
chr16-28400000-28500000	0.164875	0.501668	0.579073	2.74102
chr16-28900000-29000000	0.195212	0.119717	0.486261	4.87992
chr16-82900000-83000000	0.102179	-0.437127	0.293748	1.51563
chr16-2900000-3000000	0.837581	0.155738	0.080759	5.93927
chr16-6600000-6700000	-0.512139	0.369711	-0.398131	1.10058
chr16-29300000-29400000	0.175874	0.176441	0.876256	1.76527
chr16-34200000-34300000	-0.74775	0.178332	-0.583813	1.28373
chr16-29400000-29500000	0.179252	0.176271	0.876431	1.27152
chr16-8200000-8300000	-0.385165	0.463053	-0.332852	1.16485
chr16-29700000-29800000	0.243167	0.166138	0.612675	1.78553
chr16-34600000-34700000	-0.639544	-0.159683	-0.181005	1.20762
chr16-30700000-30800000	0.386994	0.225953	-0.297005	7.53532
chr16-3000000-3100000	0.650744	0.195999	0.441531	5.29166
chr16-29800000-29900000	0.394716	0.110721	0.256154	8.18738
chr16-50600000-50700000	-0.034021	-0.473913	-0.155799	1.4706
chr16-29900000-30000000	0.558887	0.25032	-0.048064	5.53819
chr16-30000000-30100000	0.473345	0.422113	0.316029	7.62584
chr16-58800000-58900000	-0.095559	-0.568306	-0.670594	1.23522
chr16-30300000-30400000	0.389906	0.442932	0.320613	8.13831
chr16-63100000-63200000	-0.226679	-0.268885	-0.556963	1.10636
chr16-30400000-30500000	0.275988	0.071804	0.303405	5.90743
chr16-67300000-67400000	0.531452	0.076659	-0.52896	4.38532
chr16-52800000-52900000	-0.409773	-0.320522	-0.45649	1.16683
chr16-30500000-30600000	0.214533	0.435684	0.34974	5.91955
chr16-30900000-31000000	0.270932	0.413006	0.112385	8.98767
chr16-62300000-62400000	-0.397326	-0.318568	-0.046914	1.11578
chr16-31100000-31200000	0.352445	0.30433	-0.015461	6.02603
chr16-7300000-7400000	-0.357621	0.071512	-0.55015	1.08933
chr16-55000000-55100000	-0.491142	-0.506507	-0.288132	1.27312
chr16-80700000-80800000	-0.06529	-0.284904	0.206588	1.8222
chr16-31200000-31300000	-0.01598	0.469284	0.021541	2.56981
chr16-31400000-31500000	0.014841	0.402979	0.035021	5.86277
chr16-62000000-62100000	-0.496685	-0.527343	-0.064942	1.1868
chr16-31600000-31700000	-0.55114	0.213439	0.155531	1.12992
chr16-82000000-82100000	-0.070332	-0.20354	0.088216	2.85104
chr16-48400000-48500000	0.062637	0.021586	0.207147	3.68555
chr16-31800000-31900000	-0.484541	0.173897	0.193086	3.77559
chr16-31900000-32000000	-0.745302	0.163839	0.507121	1.22941
chr16-32100000-32200000	-0.74624	0.161715	0.503899	1.19954
chr16-85000000-85100000	0.793366	-0.085191	-0.252342	6.14576
chr16-32400000-32500000	-0.748989	0.158161	0.503178	1.03566
chr16-65600000-65700000	0.164929	-0.370805	-0.30453	1.61289
chr16-67400000-67500000	0.600195	-0.2117	-0.286767	5.33028
chr16-87500000-87600000	0.653761	-0.140046	0.191407	2.29481
chr16-32500000-32600000	-0.60423	0.016401	0.140967	1.01554
chr16-32900000-33000000	-1.00479	0.023123	0.229541	1
chr16-3300000-3400000	0.478986	0.367518	0.104456	5.92929
chr16-64800000-64900000	0.127861	-0.594294	-0.431985	1.54366
chr16-33000000-33100000	-1.00479	0.019751	0.22922	1
chr16-75700000-75800000	-0.094021	-0.73646	0.004619	1.74099
chr16-80400000-80500000	-0.249044	-0.687712	-0.036323	1.28853
chr16-84400000-84500000	0.358781	-0.378963	0.063473	2.52954
chr16-33200000-33300000	-1.00657	0.020428	0.22642	1.66622
chr16-57200000-57300000	0.510651	-0.238937	-0.336387	4.07732
chr16-80800000-80900000	-0.350562	-0.517789	0.040491	2.93362
chr16-33300000-33400000	-1.00478	0.019206	0.229021	1.3055
chr16-62500000-62600000	-0.359785	-0.450149	-0.018627	1.13209
chr16-33600000-33700000	-1.02093	0.153409	-0.363781	1.36281
chr16-60500000-60600000	-0.496374	-0.568621	-0.590225	1.13546
chr16-40800000-40900000	-0.758731	-0.176745	-0.982379	0
chr16-33700000-33800000	-1.09735	-0.056198	-0.283921	1
chr16-75400000-75500000	0.341974	-0.475866	-0.082707	3.27963
chr16-48600000-48700000	-0.012997	-0.218175	-0.124736	3.39828
chr16-48000000-48100000	-0.186517	-0.256712	-0.065976	1.31325
chr16-33800000-33900000	-1.10012	-0.05705	-0.282173	2.24216
chr16-33900000-34000000	-0.665475	-0.053842	-0.306227	4.46409
chr16-61200000-61300000	-0.339961	-0.461893	0.019007	1.11501
chr16-3400000-3500000	0.553176	0.314746	-0.273774	4.31874
chr16-7800000-7900000	-0.49635	0.224127	-0.403078	1.08234
chr16-81200000-81300000	0.218416	-0.228295	0.079106	2.21714
chr16-65800000-65900000	0.258323	-0.563447	-0.48448	1.37392
chr16-5600000-5700000	-0.394349	0.434667	-0.526695	1.22173
chr16-74600000-74700000	0.400237	-0.611645	-0.200898	3.00611
chr16-78600000-78700000	-0.422579	-0.581421	-0.095828	1.27128
chr16-54000000-54100000	0.219287	-0.277311	-0.751256	1.72703
chr16-34700000-34800000	-0.551402	0.208433	-0.060899	1.23245
chr16-89600000-89700000	1.14818	0.086293	-0.067641	5.85665
chr16-34800000-34900000	-0.679762	-0.176902	-0.097069	1.35324
chr16-53100000-53200000	-0.024781	-0.279723	0.241407	4.36171
chr16-4100000-4200000	0.50683	0.189379	-0.059965	3.28218
chr16-3500000-3600000	0.638216	0.262175	0.112882	4.51554
chr16-55700000-55800000	-0.352658	-0.270348	-0.488605	1.33927
chr16-35000000-35100000	-0.758282	-0.113802	-0.522568	1.29116
chr16-59000000-59100000	-0.027776	-0.553093	-0.401816	1.40529
chr16-82200000-82300000	0.15974	-0.592272	0.027206	2.99359
chr16-35200000-35300000	-0.761189	-0.178611	-0.980984	1.3005
chr16-3600000-3700000	0.661343	0.320349	-0.261854	3.20682
chr16-3900000-4000000	0.683643	0.295752	0.040321	3.62065
chr16-400000-500000	0.663029	0.469159	-0.125808	6.11529
chr16-4000000-4100000	0.66114	0.405522	-0.34175	4.05037
chr16-4200000-4300000	0.703019	0.522822	-0.066535	3.25281
chr16-49900000-50000000	-0.075143	-0.494017	-0.37773	1.23081
chr16-47500000-47600000	0.266641	-0.184247	-0.882673	1.81858
chr16-4600000-4700000	0.497762	0.325451	-0.437744	5.46162
chr16-46500000-46600000	-0.489523	-0.200821	-0.777653	1.2314
chr16-46600000-46700000	-0.074423	-0.173325	-0.831383	2.06239
chr16-46900000-47000000	0.336451	-0.448659	-0.749671	3.67316
chr16-52500000-52600000	-0.509024	-0.317829	-0.143997	1.12069
chr16-47000000-47100000	0.078411	-0.126735	-0.829039	3.01385
chr16-47200000-47300000	-0.115018	-0.326805	-0.971528	1.66055
chr16-61000000-61100000	-0.420868	-0.534174	-0.782146	1.11543
chr16-47400000-47500000	-0.129522	-0.26169	-0.851784	4.00566
chr16-56500000-56600000	0.291616	-0.639529	-0.662072	2.68109
chr16-78700000-78800000	-0.193628	-0.294594	0.066284	1.50802
chr16-47700000-47800000	0.024941	-0.093254	-0.759528	2.02312
chr16-87400000-87500000	0.835103	-0.070486	-0.143107	4.7822
chr16-49500000-49600000	-0.169771	-0.321742	-0.795348	1.23892
chr16-85100000-85200000	0.871594	-0.454976	-0.361814	3.99089
chr16-47800000-47900000	-0.35927	-0.220067	-0.679162	1.28897
chr16-47900000-48000000	-0.052062	-0.320478	-0.44132	1.69344
chr16-6500000-6600000	-0.242383	0.121916	-0.585388	1.09887
chr16-48100000-48200000	0.103578	-0.400252	-0.318743	2.06507
chr16-77200000-77300000	-0.254714	-0.789758	-0.1588	3.57515
chr16-62700000-62800000	-0.084572	-0.292678	-0.549072	1.12974
chr16-8500000-8600000	-0.203648	0.285302	-0.362231	1.11934
chr16-48900000-49000000	-0.173838	-0.524829	-0.646925	2.14998
chr16-4900000-5000000	0.265454	0.125884	-0.049339	3.18713
chr16-65000000-65100000	0.240117	-0.571161	-0.725058	1.7659
chr16-76100000-76200000	-0.649627	-0.480468	-0.425202	1.1161
chr16-81800000-81900000	-0.133506	-0.322151	0.143286	1.38707
chr16-89000000-89100000	0.68848	-0.411986	0.150518	1.31605
chr16-58700000-58800000	0.069409	-0.181447	-0.716228	3.89465
chr16-49100000-49200000	-0.052826	-0.31744	-0.396696	1.114
chr16-5000000-5100000	0.055266	0.418628	0.168511	2.48836
chr16-50200000-50300000	0.345146	-0.462027	-0.022526	3.24574
chr16-70000000-70100000	0.723882	-0.966333	-0.414139	1.64526
chr16-50500000-50600000	-0.301419	-0.228643	0.018312	1.32121
chr16-50900000-51000000	-0.132987	-0.195503	-0.323411	1.2055
chr16-5100000-5200000	-0.117856	0.71733	-0.061525	3.79036
chr16-51000000-51100000	0	0	0	1.27028
chr16-59200000-59300000	-0.155743	-0.615443	-0.668163	1.19693
chr16-51200000-51300000	-0.071891	-0.349663	-0.724944	1.54656
chr16-6100000-6200000	-0.582166	0.068669	-0.401264	1.13626
chr16-55500000-55600000	0.020519	-0.602212	-0.619295	4.81756
chr16-51400000-51500000	0.123041	-0.262382	-0.000924	1.57503
chr16-51800000-51900000	0.045842	-0.413905	-0.804682	1.65782
chr16-51900000-52000000	0.200471	-0.127562	-0.605994	3.06511
chr16-5200000-5300000	-0.341986	0.474916	-0.329696	1.11455
chr16-52000000-52100000	-0.074899	-0.421906	-0.724132	2.07865
chr16-63300000-63400000	-0.566697	-0.459339	-0.223261	1.12015
chr16-52300000-52400000	-0.447875	-0.314886	-0.522795	1.14373
chr16-69100000-69200000	0.581827	-0.199622	-0.323936	3.7424
chr16-5800000-5900000	-0.204209	0.092298	0.012723	1.14256
chr16-69700000-69800000	0.661416	-0.603251	-0.297123	4.4563
chr16-52900000-53000000	-0.045507	-0.291268	-0.273876	1.25329
chr16-53400000-53500000	0.085315	-0.452479	-0.266524	3.60919
chr16-5300000-5400000	-0.45458	0.345567	0.051597	1.19324
chr16-53200000-53300000	-0.335107	-0.533231	0.167043	2.0745
chr16-62600000-62700000	-0.447096	-0.246836	-0.351402	1.15955
chr16-53800000-53900000	0.278342	-0.377526	-0.846898	2.04274
chr16-53900000-54000000	-0.113077	-0.480922	-0.807483	1.62266
chr16-63500000-63600000	-0.40774	-0.357665	-0.250844	1.06485
chr16-58600000-58700000	0.422867	-0.40283	-0.650429	3.231
chr16-76300000-76400000	-0.383425	-0.600691	-0.063956	1.17555
chr16-56800000-56900000	0.408095	-0.012705	-0.458232	2.74379
chr16-54200000-54300000	0.005462	-0.597165	-0.415279	1.3813
chr16-55100000-55200000	-0.315379	-0.206974	-0.490957	1.35682
chr16-55200000-55300000	-0.388278	-0.322463	-0.125537	1.13145
chr16-55400000-55500000	-0.094536	-0.245031	-0.430844	1.28431
chr16-64600000-64700000	-0.05187	-0.671806	-0.196897	1.33886
chr16-55600000-55700000	-0.20191	-0.362923	-0.846621	1.31267
chr16-55900000-56000000	-0.339478	-0.399902	-0.411157	1.22729
chr16-63400000-63500000	-0.40256	-0.594215	-0.586077	1.19256
chr16-56100000-56200000	-0.107842	-0.316576	-0.214735	1.17114
chr16-83300000-83400000	0.378323	-0.60339	-0.08052	1.70767
chr16-56300000-56400000	0.100009	-0.541967	-0.47212	2.80523
chr16-56900000-57000000	0.435295	-0.327234	-0.69302	3.97415
chr16-57400000-57500000	0.438075	-0.011352	-0.434911	3.67695
chr16-59500000-59600000	-0.074311	-0.72016	-0.663421	1.38358
chr16-57500000-57600000	0.509091	-0.268898	-0.755177	4.49046
chr16-82600000-82700000	0.298477	-0.523483	0.049303	4.33414
chr16-58000000-58100000	0.374947	-0.092979	-0.761861	4.32193
chr16-58900000-59000000	-0.413125	-0.662332	-0.411587	1.14816
chr16-5900000-6000000	-0.165668	0.125209	-0.384842	1.17298
chr16-59800000-59900000	-0.26105	-0.443515	-0.844454	1.13496
chr16-6000000-6100000	-0.389429	0.088938	-0.039523	1.15753
chr16-74800000-74900000	0.158257	-0.328537	-0.756996	1.38809
chr16-59900000-60000000	-0.361132	-0.600793	-0.467748	1.25597
chr16-6300000-6400000	-0.430338	0.281066	-0.542093	1.12155
chr16-60700000-60800000	-0.363671	-0.313291	0.140159	1.07411
chr16-80200000-80300000	0.150454	-0.756618	0.119667	1.84841
chr16-60800000-60900000	-0.414222	-0.324472	-0.272754	1.04179
chr16-60900000-61000000	-0.437336	-0.713612	-0.421032	1.04016
chr16-61500000-61600000	-0.432749	-0.609585	-0.526797	1.145
chr16-63000000-63100000	-0.264815	-0.636098	-0.412902	1.14192
chr16-67800000-67900000	0.740826	-0.348472	-0.263199	6.13
chr16-61600000-61700000	-0.587067	-0.379653	-0.224455	1.09289
chr16-61900000-62000000	-0.388068	-0.628773	-0.446889	1.18093
chr16-62100000-62200000	-0.275085	-0.689515	-0.358576	1.26285
chr16-62200000-62300000	-0.566677	-0.395618	-0.420394	1.14752
chr16-62900000-63000000	-0.408143	-0.374655	-0.137939	1.04028
chr16-88900000-89000000	0.527456	-0.135631	0.405474	3.29178
chr16-63800000-63900000	-0.369327	-0.523013	-0.452838	1.28579
chr16-63900000-64000000	-0.063685	-0.533919	-0.172303	1.15819
chr16-64400000-64500000	0.253331	-0.650448	-0.399074	1.43754
chr16-64500000-64600000	-0.113988	-0.787113	-0.571298	1.21367
chr16-65100000-65200000	0.147737	-0.306151	-0.436794	4.43127
chr16-65500000-65600000	0.193424	-0.374428	0.100969	1.65964
chr16-65700000-65800000	0.009779	-0.762626	-0.248523	1.2701
chr16-69500000-69600000	0.779021	-0.041686	-0.543717	3.2168
chr16-65900000-66000000	0.288208	-0.383476	-0.123396	1.36055
chr16-66700000-66800000	0.696975	-0.303033	-0.44277	4.17735
chr16-86800000-86900000	0.759489	-0.44268	0.053347	2.25706
chr16-66900000-67000000	0.639865	-0.145333	-0.352442	4.63638
chr16-67000000-67100000	0.876114	-0.332425	-0.618376	3.43082
chr16-67500000-67600000	0.839007	0.039075	-0.473422	6.64824
chr16-70800000-70900000	0.249249	-0.474435	-0.470404	4.39038
chr16-76600000-76700000	-0.174997	-0.428526	-0.520976	1.16356
chr16-67600000-67700000	0.606066	-0.157055	-0.700439	2.75583
chr16-72400000-72500000	0.095367	-0.538796	-0.286229	1.21471
chr16-67900000-68000000	0.512268	-0.047543	-0.32699	7.72824
chr16-6800000-6900000	-0.600395	0.092605	-0.439376	1.17185
chr16-70400000-70500000	0.774124	-0.600234	-0.065758	6.2765
chr16-68000000-68100000	0.558349	-0.252016	0.005138	5.34021
chr16-68400000-68500000	0.368064	-0.248219	-0.525188	2.5045
chr16-68500000-68600000	0.496271	-0.250475	-0.171611	3.00854
chr16-68600000-68700000	0.514153	-0.66559	-0.133027	1.65971
chr16-68900000-69000000	0.584844	-0.228307	-0.499985	1.8301
chr16-6900000-7000000	-0.443671	0.469817	-0.386982	1.11509
chr16-69200000-69300000	0.704233	-0.172702	-0.692083	3.54274
chr16-69300000-69400000	0.641806	-0.429892	-0.394074	5.82433
chr16-69600000-69700000	0.678721	-0.409892	-0.635082	3.2089
chr16-70100000-70200000	0.725818	-0.968634	-0.4157	3.2287
chr16-70300000-70400000	0.701012	-0.459478	-0.439554	3.9169
chr16-70500000-70600000	0.409162	-0.770032	-0.135281	4.35347
chr16-78500000-78600000	-0.259959	-0.637909	-0.472893	1.22129
chr16-70700000-70800000	0.461617	-0.515875	-0.127436	8.89608
chr16-9600000-9700000	-0.471122	0.150882	-0.035825	1.14135
chr16-70900000-71000000	0.045328	-0.344899	-0.16278	1.84654
chr16-71200000-71300000	-0.075658	-0.675881	-0.165045	1.16844
chr16-88300000-88400000	1.04816	-0.486205	0.234156	7.03075
chr16-71400000-71500000	0.080646	-0.672886	-0.218467	2.90747
chr16-71500000-71600000	0.059274	-0.703441	0.158381	2.54917
chr16-71800000-71900000	0.291546	-0.182562	-0.629621	4.28467
chr16-88800000-88900000	0.820394	-0.009043	0.18426	8.63705
chr16-71900000-72000000	0.262825	-0.580364	-0.626075	3.6799
chr16-72100000-72200000	0.039654	-0.537065	-0.074452	3.24797
chr16-85500000-85600000	0.576445	-0.234326	0.163771	4.55461
chr16-72200000-72300000	0.091392	-0.359902	-0.449939	1.40616
chr16-72900000-73000000	0.368377	-0.628764	-0.526836	3.18782
chr16-73000000-73100000	0.420936	-0.296887	-0.725048	4.8727
chr16-73200000-73300000	0.112283	-0.631461	-0.194903	1.96301
chr16-73300000-73400000	-0.024057	-0.303778	0.0185	1.29052
chr16-73900000-74000000	-0.278123	-0.488446	-0.067757	1.2021
chr16-74400000-74500000	0.188209	-0.78925	0.016908	3.24375
chr16-74500000-74600000	0.268336	-0.951939	-0.326394	2.3151
chr16-74700000-74800000	0.423434	-0.303613	-0.474941	3.56531
chr16-74900000-75000000	0.408634	-0.443121	-0.454222	1.9821
chr16-7500000-7600000	-0.612768	0.024941	-0.079126	1.11897
chr16-75000000-75100000	0.459952	-0.582331	-0.072584	3.53292
chr16-75100000-75200000	0.434018	-0.847423	-0.320329	5.11298
chr16-75200000-75300000	0.426793	-0.562841	-0.043698	8.67299
chr16-79200000-79300000	-0.594714	-0.572567	-0.141767	1.20181
chr16-80300000-80400000	0.023977	-0.381573	0.055984	2.00526
chr16-76700000-76800000	-0.327986	-0.766569	-0.382746	1.09508
chr16-76900000-77000000	-0.319506	-0.455989	0.004105	1.19518
chr16-7700000-7800000	-0.104655	0.125862	-0.401116	1.10074
chr16-77100000-77200000	-0.337105	-0.410464	0.006264	1.108
chr16-77700000-77800000	0.068071	-0.509628	0.174706	2.31918
chr16-77900000-78000000	-0.062749	-0.721232	0.025154	1.84874
chr16-78000000-78100000	0.047014	-0.404464	-0.21425	1.52497
chr16-78300000-78400000	-0.236167	-0.384333	0.15228	1.59197
chr16-78400000-78500000	-0.451795	-0.403954	-0.191664	1.2544
chr16-78900000-79000000	-0.254342	-0.322348	0.060464	1.21498
chr16-7900000-8000000	-0.318365	0.137244	-0.756338	1.0788
chr16-79000000-79100000	-0.367676	-0.349455	-0.32802	1.19475
chr16-79400000-79500000	-0.043385	-0.373363	-0.332653	1.1868
chr16-79900000-80000000	-0.304899	-0.59928	-0.078024	1.25698
chr16-800000-900000	1.03694	0.287317	-0.097743	3.39993
chr16-80100000-80200000	-0.203335	-0.726107	-0.070957	1.52972
chr16-80500000-80600000	-0.132879	-0.29289	0.000982	2.20755
chr16-80600000-80700000	-0.027375	-0.675518	0.124262	2.36986
chr16-80900000-81000000	0.020212	-0.528622	0.230477	2.66103
chr16-8100000-8200000	-0.509594	0.223294	-0.03697	1.16102
chr16-81000000-81100000	0.165077	-0.712136	-0.114089	3.21848
chr16-81500000-81600000	0.32041	-0.397513	-0.017472	4.24209
chr16-81700000-81800000	0.233874	-0.499721	0.112514	3.59932
chr16-81900000-82000000	0.060083	-0.478106	-0.185626	1.64893
chr16-82300000-82400000	-0.05646	-0.339604	-0.195424	1.14744
chr16-82500000-82600000	-0.078164	-0.578589	-0.107177	1.15841
chr16-82700000-82800000	0.047974	-0.368002	0.298037	2.01966
chr16-83500000-83600000	0.131227	-0.216814	-0.068781	2.24439
chr16-83900000-84000000	0.425072	-0.566807	0.016654	3.64089
chr16-84100000-84200000	0.481807	-0.373049	-0.249024	3.91077
chr16-84300000-84400000	0.583256	-0.504056	-0.258558	4.30741
chr16-84500000-84600000	0.66155	-0.16658	-0.09873	5.35878
chr16-84600000-84700000	0.446856	-0.192242	0.221731	5.38084
chr16-84700000-84800000	0.595303	-0.373783	-0.091783	3.84356
chr16-84900000-85000000	0.734046	0.011514	-0.645286	2.65452
chr16-85600000-85700000	0.829629	-0.227205	-0.133043	5.40615
chr16-85800000-85900000	0.807433	-0.099017	-0.120232	4.81194
chr16-85900000-86000000	0.734577	-0.456172	0.027782	1.45439
chr16-86000000-86100000	0.477131	-0.262481	0.197423	1.67167
chr16-86200000-86300000	0.717256	-0.145892	0.304172	4.41484
chr16-86500000-86600000	0.589277	-0.052656	-0.06337	7.19759
chr16-86600000-86700000	0.850058	0.144342	-0.345967	5.73009
chr16-86900000-87000000	0.863209	-0.068658	0.027265	3.78468
chr16-87000000-87100000	0.750682	-0.202759	-0.29037	2.36903
chr16-8800000-8900000	-0.215348	0.49837	-0.23386	3.09702
chr16-87100000-87200000	0.937446	0.057104	-0.510199	1.7061
chr16-9200000-9300000	0.004766	0.54328	-0.306378	2.46348
chr16-87200000-87300000	0.80854	-0.307423	-0.528837	2.35252
chr16-87300000-87400000	0.987732	-0.438195	-0.21918	3.8339
chr16-87700000-87800000	0.787896	-0.083516	0.301863	3.24655
chr16-88500000-88600000	0.665873	-0.361106	0.169532	4.23517
chr16-8900000-9000000	0.057135	0.510621	-0.512507	5.69749
chr16-89300000-89400000	0.764435	-0.332906	0.003386	9.24236
chr16-89700000-89800000	0.914465	-0.217279	-0.022474	7.38388
chr16-900000-1000000	0.693519	0.297749	-0.016161	3.02135
chr16-9100000-9200000	-0.185453	0.547576	0.058809	4.44203
chr16-9400000-9500000	-0.217448	0.29872	-0.143655	1.20247
chr16-9800000-9900000	-0.587597	0.059646	-0.474176	1.16312
chr16-9700000-9800000	-0.479957	0.419037	-0.318414	1.18784
