chr10-71500000-71600000	-0.221672	-0.752062	0.149756	0.0635442
chr10-48200000-48300000	-1.54629	-0.627641	0.251226	0
chr10-11600000-11700000	1.17622	-0.273385	-0.187153	0.0582056
chr10-116100000-116200000	0.782613	-0.225931	0.8012	0.0594044
chr10-48400000-48500000	-0.478118	-0.093262	-0.158239	0.0624383
chr10-20400000-20500000	1.0092	0.100305	-0.226893	0.0542376
chr10-104300000-104400000	1.01275	-1.13196	0.987459	0.0609645
chr10-19600000-19700000	0.789295	0.724111	-0.578053	0.0519096
chr10-6100000-6200000	1.41893	-0.441197	-0.197068	0.0601259
chr10-108700000-108800000	0.302595	0.686439	0.607103	0.0542394
chr10-84200000-84300000	-0.352569	0.067416	0.185279	0.0576761
chr10-100700000-100800000	0.173703	0.139466	0.377108	0.0532409
chr10-100300000-100400000	0.108708	0.00341	0.442899	0.0565632
chr10-116300000-116400000	0.847802	-0.170843	0.584213	0.0595853
chr10-104700000-104800000	0.784951	-0.851122	0.378577	0.0549339
chr10-100100000-100200000	0.817608	-0.381729	0.661028	0.0611457
chr10-106100000-106200000	0.62356	0.404681	0.632319	0.0574858
chr10-28200000-28300000	0.729896	0.035194	-0.881747	0.0546111
chr10-112500000-112600000	0.52181	0.28741	0.963475	0.0611221
chr10-39000000-39100000	0.364612	1.622	-0.494048	0.136008
chr10-77500000-77600000	-0.416505	-0.526017	0.130192	0.0597308
chr10-104100000-104200000	1.26237	-0.788629	0.79176	0.0597147
chr10-102100000-102200000	1.11728	0.172729	1.09241	0.0548095
chr10-108300000-108400000	-0.178038	0.642455	0.624629	0.0553956
chr10-103100000-103200000	0.999071	-0.120985	0.628871	0.0552539
chr10-102500000-102600000	0.041162	-0.74884	0.719357	0.0596306
chr10-100500000-100600000	0.033365	0.618419	0.975919	0.0540565
chr10-129100000-129200000	0.086437	-0.068736	0.536717	0.0627335
chr10-60800000-60900000	0.239775	0.349149	0.010656	0.0565037
chr10-84500000-84600000	-0.290585	0.61682	0.392013	0.0558198
chr10-13100000-13200000	1.5405	0.222713	0.132671	0.0559453
chr10-24400000-24500000	0.95905	0.699096	0.018719	0.0536944
chr10-102700000-102800000	0.761335	-0.982252	0.595988	0.059442
chr10-88800000-88900000	0.360049	1.2493	0.972183	0.0567215
chr10-106300000-106400000	0.554453	0.479562	0.717726	0.0570078
chr10-134700000-134800000	-0.367203	-0.02037	1.25935	0.058231
chr10-108100000-108200000	0.434981	0.59299	0.454552	0.0524617
chr10-57100000-57200000	-0.549539	0.165582	-0.1125	0.0533663
chr10-44100000-44200000	0.156804	-0.609897	0.046092	0.0605587
chr10-80800000-80900000	0.409711	-0.95433	0.033953	0.0660299
chr10-102300000-102400000	0.321026	-0.758695	0.914484	0.0606261
chr10-100000-200000	1.79728	0.489903	0.704416	0.052326
chr10-44500000-44600000	0.344607	-0.607283	-0.02314	0.058173
chr10-105500000-105600000	0.481255	-0.876774	0.423213	0.0648685
chr10-129900000-130000000	-0.286997	-0.108749	0.982364	0.0574089
chr10-84700000-84800000	0.390706	0.514205	0.191681	0.056427
chr10-57500000-57600000	-0.239174	0.847434	-0.172902	0.0498068
chr10-109100000-109200000	-0.181519	0.282033	0.60039	0.0548918
chr10-7100000-7200000	1.22279	0.594829	0.130377	0.0573445
chr10-103500000-103600000	0.640677	-0.777119	1.10092	0.059119
chr10-0-100000	2.23505	0.551311	0.922653	0.0501441
chr10-129500000-129600000	-0.013476	0.638749	0.961641	0.0564943
chr10-32600000-32700000	1.40982	-0.414431	-0.608975	0.0564991
chr10-100400000-100500000	-0.467426	0.121443	0.834507	0.0528605
chr10-74400000-74500000	0.51255	-0.985867	0.253386	0.0539105
chr10-81500000-81600000	0.160988	-1.8712	1.08629	0.0355224
chr10-104400000-104500000	1.24331	-0.517967	0.685303	0.0591425
chr10-30300000-30400000	0.952841	-0.735571	-0.464666	0.0598248
chr10-16500000-16600000	0.875492	0.528599	-0.402523	0.0557315
chr10-96500000-96600000	0.289541	1.26642	0.586478	0.0495789
chr10-100000000-100100000	0.663524	0.264607	0.839753	0.0594085
chr10-107800000-107900000	0.300182	0.585336	0.238828	0.0531967
chr10-69900000-70000000	-0.240093	-0.648794	0.122719	0.0575213
chr10-102200000-102300000	0.473861	-0.097904	1.16424	0.0586727
chr10-43700000-43800000	-0.629019	-0.079191	-0.509487	0.059418
chr10-1000000-1100000	1.42586	0.17325	0.133997	0.0619364
chr10-2800000-2900000	0.70462	0.427515	-0.691924	0.0577812
chr10-14700000-14800000	1.14411	-0.65662	-0.454986	0.0567754
chr10-122800000-122900000	0.175139	0.543758	0.980687	0.0579512
chr10-130000000-130100000	-0.21015	0.617246	0.862219	0.0581271
chr10-102000000-102100000	0.827682	-0.361474	0.761604	0.0567463
chr10-100200000-100300000	0.696574	0.346154	0.648064	0.0591238
chr10-121600000-121700000	0.259233	-0.554049	0.876995	0.056539
chr10-78500000-78600000	-0.480828	0.194306	0.089451	0.0550361
chr10-106000000-106100000	0.148285	-0.123305	0.438324	0.0568826
chr10-72300000-72400000	-0.455954	-0.591929	0.10803	0.0589964
chr10-63500000-63600000	0.491098	-0.536129	0.229108	0.0579219
chr10-100600000-100700000	0.444671	0.791654	0.424497	0.0531421
chr10-69700000-69800000	0.266623	-1.09565	0.009269	0.0508174
chr10-34600000-34700000	0.827671	-0.404497	-0.632181	0.0558007
chr10-105000000-105100000	0.444357	-1.3139	0.314528	0.0570922
chr10-101000000-101100000	0.395324	0.384312	1.04655	0.0561251
chr10-125200000-125300000	0.039791	0.654515	0.900001	0.058222
chr10-101400000-101500000	1.0569	-0.048061	0.851763	0.0564304
chr10-109800000-109900000	0.194441	0.545415	0.959415	0.0548857
chr10-118800000-118900000	-0.245206	0.294514	1.30092	0.0544662
chr10-43400000-43500000	-0.486972	0.14953	-0.14232	0.0599553
chr10-125400000-125500000	0.223519	0.502069	1.10115	0.0579758
chr10-14400000-14500000	1.41791	-0.535521	0.175493	0.0600849
chr10-10000000-10100000	0.777309	0.793128	-0.391625	0.0527975
chr10-100800000-100900000	0.212096	0.49156	1.00221	0.0530444
chr10-100900000-101000000	0.629675	0.926649	0.616323	0.0522064
chr10-69200000-69300000	-0.187771	0.136946	0.147634	0.0517253
chr10-27500000-27600000	1.44361	0.510316	-0.723944	0.0487019
chr10-21500000-21600000	1.18767	-0.066197	-0.785295	0.0546809
chr10-83600000-83700000	0.324964	0.612476	0.153963	0.0548009
chr10-10800000-10900000	1.54755	-0.087843	-0.542581	0.0572208
chr10-67400000-67500000	-0.02843	0.821802	-0.034457	0.0526175
chr10-63000000-63100000	0.042874	0.021339	-0.33721	0.0551225
chr10-10100000-10200000	0.806488	0.229939	-0.844002	0.0557742
chr10-115000000-115100000	0.454272	-0.450315	1.01361	0.0593068
chr10-109600000-109700000	0.173846	0.736887	0.769716	0.0549133
chr10-57200000-57300000	-0.134503	0.448559	-0.649176	0.0531006
chr10-24600000-24700000	1.35872	0.208608	0.178646	0.0560069
chr10-119100000-119200000	0.401935	0.320427	1.06231	0.0551735
chr10-101500000-101600000	0.459128	-0.352775	1.09656	0.0566892
chr10-64400000-64500000	-0.038373	-0.361709	-0.45195	0.0605138
chr10-111100000-111200000	0.908385	0.60786	0.841106	0.0548154
chr10-101100000-101200000	0.460834	-0.115244	0.537218	0.059521
chr10-125500000-125600000	-0.321986	0.040033	1.17371	0.0581476
chr10-95600000-95700000	0.184326	-0.060298	0.452814	0.0574787
chr10-61700000-61800000	0.124917	0.340853	-0.237647	0.0548335
chr10-16700000-16800000	0.978646	0.50903	-0.468446	0.0593417
chr10-58400000-58500000	-0.489542	0.15684	-0.110263	0.0521608
chr10-116800000-116900000	-0.39651	0.135823	0.842559	0.0547252
chr10-129200000-129300000	0.367056	0.190345	1.1462	0.0605006
chr10-89400000-89500000	0.715641	0.317559	1.1927	0.0572312
chr10-105400000-105500000	0.481049	-0.461647	0.992129	0.0613317
chr10-29500000-29600000	1.46982	0.101433	-0.623512	0.0562085
chr10-12700000-12800000	1.48457	-0.462211	0.140027	0.0600531
chr10-85800000-85900000	0.233104	0.585014	0.143593	0.0548137
chr10-27100000-27200000	1.37861	0.330215	-0.613417	0.0528533
chr10-115800000-115900000	0.408486	0.400938	1.08661	0.0561676
chr10-105200000-105300000	1.07052	-0.440146	1.05127	0.0583724
chr10-101600000-101700000	0.093596	-0.816464	0.688161	0.0581447
chr10-85000000-85100000	-0.354457	0.474196	0.233485	0.0545698
chr10-101200000-101300000	0.701102	0.476392	0.889095	0.0567172
chr10-129400000-129500000	-0.564318	0.22949	0.802464	0.0565693
chr10-18100000-18200000	2.3366	0.990239	-0.50552	0
chr10-109000000-109100000	0.409785	0.442195	1.00654	0.0547062
chr10-134600000-134700000	-0.023432	-0.59967	1.06264	0.0569537
chr10-55300000-55400000	-0.508248	0.340606	0.016948	0.0518507
chr10-19000000-19100000	1.38372	0.264006	-0.455221	0.0525017
chr10-15300000-15400000	1.46475	-0.505578	-0.089097	0.059099
chr10-101300000-101400000	0.368916	-0.154697	0.74106	0.0564919
chr10-126500000-126600000	0.928997	-0.542859	0.796288	0.0566487
chr10-129300000-129400000	0.05487	-0.013366	0.538546	0.058181
chr10-93000000-93100000	1.08718	-0.207598	0.872685	0.0574089
chr10-111700000-111800000	0.990306	-0.091081	0.671538	0.0567674
chr10-101700000-101800000	0.754067	-0.774073	0.572449	0.0538891
chr10-59900000-60000000	-0.337892	-0.003977	0.119589	0.0544712
chr10-54800000-54900000	-0.483453	0.152331	-0.107016	0.0529218
chr10-133200000-133300000	-0.434491	0.288046	1.01293	0.0584482
chr10-14100000-14200000	0.943909	-0.711744	-0.353319	0.0610017
chr10-76800000-76900000	0.51199	-0.955605	0.167854	0.0591956
chr10-101800000-101900000	0.944238	-0.239687	0.996211	0.0566728
chr10-101900000-102000000	0.770121	0.356889	0.661797	0.0557797
chr10-30000000-30100000	1.52261	-0.717191	-0.043201	0.0577309
chr10-10200000-10300000	1.13749	0.071329	-0.216187	0.0533919
chr10-83300000-83400000	-0.43097	0.170986	0.032772	0.0514291
chr10-87500000-87600000	-0.474075	0.546392	0.429705	0.0580026
chr10-52200000-52300000	0.430301	-0.446811	-0.071126	0.0599566
chr10-21000000-21100000	0.759741	0.79359	-0.538175	0.0549863
chr10-72000000-72100000	-0.22855	-0.904459	0.328909	0.061964
chr10-115400000-115500000	0.270922	0.130168	1.18058	0.0615428
chr10-120400000-120500000	0.279955	0.368213	1.13677	0.0571656
chr10-129000000-129100000	0.06661	-0.729261	0.8058	0.062452
chr10-63700000-63800000	0.210845	0.226124	-0.499369	0.0565657
chr10-104200000-104300000	0.866558	-1.15365	0.376866	0.0612053
chr10-131600000-131700000	-0.456486	0.308023	0.957753	0.057633
chr10-29800000-29900000	1.37891	-0.627165	0.071456	0.0597837
chr10-27200000-27300000	0.774732	0.755145	-0.639173	0.053484
chr10-102400000-102500000	-0.049646	-0.263995	1.20737	0.0575552
chr10-117400000-117500000	0.052205	0.553223	0.362387	0.0530511
chr10-14000000-14100000	1.07508	-0.332402	-0.903912	0.0623998
chr10-117600000-117700000	0.642778	-0.392521	0.616382	0.0563005
chr10-131200000-131300000	-0.062816	0.002726	0.565852	0.0620932
chr10-70500000-70600000	-0.085033	-0.827699	-0.446938	0.0530064
chr10-65000000-65100000	-0.210625	-0.826581	-0.543962	0.0553016
chr10-108600000-108700000	0.092704	0.010515	0.469336	0.0544637
chr10-96200000-96300000	0.800421	-0.061129	0.66367	0.052434
chr10-126200000-126300000	-0.070844	-0.274068	1.32974	0.0608433
chr10-58200000-58300000	-0.062593	0.369777	-0.621112	0.0527883
chr10-102600000-102700000	0.602564	-0.378049	0.953055	0.056722
chr10-1400000-1500000	1.38309	0.461387	0.291132	0.0607232
chr10-54700000-54800000	0.106218	0.395219	-0.436217	0.0522272
chr10-78300000-78400000	-0.243693	-0.725351	0.247637	0.0543296
chr10-85300000-85400000	0.370579	0.593905	0.240215	0.0567226
chr10-45500000-45600000	-0.710626	0.386969	-0.42585	0.0535778
chr10-104000000-104100000	0.830729	-1.04651	0.402656	0.0561057
chr10-45100000-45200000	0.402087	-0.350196	-0.098543	0.0570264
chr10-132000000-132100000	0.253735	0.302967	1.20394	0.0626042
chr10-10300000-10400000	0.702256	0.375633	-0.712781	0.0556715
chr10-90300000-90400000	0.952918	-0.420284	0.629656	0.0531775
chr10-7400000-7500000	1.46358	0.278953	0.122775	0.0569464
chr10-65700000-65800000	-0.342698	0.129325	0.075849	0.0544887
chr10-10500000-10600000	0.791956	0.007114	-0.767011	0.0580035
chr10-12300000-12400000	1.34741	-0.643334	-0.058612	0.0545981
chr10-38100000-38200000	1.05105	0.227743	-0.380376	0.0587867
chr10-8000000-8100000	1.34369	0.633241	0.13267	0.0576643
chr10-104600000-104700000	1.35678	-0.667848	0.709148	0.0545773
chr10-102800000-102900000	0.990038	-0.6709	1.20828	0.0601528
chr10-116400000-116500000	0.469592	-0.214927	1.1514	0.0596026
chr10-63300000-63400000	0.272876	0.354112	-0.152608	0.053724
chr10-106400000-106500000	-0.179957	0.598515	0.7083	0.059699
chr10-49800000-49900000	-0.539699	-0.018007	-0.502486	0.0618442
chr10-104900000-105000000	0.992833	-1.12984	0.659083	0.0534016
chr10-102900000-103000000	0.642365	-0.978076	0.700098	0.0580798
chr10-49700000-49800000	-0.426536	-0.632518	-0.152407	0.0636135
chr10-104800000-104900000	1.08675	-0.542383	0.926513	0.0581572
chr10-34400000-34500000	0.768655	-0.19308	-0.825712	0.0600471
chr10-123200000-123300000	0.348042	0.097818	1.12297	0.0587615
chr10-134000000-134100000	0.136787	-0.396602	1.49032	0.0626974
chr10-12400000-12500000	1.56458	-0.158112	-0.516846	0.063208
chr10-127800000-127900000	0.449497	-0.769048	0.314095	0.0623475
chr10-5000000-5100000	1.91327	0.162803	0.23526	0.0533491
chr10-103800000-103900000	0.768996	-1.46741	0.448884	0.0593431
chr10-16400000-16500000	1.26127	0.744023	0.146051	0.0554376
chr10-92100000-92200000	0.839922	-0.142646	0.520987	0.0567364
chr10-3600000-3700000	1.09966	-0.052182	-0.197421	0.0590919
chr10-89500000-89600000	0.973218	0.374506	0.530283	0.0525891
chr10-103600000-103700000	1.08038	-0.28273	0.874876	0.0590165
chr10-16000000-16100000	0.950577	0.20652	-0.263894	0.0562521
chr10-90200000-90300000	0.746615	0.156509	0.234634	0.0567983
chr10-103400000-103500000	0.896874	-0.705932	0.448274	0.0592948
chr10-10700000-10800000	0.91707	0.138875	-0.808364	0.0548193
chr10-56000000-56100000	0.130679	0.473445	-0.476868	0.0491962
chr10-103200000-103300000	0.952683	-0.808046	0.554043	0.0544291
chr10-92400000-92500000	0.272933	0.464464	0.056895	0.0597089
chr10-70700000-70800000	0.409673	-0.589666	-0.075271	0.0539726
chr10-126000000-126100000	-0.344806	-0.274722	0.874782	0.0607551
chr10-106200000-106300000	0.069224	-0.038281	0.554588	0.0575997
chr10-103000000-103100000	0.896067	-0.515097	1.16596	0.0590785
chr10-120600000-120700000	0.678077	0.30786	0.877062	0.0584669
chr10-94600000-94700000	0.703362	-0.363129	0.962559	0.0554668
chr10-66200000-66300000	0.158099	0.367195	-0.35162	0.0546393
chr10-103700000-103800000	1.00183	-0.88386	0.777718	0.0588517
chr10-17000000-17100000	1.53882	-0.23609	0.066059	0.0562912
chr10-13400000-13500000	1.49773	0.509046	0.011726	0.0552561
chr10-4700000-4800000	1.20468	-0.533417	-0.53959	0.0552894
chr10-103300000-103400000	0.284852	-0.797559	0.749637	0.0622178
chr10-17400000-17500000	0.821695	-0.078801	-0.834167	0.0568527
chr10-123300000-123400000	0.583178	0.506992	0.5932	0.0585951
chr10-103900000-104000000	0.442156	-1.24484	-0.107984	0.0549132
chr10-61400000-61500000	-0.548688	-0.061428	-0.00898	0.0535119
chr10-124800000-124900000	-0.302846	0.083121	1.11971	0.0577961
chr10-45400000-45500000	-0.44408	-0.207827	-0.099075	0.063901
chr10-10400000-10500000	1.24461	0.256751	-0.25981	0.0576457
chr10-51600000-51700000	-0.302462	0.344649	-1.45122	0
chr10-106500000-106600000	0.055312	-0.025412	0.458142	0.0589019
chr10-131100000-131200000	0.123619	-0.365958	1.14753	0.0574416
chr10-44300000-44400000	0.351768	-0.646388	-0.058045	0.0614843
chr10-104500000-104600000	0.756894	-1.01477	0.817653	0.0616745
chr10-7300000-7400000	1.20104	0.95229	0.168971	0.0592967
chr10-62500000-62600000	-0.028996	-0.361613	-0.360646	0.0572928
chr10-44200000-44300000	0.046028	-0.39901	-0.648067	0.0588909
chr10-105100000-105200000	0.971862	-0.916748	0.577758	0.0583095
chr10-22500000-22600000	0.813584	0.164263	-0.841776	0.0543183
chr10-13500000-13600000	1.49776	-0.121331	0.255345	0.0597352
chr10-64100000-64200000	-0.246836	-0.653437	0.035369	0.0561341
chr10-118700000-118800000	-0.04728	0.642965	0.705619	0.0561077
chr10-105300000-105400000	0.836406	-0.840449	0.512115	0.0626424
chr10-67000000-67100000	-0.567401	0.238219	-0.043467	0.0527182
chr10-61100000-61200000	-0.469898	0.205846	-0.03223	0.0538906
chr10-105600000-105700000	0.952855	-0.406974	0.668952	0.0610458
chr10-89200000-89300000	0.701496	1.49849	0.835914	0.0524745
chr10-28100000-28200000	1.26682	0.373859	-0.5992	0.055268
chr10-111300000-111400000	0.369796	0.603682	1.03701	0.0559445
chr10-79200000-79300000	-0.136218	-0.980495	0.364708	0.0677956
chr10-62800000-62900000	0.077318	-0.212777	-0.481525	0.053923
chr10-105700000-105800000	0.53567	-0.658013	0.164001	0.0561151
chr10-82000000-82100000	0.029461	0.659156	0.583167	0.0594308
chr10-54000000-54100000	0.333316	-0.335411	-0.27836	0.0540422
chr10-105800000-105900000	0.157837	-0.140895	0.479191	0.0590654
chr10-51900000-52000000	-0.11203	-0.308519	-1.21715	0.0440543
chr10-105900000-106000000	0.818335	-0.184596	0.714424	0.0567724
chr10-49300000-49400000	-1.17034	-0.647503	-0.983164	0.0641798
chr10-34800000-34900000	0.989257	-0.213658	-0.203526	0.0611684
chr10-18300000-18400000	1.4178	0.318446	-0.46851	0.0552951
chr10-50200000-50300000	-0.158331	0.662643	0.005763	0.0625031
chr10-10600000-10700000	1.01583	0.060578	-0.089855	0.0571071
chr10-130800000-130900000	0.293738	0.433865	1.0071	0.058223
chr10-106600000-106700000	0.4229	0.546153	0.253511	0.0587769
chr10-106700000-106800000	0.245515	-0.091293	0.56205	0.0550389
chr10-108500000-108600000	0.497404	0.6033	0.598589	0.056819
chr10-2100000-2200000	0.877673	0.354301	-0.869916	0.0571551
chr10-50800000-50900000	-0.52703	0.096414	-0.001854	0.0601966
chr10-124000000-124100000	-0.27346	-0.646589	0.780483	0.0608009
chr10-12600000-12700000	1.56258	-0.099151	-0.462822	0.0607191
chr10-133400000-133500000	-0.40245	0.420176	1.15984	0.0588214
chr10-3000000-3100000	1.30065	0.748103	0.179774	0.0597596
chr10-119800000-119900000	0.070046	-0.017368	0.528263	0.0551949
chr10-18400000-18500000	0.871265	-0.024992	-0.787108	0.0548168
chr10-7000000-7100000	0.864629	0.786821	-0.448293	0.0576759
chr10-69400000-69500000	-0.520552	0.15103	-0.086063	0.0518592
chr10-4200000-4300000	1.21473	-0.723462	0.048168	0.0622101
chr10-63600000-63700000	0.06378	-0.442093	-0.332148	0.0577499
chr10-106800000-106900000	0.303265	0.522128	0.961461	0.0586882
chr10-113800000-113900000	0.116313	-0.100342	0.749367	0.0580507
chr10-106900000-107000000	0.402611	0.568364	0.258325	0.0581841
chr10-52100000-52200000	-0.12138	-0.406506	-0.517207	0.0587618
chr10-49500000-49600000	-0.120045	0.062334	-0.702416	0.055966
chr10-45300000-45400000	0.253613	-0.099636	-0.282802	0.0588149
chr10-107000000-107100000	-0.215006	0.504771	0.63323	0.056523
chr10-107100000-107200000	0.214295	-0.003077	0.378446	0.0553244
chr10-107200000-107300000	0.453672	0.596579	0.693206	0.0557003
chr10-85500000-85600000	-0.002468	-0.023414	0.443451	0.0544865
chr10-6700000-6800000	1.51996	0.354917	0.09884	0.0565204
chr10-53400000-53500000	-0.004071	0.109349	-0.606967	0.0553011
chr10-107300000-107400000	0.118815	-0.002298	0.48011	0.0552192
chr10-116600000-116700000	0.688803	-0.433072	0.448565	0.0536105
chr10-47500000-47600000	-1.04865	-0.507871	-0.630141	0.0574165
chr10-107400000-107500000	0.120123	0.702805	0.335239	0.0551936
chr10-107600000-107700000	-0.14723	0.681834	0.560932	0.0546259
chr10-114200000-114300000	0.663186	0.04849	0.95299	0.0566019
chr10-24800000-24900000	1.07839	0.304108	-1.00881	0.058259
chr10-24000000-24100000	0.73243	0.988928	-0.346997	0.0544186
chr10-107500000-107600000	0.017289	-0.015358	0.450468	0.0555612
chr10-1700000-1800000	1.03036	0.527719	-0.193074	0.059753
chr10-51500000-51600000	-0.302286	0.346206	-1.45108	0.0545782
chr10-37500000-37600000	0.743446	0.79654	-0.451933	0.0546076
chr10-28000000-28100000	0.730307	-0.048312	-0.824915	0.0566907
chr10-134500000-134600000	0.368364	-0.082921	1.33467	0.0652249
chr10-95100000-95200000	0.885069	-0.527784	0.571101	0.0567226
chr10-62400000-62500000	-0.06636	0.358488	-0.299327	0.0535496
chr10-131700000-131800000	0.222551	0.359892	1.17311	0.0580564
chr10-107700000-107800000	0.036728	-0.017557	0.526369	0.0545999
chr10-107900000-108000000	0.235935	0.467598	0.95866	0.0542477
chr10-32500000-32600000	0.834583	-0.177303	-0.940268	0.0543713
chr10-85100000-85200000	0.217272	0.888596	0.404125	0.052686
chr10-108000000-108100000	0.084905	-0.049774	0.464906	0.0533921
chr10-45600000-45700000	-0.346912	-0.164811	-0.6629	0.0520213
chr10-108200000-108300000	0.056132	-0.018997	0.432871	0.0514558
chr10-125000000-125100000	-0.059793	-0.239548	0.667085	0.0579793
chr10-34100000-34200000	0.880734	-0.571255	-0.664123	0.0566717
chr10-32700000-32800000	0.801673	-0.227393	-0.921555	0.0526149
chr10-112800000-112900000	0.436154	0.33812	1.12125	0.0608988
chr10-23800000-23900000	0.796799	0.81918	-0.404991	0.0556833
chr10-36600000-36700000	1.37741	-0.538401	0.120636	0.0529597
chr10-14600000-14700000	1.42434	-0.318721	0.06953	0.0581043
chr10-108400000-108500000	0.124291	-0.010418	0.471938	0.0554132
chr10-108800000-108900000	-0.249055	0.240974	0.446945	0.0558793
chr10-126400000-126500000	0.234771	-0.724542	0.809463	0.0572596
chr10-108900000-109000000	0.070916	0.87808	0.538955	0.0545904
chr10-10900000-11000000	0.860223	-0.185763	-0.475013	0.0575603
chr10-69100000-69200000	-0.482072	0.683427	-0.232793	0.0514113
chr10-21100000-21200000	1.07607	0.74861	0.121669	0.0535397
chr10-109200000-109300000	0.347682	0.618862	0.245	0.0550382
chr10-16600000-16700000	1.29929	0.581467	0.168817	0.0585245
chr10-109300000-109400000	0.049326	-0.016577	0.440906	0.0517364
chr10-30500000-30600000	0.963698	-0.745571	-0.491451	0.0566476
chr10-29100000-29200000	0.84701	-0.572037	-0.700302	0.0560375
chr10-21300000-21400000	1.06884	0.888722	-0.219518	0.0549544
chr10-69600000-69700000	0.155475	-0.560286	-0.437756	0.0545396
chr10-65600000-65700000	-0.135185	0.185646	-0.607574	0.0560594
chr10-109400000-109500000	-0.076838	0.67284	0.625115	0.055627
chr10-121200000-121300000	0.152853	-0.443784	1.09365	0.0583799
chr10-71800000-71900000	0.002237	-0.527018	0.576673	0.0636079
chr10-20800000-20900000	1.3252	0.633811	-0.546309	0.0569467
chr10-8100000-8200000	0.822112	0.870373	-0.328022	0.0577748
chr10-60400000-60500000	-0.019804	-0.531015	-0.340476	0.0561894
chr10-97600000-97700000	0.367626	0.352462	0.970562	0.0534485
chr10-500000-600000	1.38646	-0.042216	-0.304366	0.0650424
chr10-109500000-109600000	0.40356	0.60121	0.084106	0.0547414
chr10-1300000-1400000	1.05336	0.999603	-0.027008	0.0581395
chr10-42400000-42500000	0.354593	0.980818	-0.120631	0.0750197
chr10-11400000-11500000	1.44665	0.439531	-0.558723	0.0616776
chr10-120100000-120200000	0.171891	0.672779	0.779677	0.0550467
chr10-109700000-109800000	-0.383446	0.308414	0.60321	0.0550835
chr10-35400000-35500000	0.906099	-0.547367	-0.525324	0.0548828
chr10-109900000-110000000	0.394891	0.990684	0.419779	0.0543075
chr10-134300000-134400000	0.309775	-0.880903	0.88158	0.0656349
chr10-91500000-91600000	0.811222	-0.235358	0.77538	0.0536994
chr10-73100000-73200000	0.290416	-0.493774	0.233803	0.0629903
chr10-3300000-3400000	1.60847	0.102764	0.281174	0.0597187
chr10-68400000-68500000	0.263668	-0.069045	-0.172717	0.0535721
chr10-1100000-1200000	1.0948	0.684409	-0.253596	0.0625767
chr10-20000000-20100000	0.850414	-0.107383	-0.822313	0.0535579
chr10-19800000-19900000	1.61055	0.046974	0.112878	0.0530893
chr10-33300000-33400000	1.10825	-0.677704	-0.462654	0.0595104
chr10-119700000-119800000	0.284726	0.650696	0.668023	0.05597
chr10-11000000-11100000	1.20009	0.258339	-0.03686	0.0570042
chr10-27300000-27400000	1.34319	0.393924	-0.424132	0.0517424
chr10-94100000-94200000	1.19015	-0.185659	1.24985	0.0545135
chr10-131400000-131500000	-0.577453	-0.38612	0.717586	0.0613661
chr10-110000000-110100000	-0.245522	0.697686	0.569941	0.0520495
chr10-66600000-66700000	-0.290785	0.93035	-0.126177	0.0511828
chr10-110100000-110200000	0.459108	0.606226	0.407105	0.0543321
chr10-110200000-110300000	-0.236384	0.715988	0.603031	0.0544701
chr10-2400000-2500000	0.8552	1.22807	-0.007247	0.0572006
chr10-66400000-66500000	-0.244328	0.279691	-0.598459	0.0540136
chr10-110300000-110400000	0.479849	0.885272	0.559535	0.0538361
chr10-45800000-45900000	-0.470634	0.822005	-0.358206	0.0537521
chr10-119400000-119500000	0.348005	0.290945	1.10358	0.057117
chr10-29700000-29800000	1.56567	-0.911389	-0.557946	0.0571976
chr10-61200000-61300000	0.134138	0.589625	-0.014019	0.0557768
chr10-118000000-118100000	0.364245	0.501504	0.892305	0.0573212
chr10-110400000-110500000	0.414234	0.311464	1.00488	0.0544647
chr10-118300000-118400000	0.054417	-0.003022	0.532632	0.0573067
chr10-124300000-124400000	-0.215404	-0.018467	1.25813	0.0576639
chr10-128500000-128600000	0.177816	-0.417056	1.1705	0.0611545
chr10-110500000-110600000	0.108047	0.036521	0.403819	0.0539632
chr10-86000000-86100000	-0.174666	-0.724157	0.335267	0.0573699
chr10-132400000-132500000	-0.390941	0.264116	1.19694	0.0581556
chr10-56100000-56200000	-0.385239	0.571942	0.020383	0.0501288
chr10-50600000-50700000	-0.362532	-0.513899	-0.392095	0.0610259
chr10-110600000-110700000	0.608774	0.519074	0.621756	0.0527602
chr10-20700000-20800000	0.656612	0.802377	-0.726435	0.0539738
chr10-82400000-82500000	0.006969	-0.046537	0.464148	0.0582804
chr10-86400000-86500000	0.371249	0.774769	0.493844	0.057414
chr10-73700000-73800000	0.074176	-1.17998	-0.118033	0.0628679
chr10-62200000-62300000	-0.474907	0.097915	-0.172463	0.0534549
chr10-122500000-122600000	0.511438	0.644742	0.606192	0.0578746
chr10-122700000-122800000	-0.081905	0.048836	0.544878	0.0561727
chr10-28700000-28800000	1.30895	-0.198546	-0.846009	0.0563197
chr10-110700000-110800000	-0.082334	0.698143	0.772434	0.0538613
chr10-30200000-30300000	1.50891	-0.635442	-0.024578	0.0607774
chr10-110800000-110900000	0.59833	0.609134	1.01981	0.0572369
chr10-112400000-112500000	0.211077	-0.308625	0.716926	0.0599352
chr10-132200000-132300000	0.337879	0.290362	1.11285	0.0588844
chr10-117000000-117100000	-0.031452	0.088535	0.482748	0.0509623
chr10-117800000-117900000	0.326401	0.139501	1.1094	0.0617607
chr10-131000000-131100000	-0.423328	0.038657	0.928012	0.0567917
chr10-81200000-81300000	0.341327	-0.88649	0.099881	0.0610952
chr10-92200000-92300000	0.554905	0.167465	-0.05864	0.0564403
chr10-131800000-131900000	-0.33477	-0.081497	1.07611	0.0594417
chr10-110900000-111000000	0.075518	0.700765	0.522774	0.0553069
chr10-24200000-24300000	0.696034	0.254123	-0.893528	0.0550512
chr10-117300000-117400000	0.278009	0.390571	1.03173	0.0524966
chr10-77800000-77900000	0.129719	-0.342757	-0.197376	0.0602911
chr10-11100000-11200000	0.958872	0.111617	-0.703771	0.0592988
chr10-122200000-122300000	0.393032	0.545596	0.815486	0.0583113
chr10-23500000-23600000	0.986782	0.962917	-0.604652	0.0553692
chr10-74600000-74700000	-0.041191	-0.907916	-0.103868	0.0566074
chr10-58000000-58100000	-0.504995	0.150097	-0.010003	0.0529721
chr10-49200000-49300000	-1.16917	-0.646918	-0.982296	0.0355224
chr10-27600000-27700000	1.41565	-0.210267	-0.768091	0.0532036
chr10-111000000-111100000	0.284095	0.332191	1.09739	0.0552469
chr10-56700000-56800000	-0.549947	0.144959	-0.110101	0.0520657
chr10-30100000-30200000	1.13183	-0.686101	-0.602071	0.0603179
chr10-125600000-125700000	-0.064268	0.023844	0.521409	0.0599848
chr10-29200000-29300000	1.33245	-0.834219	-0.32376	0.0579494
chr10-25500000-25600000	0.663364	0.37293	-0.723682	0.0536135
chr10-129800000-129900000	0.337005	0.196774	1.14961	0.0613663
chr10-65100000-65200000	0.354753	-1.03316	-0.20019	0.0540074
chr10-111200000-111300000	0.404091	0.59828	0.305229	0.0548467
chr10-89000000-89100000	0.3771	1.89483	1.07906	0.0355224
chr10-92300000-92400000	0.779035	0.402692	0.571035	0.0555956
chr10-61000000-61100000	0.047655	0.360502	-0.50866	0.0574725
chr10-81800000-81900000	0.650543	0.094458	0.713057	0.0493325
chr10-119900000-120000000	-0.401405	0.409035	0.857181	0.0566921
chr10-63400000-63500000	0.098867	-0.316511	-0.346622	0.0518016
chr10-29300000-29400000	0.799067	-0.678883	-0.745216	0.0586496
chr10-78100000-78200000	0.522184	-0.554098	0.225415	0.0585948
chr10-9900000-10000000	0.799937	0.205897	-0.808485	0.0534339
chr10-111400000-111500000	-0.27555	0.63382	0.737092	0.0588233
chr10-62700000-62800000	0.359164	0.31325	-0.088808	0.0519192
chr10-11200000-11300000	1.09211	0.18658	-0.001438	0.0603416
chr10-55100000-55200000	-0.442588	0.299386	0.006382	0.0511804
chr10-111500000-111600000	0.272408	0.288739	1.07605	0.0570093
chr10-47000000-47100000	-0.106055	0.079753	-0.765198	0.0920379
chr10-111600000-111700000	0.380431	-0.413554	0.845795	0.0601483
chr10-130600000-130700000	-0.305585	0.246613	0.709997	0.0598419
chr10-4400000-4500000	1.37144	-0.528888	-0.053366	0.0558581
chr10-121000000-121100000	0.593005	0.037704	1.30542	0.0661799
chr10-21400000-21500000	0.745132	0.500674	-0.731634	0.0566811
chr10-89800000-89900000	0.236867	-0.476556	-0.141745	0.0598473
chr10-25700000-25800000	0.628758	0.378478	-0.715029	0.0553914
chr10-25600000-25700000	0.813249	0.930692	-0.304722	0.0546878
chr10-111800000-111900000	0.463113	-0.119766	1.12343	0.0546616
chr10-111900000-112000000	0.908051	-0.262551	0.576321	0.0554926
chr10-50000000-50100000	-0.015193	0.364451	-0.501291	0.0624898
chr10-112000000-112100000	0.426767	-0.655407	0.230618	0.0544669
chr10-21600000-21700000	1.58185	0.448107	-0.450425	0.0547527
chr10-43000000-43100000	-0.198478	0.995069	-0.067845	0.0522025
chr10-128000000-128100000	0.472816	-0.42405	0.290222	0.0583942
chr10-73800000-73900000	0.588457	-0.710361	0.038198	0.0586242
chr10-112100000-112200000	0.687456	-0.50142	0.869136	0.0613445
chr10-130500000-130600000	0.305543	0.461667	1.00231	0.0600983
chr10-97100000-97200000	0.380097	0.587555	0.216278	0.0607991
chr10-59100000-59200000	-0.196976	0.854448	-0.198616	0.0514385
chr10-5700000-5800000	0.97557	0.030868	-0.166571	0.0551006
chr10-51100000-51200000	-0.338441	-0.125582	-1.8981	0.0374322
chr10-123100000-123200000	-0.325577	0.051284	0.87456	0.0557303
chr10-112200000-112300000	0.9467	0.010943	1.21004	0.0579412
chr10-1500000-1600000	1.52505	0.86573	-0.275216	0.0597207
chr10-33800000-33900000	0.992509	-0.002701	-0.198624	0.0567796
chr10-26100000-26200000	0.797834	0.740937	-0.515371	0.0556908
chr10-112300000-112400000	0.925934	-0.390805	0.621437	0.0559611
chr10-80400000-80500000	-0.120256	-0.800429	0.446028	0.0615429
chr10-50300000-50400000	0.134026	0.284358	-0.50909	0.0617721
chr10-120200000-120300000	-0.008458	-0.002428	0.577161	0.0578817
chr10-74300000-74400000	0.156148	-1.11468	-0.337245	0.0562945
chr10-112600000-112700000	0.73371	-0.1962	0.493324	0.0556704
chr10-112700000-112800000	0.59768	0.501459	0.421268	0.0532295
chr10-66900000-67000000	-0.001256	-0.069796	-0.393802	0.0511195
chr10-112900000-113000000	-0.262998	0.324857	1.22123	0.0577826
chr10-71200000-71300000	-0.175535	-0.810465	0.308426	0.0599988
chr10-114300000-114400000	0.207349	-0.436904	0.69366	0.0585235
chr10-19300000-19400000	0.974819	-0.483869	-0.570253	0.053591
chr10-60300000-60400000	0.207813	0.142765	-0.323674	0.0597163
chr10-33600000-33700000	1.23889	-0.842477	-0.26727	0.0595365
chr10-68300000-68400000	-0.40381	0.059948	0.078646	0.0526617
chr10-11300000-11400000	1.40983	0.83717	0.031354	0.0602721
chr10-4800000-4900000	0.83097	0.076353	-0.592273	0.0572651
chr10-114800000-114900000	0.815996	-0.222037	0.647181	0.0594491
chr10-16300000-16400000	0.792795	0.713479	-0.399443	0.0562607
chr10-29000000-29100000	1.25866	-0.770864	-0.194267	0.0547994
chr10-114400000-114500000	0.496504	0.035775	1.14808	0.0589089
chr10-78200000-78300000	0.060337	-0.228466	-0.200611	0.0561211
chr10-25800000-25900000	1.08869	0.154579	-0.219584	0.0530303
chr10-133800000-133900000	-0.056804	0.040822	1.30726	0.0589959
chr10-113000000-113100000	-0.149132	-0.023475	0.60146	0.0573426
chr10-135200000-135300000	-0.22119	-0.628614	0.877776	0.0589799
chr10-57800000-57900000	0.056036	0.364111	-0.511317	0.0544628
chr10-26000000-26100000	1.51698	0.629146	-0.54989	0.0543942
chr10-17700000-17800000	1.89094	0.569103	-0.278845	0.0556504
chr10-113100000-113200000	0.317252	0.299935	1.04434	0.0574937
chr10-54400000-54500000	-0.480682	0.534111	-0.263912	0.0532326
chr10-29400000-29500000	1.41943	-0.537876	-0.452713	0.060877
chr10-113200000-113300000	-0.152089	0.694993	0.666912	0.0589132
chr10-85200000-85300000	-0.337598	0.553158	0.084726	0.0541331
chr10-25100000-25200000	1.38311	-0.1051	-0.501704	0.054421
chr10-23600000-23700000	0.920306	0.255826	-0.832381	0.055325
chr10-55200000-55300000	-0.33621	0.587661	-0.658038	0.0529888
chr10-48000000-48100000	-1.54567	-0.626207	0.251416	0.0355224
chr10-33000000-33100000	0.708353	0.030025	-1.05686	0.058448
chr10-26300000-26400000	1.30767	0.612179	-0.600936	0.057324
chr10-113300000-113400000	-0.411542	0.071635	0.91205	0.0563073
chr10-113400000-113500000	0.002129	0.603349	0.636816	0.0565054
chr10-115200000-115300000	0.395824	0.204087	1.09332	0.0582301
chr10-116000000-116100000	0.265827	-0.698026	0.729875	0.0599739
chr10-12200000-12300000	1.51521	0.00609	0.199492	0.0565049
chr10-18800000-18900000	1.36901	0.147137	-0.340644	0.0582506
chr10-113600000-113700000	0.044014	0.717762	0.501079	0.0553995
chr10-135400000-135500000	-0.681664	-0.506867	1.44829	0.0607471
chr10-85600000-85700000	0.177017	0.570156	0.058507	0.0588793
chr10-53800000-53900000	-0.441686	0.145456	0.010794	0.0559208
chr10-113500000-113600000	0.72333	0.584131	0.679584	0.0560337
chr10-22200000-22300000	1.30437	0.522163	-0.539656	0.0541699
chr10-44800000-44900000	0.148844	-0.299921	-0.353526	0.0591073
chr10-133700000-133800000	-0.167212	-0.651092	1.24895	0.0600698
chr10-20200000-20300000	1.36759	0.413775	-0.015061	0.0561228
chr10-113700000-113800000	-0.479855	0.302832	0.763668	0.0577315
chr10-32900000-33000000	1.38107	-0.074928	-0.888373	0.059011
chr10-113900000-114000000	0.277874	0.526743	0.401846	0.0591258
chr10-65400000-65500000	-0.238101	-0.752587	-0.059777	0.0561178
chr10-25200000-25300000	1.58038	-0.173511	0.176226	0.0581059
chr10-25000000-25100000	1.82382	0.150323	-0.031006	0.0537093
chr10-119000000-119100000	-0.226908	0.018636	0.867091	0.0576314
chr10-65500000-65600000	-0.491608	-0.076056	0.001996	0.0542434
chr10-81000000-81100000	0.413963	-0.654854	0.120072	0.0654869
chr10-114000000-114100000	0.76977	0.083019	0.653051	0.0572805
chr10-114100000-114200000	0.075447	-0.088398	0.540019	0.057359
chr10-124500000-124600000	0.170139	0.383621	1.20877	0.0600037
chr10-128100000-128200000	0.531252	-0.223149	0.971738	0.0619517
chr10-28500000-28600000	0.984623	0.035041	-0.274374	0.0539331
chr10-91000000-91100000	1.16938	-0.195247	0.818347	0.0573726
chr10-114500000-114600000	0.309587	-0.631721	0.969018	0.0606486
chr10-114600000-114700000	0.716417	-0.096593	1.25576	0.0608468
chr10-53000000-53100000	0.047093	0.252804	-0.562367	0.0565194
chr10-123700000-123800000	-0.031794	-0.238941	1.59994	0.0566393
chr10-126300000-126400000	0.618526	-0.342221	1.26599	0.0631112
chr10-46200000-46300000	-0.418444	0.175216	-1.41476	0.0365907
chr10-4300000-4400000	0.905181	-0.583806	-0.580178	0.0617124
chr10-114700000-114800000	0.285205	-0.574346	0.903909	0.0625046
chr10-127300000-127400000	0.286046	-0.568639	1.02443	0.0597182
chr10-15700000-15800000	1.73749	0.359026	-0.199877	0.0572879
chr10-64700000-64800000	0.03791	-0.734964	0.086054	0.0540358
chr10-15400000-15500000	1.63151	0.107023	0.215954	0.0558066
chr10-114900000-115000000	0.462031	0.255443	1.0668	0.0587111
chr10-64000000-64100000	0.435167	-0.546014	-0.056215	0.0547999
chr10-11500000-11600000	1.52595	0.245599	0.142144	0.0589549
chr10-33500000-33600000	0.797976	-0.358662	-0.588109	0.0582615
chr10-121100000-121200000	0.850048	-0.490095	0.927725	0.0630415
chr10-115100000-115200000	0.068382	-0.103003	0.528947	0.0607688
chr10-13600000-13700000	1.28576	-0.01371	-0.425604	0.0585373
chr10-115300000-115400000	0.023184	0.006125	0.498948	0.059658
chr10-73000000-73100000	-0.387571	-0.5673	-0.000837	0.0612097
chr10-59500000-59600000	-0.422003	0.484717	-0.331267	0.0526016
chr10-121500000-121600000	0.764301	-0.122707	0.693142	0.0591343
chr10-80500000-80600000	0.287109	-0.231095	0.437091	0.0626298
chr10-33400000-33500000	1.32175	-0.371623	-1.06771	0.0582053
chr10-115500000-115600000	0.306668	-0.275974	0.595903	0.0527606
chr10-5600000-5700000	1.2801	0.609214	0.133924	0.058015
chr10-23100000-23200000	1.42434	0.627956	-0.048504	0.0555874
chr10-76400000-76500000	0.130939	-1.06214	0.386286	0.0566142
chr10-124400000-124500000	-0.397894	0.512057	0.802021	0.0595264
chr10-69000000-69100000	0.15878	0.634318	0.083967	0.055093
chr10-115600000-115700000	0.340164	0.198275	1.13032	0.0558702
chr10-129600000-129700000	-0.257509	-0.034526	0.936554	0.0590837
chr10-87600000-87700000	0.228146	0.627001	0.265538	0.0594043
chr10-25400000-25500000	1.3379	0.6041	-0.592863	0.0547595
chr10-19900000-20000000	1.52073	0.022897	-0.607005	0.0545842
chr10-9600000-9700000	1.38375	0.35604	-0.559449	0.0527187
chr10-115700000-115800000	0.773689	0.04044	0.591904	0.0592178
chr10-124100000-124200000	0.095423	-0.121	0.465207	0.0593488
chr10-119300000-119400000	-0.189286	0.566824	0.735025	0.0597235
chr10-115900000-116000000	0.738914	-0.154689	0.744194	0.0544233
chr10-116200000-116300000	0.339894	-0.665576	0.434551	0.061043
chr10-6500000-6600000	1.17989	0.324844	-0.385295	0.0581493
chr10-116500000-116600000	0.875525	0.205102	0.745291	0.056335
chr10-13200000-13300000	1.53715	-0.004417	-0.552465	0.0562095
chr10-127100000-127200000	0.381233	-0.516307	0.987111	0.0585674
chr10-134100000-134200000	0.419486	-0.900065	1.1205	0.0611686
chr10-79000000-79100000	0.20823	-0.444316	-0.191086	0.0631167
chr10-5300000-5400000	1.28971	0.167637	0.534821	0.0593692
chr10-130100000-130200000	-0.450279	-0.020891	0.645733	0.0581892
chr10-71000000-71100000	-0.344242	-0.61983	0.134307	0.0599079
chr10-60200000-60300000	0.107769	-0.556803	-0.430391	0.0546304
chr10-88200000-88300000	0.703917	0.466744	0.56529	0.0548356
chr10-9500000-9600000	0.82505	0.827036	-0.509604	0.0526945
chr10-4500000-4600000	1.64024	0.091853	0.137875	0.0558252
chr10-116700000-116800000	0.086831	-0.056885	0.369449	0.0562424
chr10-88300000-88400000	0.189822	-0.023234	0.694592	0.0558657
chr10-116900000-117000000	0.015531	0.749354	0.765396	0.0523156
chr10-46700000-46800000	-0.418364	0.176245	-1.41749	0
chr10-11700000-11800000	1.65996	0.073957	0.187582	0.0573271
chr10-117100000-117200000	0.375292	0.693271	0.455686	0.0500323
chr10-118100000-118200000	0.048951	0.029405	0.431638	0.0539054
chr10-133100000-133200000	0.051254	-0.002645	0.576911	0.0570365
chr10-67500000-67600000	-0.502316	0.279653	0.071402	0.052162
chr10-83800000-83900000	0.184758	0.621558	0.054737	0.056822
chr10-67100000-67200000	-0.049661	-0.190738	-0.335631	0.0535671
chr10-117200000-117300000	-0.30744	0.574917	0.65858	0.0514786
chr10-53700000-53800000	-0.105849	-0.281064	-0.473204	0.057548
chr10-31200000-31300000	1.22068	-0.958831	-0.281558	0.0576718
chr10-95400000-95500000	1.02668	0.628765	0.736484	0.0554913
chr10-22400000-22500000	0.825745	0.793175	-0.515866	0.0557509
chr10-24500000-24600000	1.34063	0.37995	-0.497443	0.0554964
chr10-117500000-117600000	0.694362	0.317514	0.599295	0.0551015
chr10-117700000-117800000	0.037393	-0.032992	0.486056	0.0588009
chr10-7500000-7600000	1.37896	0.662186	-0.50117	0.0594155
chr10-117900000-118000000	0.868038	0.04977	0.667487	0.063346
chr10-13000000-13100000	1.402	-0.472145	0.241481	0.0590032
chr10-11800000-11900000	1.62029	-0.229338	-0.473483	0.0591257
chr10-95800000-95900000	0.220009	-0.106422	0.4091	0.0601964
chr10-2000000-2100000	0.689203	0.88325	-0.430848	0.0565287
chr10-50700000-50800000	-0.400181	0.117516	-0.735015	0.0593086
chr10-118200000-118300000	-0.189498	0.664922	0.706737	0.0545383
chr10-63800000-63900000	0.298478	-0.44781	-0.268292	0.0549238
chr10-52600000-52700000	-0.365623	0.050214	-0.000514	0.0546013
chr10-118400000-118500000	0.327636	0.207769	1.17115	0.0603325
chr10-21700000-21800000	1.12748	0.139137	-0.887373	0.055187
chr10-118500000-118600000	-0.017765	0.653619	0.748319	0.0590652
chr10-122100000-122200000	-0.316881	0.557414	0.743761	0.0581574
chr10-132100000-132200000	-0.022004	0.773931	0.741665	0.0601817
chr10-118600000-118700000	0.066795	-0.027517	0.504313	0.0574413
chr10-118900000-119000000	0.407918	0.362587	0.993891	0.0571049
chr10-11900000-12000000	1.56788	-0.074138	0.199242	0.0599034
chr10-23200000-23300000	0.999579	0.565229	-0.613413	0.0535563
chr10-70200000-70300000	-0.053235	-0.930577	0.224234	0.0534467
chr10-25300000-25400000	1.2849	0.475852	0.128333	0.0533044
chr10-119200000-119300000	-0.215412	-0.063132	1.10087	0.0594024
chr10-59600000-59700000	-0.05667	-0.084774	-0.593528	0.0541091
chr10-48500000-48600000	-0.241608	-0.7036	0.021047	0.0617362
chr10-19500000-19600000	0.74425	0.060591	-0.858937	0.052277
chr10-119500000-119600000	-0.213634	0.112936	0.70727	0.0589106
chr10-84300000-84400000	-0.196137	0.708384	0.495683	0.0561343
chr10-56300000-56400000	0.139804	0.536252	-0.146802	0.0504788
chr10-119600000-119700000	0.287015	0.188951	1.20886	0.0571882
chr10-65800000-65900000	0.045611	0.74538	-0.025686	0.0548828
chr10-21800000-21900000	1.68829	0.38266	-0.502337	0.0507241
chr10-72800000-72900000	-0.213329	-0.881537	0.0786	0.0613913
chr10-49900000-50000000	-0.50035	0.502284	0.008682	0.0599418
chr10-1200000-1300000	1.51916	0.596169	0.313582	0.060345
chr10-63100000-63200000	-0.499112	-0.329902	-0.014956	0.0531394
chr10-14800000-14900000	1.51324	-0.443503	0.071955	0.0559391
chr10-18200000-18300000	1.91521	0.784501	-0.30626	0.053864
chr10-6200000-6300000	1.86031	0.109848	-0.084761	0.0578487
chr10-12000000-12100000	1.26364	-0.629553	-0.11563	0.0535442
chr10-61800000-61900000	0.095019	-0.390214	-0.205965	0.0545615
chr10-125800000-125900000	0.437777	-0.462696	1.24174	0.0610014
chr10-81600000-81700000	0.327	-1.23355	0.979232	0.0588148
chr10-120000000-120100000	0.102358	0.015582	0.503508	0.0592158
chr10-92600000-92700000	0.918953	-0.153215	0.625187	0.0569027
chr10-71700000-71800000	-0.460469	-0.488495	0.04111	0.0584692
chr10-59700000-59800000	-0.326759	-0.041405	0.072407	0.0533406
chr10-120300000-120400000	0.429606	-0.318502	1.06143	0.0612786
chr10-17300000-17400000	1.05772	0.035681	-0.185704	0.0547973
chr10-17800000-17900000	2.33602	0.991117	-0.503429	0.0355224
chr10-51800000-51900000	-0.110809	-0.307577	-1.21683	0.0469738
chr10-120500000-120600000	0.4736	-0.325676	1.10273	0.0606956
chr10-62600000-62700000	0.380573	-0.317026	0.242851	0.0605687
chr10-120700000-120800000	0.602884	-0.34871	1.06892	0.0594131
chr10-122300000-122400000	0.067447	-0.006333	0.505298	0.0591393
chr10-1600000-1700000	1.47342	0.523082	0.350829	0.057809
chr10-87800000-87900000	-0.299452	0.638952	0.612749	0.0614327
chr10-94800000-94900000	0.621176	-0.089267	0.794688	0.0574579
chr10-21200000-21300000	1.32343	0.227475	-0.319903	0.0544375
chr10-43800000-43900000	-0.423595	-0.614927	-0.100243	0.0590831
chr10-36800000-36900000	0.823653	0.062132	-0.866044	0.0524492
chr10-132600000-132700000	-0.318809	-0.252557	0.840489	0.0580924
chr10-120800000-120900000	0.229539	-0.902887	0.844744	0.0549135
chr10-8200000-8300000	1.24179	0.423518	0.025883	0.0585982
chr10-120900000-121000000	0.729728	-0.641104	1.28111	0.0564215
chr10-72500000-72600000	-0.421638	-0.586406	-0.011238	0.0596287
chr10-12100000-12200000	1.63079	-0.147174	-0.487664	0.0557972
chr10-123400000-123500000	0.175749	0.217726	1.10082	0.0570139
chr10-85700000-85800000	-0.375349	0.642394	0.533892	0.0582544
chr10-18700000-18800000	1.29761	0.757068	0.037565	0.0558292
chr10-78000000-78100000	0.044177	-0.3605	-0.278213	0.0571777
chr10-2300000-2400000	1.24325	0.631739	0.108846	0.0555243
chr10-121300000-121400000	0.400081	-0.747344	0.488152	0.0556744
chr10-121400000-121500000	0.475739	-0.56725	1.17856	0.058489
chr10-135000000-135100000	-0.650109	-0.114537	1.40951	0.0584824
chr10-121700000-121800000	-0.239448	-0.013542	0.819963	0.0569599
chr10-132300000-132400000	-0.0946	0.78343	0.82819	0.0568171
chr10-58100000-58200000	-0.164626	0.801077	-0.034572	0.0530024
chr10-23300000-23400000	1.11539	0.030307	-0.128558	0.0552406
chr10-96300000-96400000	0.467754	0.538443	0.405975	0.0529686
chr10-121800000-121900000	0.168561	0.518387	1.06366	0.0573592
chr10-83200000-83300000	-0.124345	0.75668	0.344496	0.0539027
chr10-121900000-122000000	-0.397016	0.07694	1.12431	0.0565787
chr10-58300000-58400000	-0.212554	0.822612	-0.072187	0.0544957
chr10-122000000-122100000	0.004559	-0.046848	0.534164	0.0564397
chr10-122400000-122500000	-0.192634	0.608519	0.738912	0.056788
chr10-65300000-65400000	0.060162	-0.51754	-0.659833	0.0549495
chr10-128400000-128500000	0.733727	-0.054642	0.891811	0.0568998
chr10-89600000-89700000	0.785562	-0.120468	0.030949	0.0543674
chr10-23000000-23100000	1.48353	0.107443	-0.519788	0.0549429
chr10-23700000-23800000	1.06248	0.187078	-0.158419	0.0566367
chr10-83400000-83500000	-0.552174	0.391439	0.704886	0.0534424
chr10-90400000-90500000	0.824665	0.269201	0.547297	0.0525911
chr10-38600000-38700000	0.60066	1.6879	-1.08875	0.0452013
chr10-74500000-74600000	0.609418	-0.790786	-0.377051	0.056389
chr10-32400000-32500000	1.04316	-0.757866	-0.557742	0.055897
chr10-122600000-122700000	0.29167	0.218581	1.16265	0.0555317
chr10-122900000-123000000	-0.367003	0.080629	1.01868	0.0559053
chr10-45700000-45800000	-0.515706	0.173509	-0.068973	0.0558799
chr10-16100000-16200000	0.795316	0.847112	-0.534481	0.0530831
chr10-123000000-123100000	0.327339	0.124298	1.14174	0.0575654
chr10-28600000-28700000	1.58462	-0.295781	-0.173475	0.0539105
chr10-123500000-123600000	0.308122	-0.490046	1.01691	0.0569149
chr10-22700000-22800000	0.756778	0.086107	-0.814502	0.0587086
chr10-17600000-17700000	1.57901	0.204527	0.248738	0.0529806
chr10-79100000-79200000	0.517945	-0.728135	0.356064	0.0638515
chr10-5400000-5500000	1.3307	0.581445	-0.045922	0.0559705
chr10-123800000-123900000	0.330691	-0.368707	1.01065	0.0598736
chr10-123600000-123700000	-0.373285	-0.285084	0.944358	0.0531424
chr10-123900000-124000000	-0.286156	-0.039694	1.17362	0.0635613
chr10-124200000-124300000	0.386043	-0.373103	1.05495	0.0626096
chr10-92800000-92900000	0.986804	-0.149765	0.816597	0.0570724
chr10-43300000-43400000	-0.656004	-0.462037	-0.467138	0.0551799
chr10-124600000-124700000	-0.345958	-0.089901	1.09604	0.058516
chr10-19700000-19800000	1.3862	0.317169	-0.511141	0.0532082
chr10-124700000-124800000	0.139956	-0.096468	0.569126	0.0567957
chr10-126100000-126200000	0.226878	-0.745043	0.848973	0.0561324
chr10-13300000-13400000	1.95419	-0.050542	0.005264	0.056991
chr10-97300000-97400000	0.726544	0.143697	0.606678	0.0608914
chr10-124900000-125000000	0.404022	-0.097131	1.1768	0.0596994
chr10-54600000-54700000	-0.580813	0.318338	-0.201865	0.054271
chr10-9400000-9500000	1.11618	0.703877	0.135596	0.053571
chr10-96800000-96900000	-0.242169	0.722559	0.5992	0.0563939
chr10-12500000-12600000	1.48931	-0.618185	-0.015843	0.0620599
chr10-76200000-76300000	0.187683	-0.698334	-0.436825	0.0544434
chr10-125100000-125200000	0.398421	0.080418	1.10929	0.0599895
chr10-75000000-75100000	0.221557	-0.851138	-0.399841	0.0546219
chr10-20300000-20400000	1.27076	0.556459	-0.721152	0.0559277
chr10-26800000-26900000	0.787541	0.761276	-0.450371	0.051978
chr10-125300000-125400000	-0.322714	0.046274	1.06861	0.0591218
chr10-125700000-125800000	-0.147439	-0.609924	0.877747	0.0576971
chr10-125900000-126000000	0.049714	0.114879	1.30872	0.0620236
chr10-23400000-23500000	1.5428	0.486376	-0.542749	0.0572001
chr10-29600000-29700000	1.62055	-0.361505	-0.107798	0.055595
chr10-126600000-126700000	0.369567	-0.373528	1.19701	0.0588605
chr10-128800000-128900000	0.481672	-0.171813	1.14511	0.0645179
chr10-14500000-14600000	1.09648	-0.609248	-0.46613	0.056978
chr10-26400000-26500000	0.794429	0.914854	-0.227823	0.0555261
chr10-77300000-77400000	-0.526323	-0.108652	0.103861	0.0556416
chr10-79600000-79700000	0.539527	-0.911434	0.255344	0.0644757
chr10-126700000-126800000	0.991079	-0.495475	0.854989	0.0641497
chr10-22000000-22100000	1.40357	0.451411	-0.65791	0.0594068
chr10-34700000-34800000	1.51237	-0.210345	-0.693003	0.0585628
chr10-126800000-126900000	0.329576	-0.641766	1.0086	0.0607323
chr10-126900000-127000000	-0.241576	-0.233349	1.06767	0.059612
chr10-74000000-74100000	-0.042624	-1.3484	0.143216	0.0580995
chr10-127600000-127700000	0.645187	-0.113374	1.25057	0.0605122
chr10-81100000-81200000	-0.294032	-0.653244	0.256954	0.0637134
chr10-127000000-127100000	0.322719	0.152621	1.21253	0.0576419
chr10-128200000-128300000	-0.130691	-0.207716	1.2743	0.0581685
chr10-127200000-127300000	0.039041	-0.080985	0.564171	0.0581818
chr10-38700000-38800000	0.599438	1.68737	-1.08959	0.0925138
chr10-127400000-127500000	-0.324979	-0.504564	0.621381	0.0619969
chr10-15600000-15700000	1.05243	0.218495	-0.171263	0.0560681
chr10-5500000-5600000	1.56112	0.013265	0.328371	0.0608243
chr10-127500000-127600000	0.390827	-0.606	0.768986	0.103841
chr10-80200000-80300000	-0.42282	-0.671033	0.360389	0.0612246
chr10-68100000-68200000	-0.462223	0.381075	0.083183	0.0516728
chr10-46000000-46100000	-0.26471	0.768063	-0.375492	0.0583077
chr10-82100000-82200000	0.260088	0.393654	-0.046837	0.0569851
chr10-20500000-20600000	0.745034	0.5501	-0.719523	0.0543352
chr10-51000000-51100000	-0.237037	-0.008454	-1.192	0.053257
chr10-42600000-42700000	0.152655	1.58709	-0.392714	0.0754452
chr10-24700000-24800000	0.891452	0.070213	-0.335605	0.059294
chr10-127700000-127800000	0.229968	-0.616298	0.962896	0.0609676
chr10-127900000-128000000	0.424066	-0.541013	0.97522	0.0634599
chr10-38000000-38100000	0.673708	0.483896	-0.933118	0.0548802
chr10-16800000-16900000	1.51132	0.007308	-0.54456	0.0582484
chr10-70400000-70500000	-0.072078	-1.08882	0.213952	0.0539387
chr10-12800000-12900000	1.56017	0.09218	-0.290581	0.0626884
chr10-130400000-130500000	-0.25039	0.015832	0.977463	0.0578065
chr10-32200000-32300000	0.720658	-0.851372	-0.799845	0.055108
chr10-128300000-128400000	0.227015	0.378361	1.12642	0.0583882
chr10-135300000-135400000	-0.754487	-0.188925	0.853927	0.0597043
chr10-36100000-36200000	0.732482	-0.380468	-0.841295	0.0581985
chr10-14200000-14300000	1.40175	-0.548741	0.172715	0.0585462
chr10-134800000-134900000	-0.045969	-0.581303	1.46598	0.0577772
chr10-56400000-56500000	-0.485556	0.174945	-0.067413	0.0508134
chr10-30400000-30500000	1.33183	-0.964088	0.054105	0.0585387
chr10-128600000-128700000	0.00176	-0.843105	1.72633	0.0641191
chr10-128700000-128800000	0.595822	-0.521026	1.75945	0.0616082
chr10-82600000-82700000	0.048047	0.705841	0.027487	0.0520691
chr10-128900000-129000000	0.232061	-0.101006	0.487058	0.0654438
chr10-12900000-13000000	1.18651	-0.484555	-0.399512	0.059693
chr10-129700000-129800000	0.292853	-0.501764	1.00455	0.0596028
chr10-131300000-131400000	-0.245395	-0.061745	1.26138	0.0655462
chr10-54500000-54600000	0.028927	0.118784	-0.579335	0.0551499
chr10-36300000-36400000	1.0458	0.009535	-0.189874	0.0567916
chr10-134200000-134300000	-0.245623	-0.755516	1.27179	0.0586729
chr10-67800000-67900000	-0.217498	0.21882	-0.541628	0.0531125
chr10-130200000-130300000	-0.257425	0.086072	1.31059	0.0581132
chr10-130300000-130400000	0.291192	0.48589	1.0636	0.0575869
chr10-93100000-93200000	0.69652	-0.722748	0.562668	0.0577614
chr10-19200000-19300000	0.856814	0.147528	-0.884659	0.0534349
chr10-80000000-80100000	0.28445	-0.456234	-0.103896	0.0628683
chr10-71400000-71500000	0.043197	-0.140467	0.381388	0.0620416
chr10-31800000-31900000	1.14804	-0.845773	-0.221574	0.0583785
chr10-130700000-130800000	-0.05881	-0.159784	1.23915	0.059819
chr10-130900000-131000000	-0.273505	0.664864	0.631998	0.058539
chr10-59200000-59300000	-0.54742	0.246764	-0.021531	0.0513521
chr10-200000-300000	1.63185	-0.085716	0.294324	0.0582918
chr10-31000000-31100000	1.22567	-0.974985	-0.705143	0.0601443
chr10-62300000-62400000	0.083413	-0.343474	-0.214545	0.0527305
chr10-131500000-131600000	-0.145789	-0.259955	1.2654	0.0606129
chr10-131900000-132000000	0.311343	-0.423476	1.0361	0.0595169
chr10-132500000-132600000	-0.730449	0.249782	0.561607	0.0608731
chr10-73300000-73400000	0.243708	-0.849043	0.293594	0.0603061
chr10-68500000-68600000	-0.326738	-0.426247	-0.009197	0.0543914
chr10-132700000-132800000	0.16953	0.107202	1.21116	0.0603372
chr10-132800000-132900000	0.056066	0.680181	0.812497	0.0600809
chr10-132900000-133000000	-0.391295	0.23811	1.1531	0.0598053
chr10-63200000-63300000	0.175516	-0.347005	-0.257788	0.0535107
chr10-3400000-3500000	1.34409	-0.543017	0.273434	0.0595031
chr10-133000000-133100000	0.281242	0.444895	1.07191	0.0589215
chr10-94000000-94100000	1.11062	0.464128	0.955897	0.0545914
chr10-68600000-68700000	-0.379542	0.283224	-0.130796	0.0542518
chr10-60000000-60100000	0.104277	-0.009242	-0.44567	0.0554481
chr10-133300000-133400000	0.228256	0.130843	1.22801	0.0576996
chr10-80100000-80200000	0.241195	-0.723061	0.553992	0.0626367
chr10-133500000-133600000	-0.718947	-0.067293	0.754341	0.0593416
chr10-22800000-22900000	1.39381	0.233816	-0.510953	0.0601495
chr10-74100000-74200000	0.319063	-1.06957	-0.417016	0.0556418
chr10-133600000-133700000	-0.404566	0.038354	1.37407	0.0604919
chr10-81400000-81500000	-0.279297	-1.4728	0.812135	0.0369727
chr10-133900000-134000000	-0.395508	-0.511326	1.01041	0.0599372
chr10-134400000-134500000	-0.182046	-0.493797	1.17312	0.065347
chr10-134900000-135000000	-0.534962	-0.650595	0.987191	0.0611567
chr10-135100000-135200000	-0.306738	-0.678622	1.5721	0.0623006
chr10-80600000-80700000	0.36958	-0.740555	-0.039054	0.0638754
chr10-37700000-37800000	0.727913	0.826801	-0.566831	0.051356
chr10-13700000-13800000	1.08015	-0.672087	-0.352537	0.0607824
chr10-35700000-35800000	0.921023	-0.478396	-0.825033	0.0626357
chr10-37600000-37700000	0.697222	0.150151	-0.746257	0.0508911
chr10-20100000-20200000	0.887904	0.560762	-0.530506	0.0553362
chr10-13800000-13900000	1.55688	-0.525476	0.148871	0.0605789
chr10-13900000-14000000	1.64478	-0.23994	-0.501202	0.0570668
chr10-29900000-30000000	0.990921	-0.810962	-0.467505	0.0601534
chr10-14300000-14400000	1.6055	0.067201	0.436367	0.0599714
chr10-14900000-15000000	1.58365	-0.305567	-0.616881	0.0565002
chr10-74900000-75000000	0.123461	-1.14485	0.229291	0.0538985
chr10-15000000-15100000	1.88036	-0.057859	-0.00587	0.0517035
chr10-15100000-15200000	1.5778	0.415983	-0.436023	0.0546002
chr10-15500000-15600000	1.46156	-0.31702	-0.349482	0.058138
chr10-48300000-48400000	-0.998084	-0.396928	0.218281	0.0595617
chr10-79800000-79900000	0.425207	-0.856285	0.640726	0.0624018
chr10-15200000-15300000	1.80736	0.061231	0.12776	0.0600042
chr10-2700000-2800000	0.784948	1.01774	-0.303699	0.0609426
chr10-15800000-15900000	1.14298	0.327175	-0.604185	0.055997
chr10-15900000-16000000	1.3715	0.726541	-0.018251	0.056397
chr10-16200000-16300000	1.48816	0.784162	-0.379964	0.0547911
chr10-16900000-17000000	1.19526	-0.625529	-0.403498	0.055811
chr10-66100000-66200000	-0.481111	0.150385	-0.09675	0.0537641
chr10-3500000-3600000	1.11794	-0.72874	-0.375088	0.0602159
chr10-22100000-22200000	1.50935	-0.081254	-0.188516	0.0547805
chr10-9300000-9400000	1.14176	0.581355	-0.595641	0.0521429
chr10-93200000-93300000	0.980054	-0.082674	0.628082	0.0560613
chr10-71100000-71200000	0.026598	-0.910642	-0.369658	0.0636778
chr10-600000-700000	1.2863	-0.495595	0.195026	0.066112
chr10-17100000-17200000	1.50821	-0.377525	-0.632522	0.0545833
chr10-17200000-17300000	1.25296	-0.67059	-0.097486	0.0559935
chr10-91100000-91200000	0.596835	-0.50318	1.05632	0.0568009
chr10-53500000-53600000	0.265682	-0.363503	-0.135013	0.0547399
chr10-17500000-17600000	1.0067	0.039602	-0.15768	0.0552786
chr10-17900000-18000000	2.33572	0.989832	-0.504284	0
chr10-1800000-1900000	1.33147	0.359493	0.435703	0.0584565
chr10-36000000-36100000	1.22704	-0.393923	-0.332699	0.0577049
chr10-7800000-7900000	1.53713	0.492745	-0.434292	0.0561864
chr10-18500000-18600000	1.23466	0.11128	-0.156704	0.0567666
chr10-7200000-7300000	0.8421	0.808679	-0.422444	0.0602668
chr10-56500000-56600000	-0.189189	0.8397	-0.029326	0.0508828
chr10-38400000-38500000	0.881673	0.759031	-0.51814	0.051382
chr10-18600000-18700000	0.835812	0.636493	-0.477546	0.0556439
chr10-18900000-19000000	0.798848	-0.035217	-0.765126	0.0521404
chr10-1900000-2000000	1.06309	0.957972	0.174599	0.0564951
chr10-33100000-33200000	1.32673	0.291771	-0.815532	0.0521881
chr10-19100000-19200000	0.837009	0.728737	-0.479112	0.0545177
chr10-19400000-19500000	0.983413	0.12185	-0.187288	0.0530743
chr10-20600000-20700000	1.02293	0.8243	-0.112074	0.0569766
chr10-20900000-21000000	1.10572	0.823253	0.089061	0.0558705
chr10-21900000-22000000	1.39721	-0.257308	-0.54482	0.0579419
chr10-2200000-2300000	0.795596	0.874737	-0.392679	0.0573289
chr10-9000000-9100000	0.785318	0.943557	-0.298654	0.0544991
chr10-22300000-22400000	0.731758	0.204389	-0.893377	0.055548
chr10-800000-900000	1.65294	-0.147334	0.267561	0.0624632
chr10-37300000-37400000	1.29255	0.958149	-0.563096	0.0486887
chr10-22600000-22700000	1.10124	0.07666	-0.188918	0.052747
chr10-22900000-23000000	0.924362	-0.264328	-0.735687	0.0607787
chr10-67900000-68000000	0.209714	0.555819	-0.046012	0.0537406
chr10-23900000-24000000	1.21442	0.796623	0.148517	0.0541904
chr10-6300000-6400000	1.5784	0.399656	0.505618	0.0588459
chr10-24100000-24200000	1.22151	0.735275	-0.804891	0.0550195
chr10-82200000-82300000	-0.02679	-0.108548	0.403783	0.0630061
chr10-73600000-73700000	0.610634	-0.981358	0.255364	0.0591804
chr10-24300000-24400000	1.27634	0.566995	-0.604485	0.0540813
chr10-24900000-25000000	1.46287	-0.142732	-0.557839	0.0573422
chr10-55600000-55700000	-0.265248	-0.220659	-0.177735	0.0528384
chr10-35000000-35100000	1.1798	-0.055422	-0.301767	0.0609692
chr10-2500000-2600000	0.854533	0.701306	-0.488318	0.057509
chr10-75500000-75600000	0.208871	-1.35887	0.064579	0.0619885
chr10-25900000-26000000	0.793206	0.746798	-0.478902	0.053844
chr10-2600000-2700000	1.19758	0.641159	0.139879	0.0585729
chr10-81300000-81400000	-0.254544	-0.813984	0.556673	0.0543282
chr10-68700000-68800000	0.051322	-0.298873	-0.286935	0.0537162
chr10-26200000-26300000	1.19965	0.836088	0.070997	0.0523426
chr10-53100000-53200000	-0.034848	-0.393936	-0.274555	0.0567678
chr10-35800000-35900000	1.51903	-0.113364	-0.629731	0.0612835
chr10-7700000-7800000	1.69158	0.589986	0.266907	0.0557399
chr10-26500000-26600000	1.1286	0.375294	0.102464	0.0560936
chr10-26600000-26700000	0.764979	0.699818	-0.425193	0.0560022
chr10-73400000-73500000	-0.40068	-0.592143	0.188466	0.0625213
chr10-26700000-26800000	1.26411	0.695716	0.069245	0.0585099
chr10-35100000-35200000	0.781357	-0.040578	-0.877995	0.0564246
chr10-4900000-5000000	1.45561	-0.065875	-0.238679	0.0540181
chr10-26900000-27000000	0.810617	0.655336	-1.17585	0.0507496
chr10-27000000-27100000	0.800173	-0.000799	-0.847735	0.0558996
chr10-27400000-27500000	0.93779	0.035665	-0.885102	0.0529292
chr10-98500000-98600000	0.638632	-0.586165	1.18164	0.062712
chr10-27700000-27800000	1.16945	0.47255	-0.753682	0.0540055
chr10-98000000-98100000	-0.208217	0.667608	0.57844	0.0595008
chr10-27800000-27900000	0.746197	-0.088239	-0.866497	0.0550157
chr10-98400000-98500000	0.422518	-0.285442	0.580682	0.058062
chr10-27900000-28000000	1.33492	-0.223228	-0.501629	0.0567031
chr10-28300000-28400000	1.0108	0.040874	-0.23033	0.0558175
chr10-28400000-28500000	1.28049	-0.556667	0.020118	0.0541288
chr10-75800000-75900000	0.183606	-1.02498	-0.410934	0.0580915
chr10-80700000-80800000	-0.203642	-0.836995	0.374548	0.0627175
chr10-28800000-28900000	1.39648	-0.501928	-0.201591	0.0561235
chr10-28900000-29000000	1.30924	-0.754313	-0.881369	0.0556299
chr10-2900000-3000000	0.984172	0.174521	-0.06817	0.0586835
chr10-5100000-5200000	1.37724	0.590516	0.41255	0.0531112
chr10-93500000-93600000	0.560478	-0.784848	0.439453	0.0568573
chr10-48600000-48700000	-0.613517	-0.464098	-0.549581	0.0607882
chr10-300000-400000	1.28969	-0.575647	-0.026329	0.0648227
chr10-30600000-30700000	1.64092	-0.742338	-0.331934	0.0541174
chr10-30700000-30800000	0.973926	-0.846338	-0.596368	0.0559011
chr10-54200000-54300000	0.093185	-0.51722	-0.593015	0.0515194
chr10-98200000-98300000	0.157874	-0.082004	0.480442	0.0596249
chr10-30800000-30900000	1.38424	-1.06968	-0.116249	0.0539984
chr10-30900000-31000000	1.75334	-0.54007	-0.455383	0.0509865
chr10-73500000-73600000	-0.016259	-1.1456	-0.047165	0.0632514
chr10-3100000-3200000	1.64593	0.12725	0.291216	0.0641826
chr10-31400000-31500000	1.4539	-0.567607	-0.638666	0.0601235
chr10-60600000-60700000	-0.279071	-0.294887	-0.007935	0.0557157
chr10-31100000-31200000	1.57811	-0.40572	-0.463969	0.0588767
chr10-57700000-57800000	-0.074141	0.834378	0.032903	0.0523541
chr10-31300000-31400000	0.777762	-0.728156	-0.778484	0.0588605
chr10-3700000-3800000	1.59016	-0.138371	0.287221	0.0621589
chr10-31500000-31600000	0.825633	-0.602024	-0.919432	0.0571476
chr10-31700000-31800000	1.81036	-0.624874	-0.360911	0.0564452
chr10-31600000-31700000	1.13731	-0.767462	-0.287018	0.0535775
chr10-31900000-32000000	0.730524	-0.724903	-0.771677	0.06099
chr10-3200000-3300000	1.72027	-0.290161	-0.30177	0.0612858
chr10-38200000-38300000	0.920149	0.884363	-0.633245	0.0530677
chr10-32000000-32100000	1.13542	-1.06259	-0.313903	0.0581867
chr10-94400000-94500000	1.00917	-0.422458	0.602399	0.0557599
chr10-38300000-38400000	0.922885	0.330085	-1.09068	0.0473456
chr10-32100000-32200000	1.27235	-0.466452	-0.713406	0.0540199
chr10-76500000-76600000	0.019425	-1.24192	-0.292052	0.0554094
chr10-72400000-72500000	0.079269	-0.887786	0.403541	0.0648596
chr10-69500000-69600000	0.150286	0.173288	-0.334756	0.05348
chr10-32300000-32400000	1.20378	-0.431066	-1.12167	0.0527966
chr10-61500000-61600000	0.023604	-0.04331	0.413292	0.0578857
chr10-32800000-32900000	1.00592	0.415249	-1.16328	0.0545232
chr10-51700000-51800000	-0.30242	0.343192	-1.45063	0.0495212
chr10-33200000-33300000	0.804941	-0.16844	-0.871211	0.0536498
chr10-33700000-33800000	0.803129	-0.469749	-0.695294	0.0578784
chr10-33900000-34000000	0.852161	-0.585833	-0.580638	0.0570112
chr10-34000000-34100000	1.36923	-0.109789	-0.4443	0.0600069
chr10-78800000-78900000	0.401116	-0.504583	0.020763	0.0630714
chr10-94200000-94300000	1.05217	0.458574	0.940561	0.0539101
chr10-34200000-34300000	1.37824	-0.062106	-0.614604	0.0541857
chr10-43100000-43200000	-0.530546	0.367691	0.041929	0.0493912
chr10-34300000-34400000	1.07033	-0.642673	-0.356756	0.0617953
chr10-65200000-65300000	0.515852	-0.353606	-0.159484	0.0548435
chr10-34500000-34600000	1.19341	0.157421	-0.376596	0.0600827
chr10-34900000-35000000	0.865272	-0.320655	-0.902567	0.0631043
chr10-35200000-35300000	1.19004	-0.583314	-1.02043	0.0556282
chr10-71300000-71400000	-0.388121	-0.313923	-0.145273	0.0588477
chr10-37200000-37300000	0.636485	0.763783	-0.727367	0.0486914
chr10-35300000-35400000	1.55358	-0.239116	-0.502577	0.0538677
chr10-35500000-35600000	1.48289	-0.233383	-0.795173	0.0567202
chr10-35600000-35700000	1.06469	-0.075446	-0.252935	0.0617245
chr10-35900000-36000000	0.827888	-0.149023	-0.873508	0.0583622
chr10-70300000-70400000	-0.026513	-1.11805	-0.464468	0.0551255
chr10-36200000-36300000	1.24992	0.10945	-0.869523	0.0553409
chr10-36400000-36500000	0.863029	-0.447473	-0.71432	0.055866
chr10-54300000-54400000	0.125559	0.169756	-0.418192	0.0512016
chr10-36500000-36600000	1.46841	-0.162065	-0.479673	0.0551409
chr10-50100000-50200000	-0.514718	0.039296	-0.0948	0.0624985
chr10-4600000-4700000	1.3587	-0.551368	0.161388	0.0574888
chr10-36700000-36800000	1.35628	-0.071358	-0.419068	0.0539918
chr10-90500000-90600000	0.67287	-0.199685	0.075273	0.0566488
chr10-36900000-37000000	0.93077	-0.604399	-0.663177	0.0537983
chr10-44000000-44100000	-0.142528	-0.113507	-0.385874	0.0584831
chr10-37000000-37100000	1.48407	-0.1463	-0.64911	0.0522354
chr10-37100000-37200000	0.845095	0.076158	-0.926273	0.0524219
chr10-64600000-64700000	-0.085246	-0.381104	-0.504614	0.0584514
chr10-37400000-37500000	0.895749	0.888396	-1.15649	0.0469819
chr10-66700000-66800000	0.213296	0.395349	-0.133661	0.0518445
chr10-37800000-37900000	1.13519	0.800414	0.037798	0.0516576
chr10-66300000-66400000	-0.413069	0.550273	0.057181	0.0542534
chr10-37900000-38000000	1.12656	0.9589	-0.648001	0.0539805
chr10-67600000-67700000	0.143798	0.530788	-0.170507	0.0534182
chr10-3800000-3900000	1.29507	-0.702327	-0.057402	0.0602314
chr10-5200000-5300000	1.7309	0.174621	-0.003132	0.0553846
chr10-85400000-85500000	-0.309182	0.479385	0.021044	0.0574905
chr10-70100000-70200000	-0.221987	-0.58666	-0.360596	0.0522081
chr10-38500000-38600000	0.795311	1.00592	-1.17676	0.046861
chr10-50500000-50600000	-0.507072	0.078729	0.002754	0.0601475
chr10-38800000-38900000	0.599197	1.68802	-1.091	0.132265
chr10-38900000-39000000	0.59835	1.68756	-1.08976	0.0408953
chr10-3900000-4000000	1.5711	-0.34563	0.49823	0.0601435
chr10-40700000-40800000	0.363323	1.62289	-0.49389	0
chr10-400000-500000	0.924959	-0.473588	-0.603455	0.0655103
chr10-4000000-4100000	1.19158	-0.70912	0.018194	0.0585809
chr10-4100000-4200000	1.636	-0.24655	0.331108	0.0587887
chr10-55000000-55100000	0.034129	0.860364	0.03195	0.0524963
chr10-42500000-42600000	0.151128	1.58697	-0.392357	0.245157
chr10-55400000-55500000	-0.019017	0.85774	-0.152739	0.0485055
chr10-42700000-42800000	0.153265	1.58564	-0.392705	0.108443
chr10-62000000-62100000	-0.54755	-0.072471	-0.183713	0.0549997
chr10-42800000-42900000	-0.281712	0.982987	-0.403257	0.0801685
chr10-42900000-43000000	-0.607573	0.427865	-0.07868	0.0499033
chr10-69800000-69900000	0.268978	-0.469177	-0.321004	0.0531581
chr10-8800000-8900000	0.849607	0.951302	-0.320688	0.0548137
chr10-43200000-43300000	-0.126027	0.031806	-0.432397	0.0541589
chr10-52400000-52500000	-0.755642	-0.242176	-0.726456	0.0545136
chr10-43500000-43600000	0.15735	0.396026	-0.183641	0.0603092
chr10-43600000-43700000	0.011915	-0.306637	-0.306954	0.0587791
chr10-90000000-90100000	0.756437	-0.20922	0.62985	0.0551859
chr10-43900000-44000000	-0.319562	-0.672618	-0.803294	0.0541274
chr10-44400000-44500000	0.000536	-0.352492	-0.593059	0.0602091
chr10-44600000-44700000	-0.330019	-0.57482	-0.259273	0.0589494
chr10-66500000-66600000	-0.576271	0.290724	0.056992	0.0511786
chr10-62100000-62200000	0.109571	-0.347301	-0.20956	0.0552485
chr10-44700000-44800000	-0.381009	-0.125763	-0.79633	0.0578674
chr10-53600000-53700000	0.280465	0.320328	-0.315891	0.0566087
chr10-44900000-45000000	-0.306831	-0.8129	-0.124308	0.0582549
chr10-58500000-58600000	0.145111	0.427412	-0.337452	0.0531183
chr10-45000000-45100000	-0.199837	-0.180199	-0.420987	0.0590874
chr10-61600000-61700000	0.099526	-0.384426	-0.218249	0.0573086
chr10-45200000-45300000	0.176133	-0.683319	-0.673175	0.0574339
chr10-52300000-52400000	-0.051056	-0.318699	-0.55959	0.0584078
chr10-45900000-46000000	-0.510978	0.110003	-0.338967	0.0622079
chr10-46100000-46200000	-0.556023	0.304412	-0.835106	0.0555533
chr10-60100000-60200000	-0.471845	-0.27895	-0.093045	0.0556628
chr10-46600000-46700000	-0.418029	0.176149	-1.41596	0
chr10-86300000-86400000	-0.252846	0.418596	0.568682	0.0575775
chr10-95300000-95400000	0.449771	0.382501	1.04313	0.0592582
chr10-46900000-47000000	-0.417106	0.176726	-1.4183	0.0858177
chr10-47100000-47200000	-0.429228	-0.366963	-0.307654	0.0945175
chr10-74700000-74800000	0.595849	-0.990752	0.150606	0.0562819
chr10-56800000-56900000	-0.223609	0.804779	-0.201019	0.0528931
chr10-47300000-47400000	-1.04843	-0.507694	-0.628593	0.0355224
chr10-47600000-47700000	-0.937636	-0.464432	0.07966	0.055292
chr10-47700000-47800000	-1.54582	-0.627767	0.251275	0.0622356
chr10-79900000-80000000	-0.191832	-0.645605	0.389288	0.0626785
chr10-48800000-48900000	-1.16781	-0.645977	-0.979711	0.0355224
chr10-48900000-49000000	-1.16878	-0.646265	-0.980917	0.0355224
chr10-49400000-49500000	-0.692596	-0.379061	-0.620659	0.0618672
chr10-49600000-49700000	0.227192	-0.333065	-0.221225	0.059138
chr10-50400000-50500000	-0.424076	0.69218	-0.307979	0.0586157
chr10-50900000-51000000	-0.586437	0.341422	-0.662577	0.0595229
chr10-700000-800000	1.61302	-0.363662	-0.385033	0.0667383
chr10-68000000-68100000	-0.042372	-0.102254	-0.265862	0.0528765
chr10-51200000-51300000	-0.338585	-0.126133	-1.89957	0
chr10-88100000-88200000	0.078983	0.702487	0.850526	0.0591523
chr10-93600000-93700000	1.12441	-0.836831	0.819635	0.0560053
chr10-51400000-51500000	-0.337584	-0.127344	-1.89964	0.060339
chr10-70000000-70100000	0	0	0	0.0564438
chr10-98600000-98700000	0.631321	-0.693832	0.4544	0.0565471
chr10-98700000-98800000	0.899896	-0.141816	0.729223	0.0602144
chr10-52000000-52100000	-0.112865	-0.309794	-1.21754	0.0605477
chr10-52500000-52600000	-0.255845	0.305065	-0.654957	0.0576273
chr10-89300000-89400000	0.69413	0.833344	0.723893	0.0569296
chr10-52700000-52800000	0.035135	-0.351516	-0.482379	0.056162
chr10-52800000-52900000	0.242301	0.270241	-0.161853	0.0562264
chr10-52900000-53000000	0.043149	-0.406388	-0.293532	0.0579553
chr10-53200000-53300000	0.193428	0.298255	-0.264317	0.0548331
chr10-53300000-53400000	-0.33011	-0.107535	-0.002656	0.0570759
chr10-53900000-54000000	0.09162	0.353804	-0.429848	0.0564298
chr10-54100000-54200000	-0.361071	-0.235771	-0.137752	0.0526761
chr10-87000000-87100000	0.027956	0.019431	0.417325	0.0561381
chr10-54900000-55000000	-0.056034	0.48805	-0.591933	0.0524386
chr10-68800000-68900000	0.199012	0.187573	0.234448	0.0537022
chr10-55500000-55600000	-0.029417	0.30572	-0.630031	0.0518625
chr10-55700000-55800000	-0.562578	0.444585	-0.241599	0.054031
chr10-55800000-55900000	0.095002	0.752453	-0.144633	0.0522445
chr10-95000000-95100000	1.04287	0.14106	0.777629	0.0592834
chr10-55900000-56000000	-0.493123	0.330077	-0.143202	0.051242
chr10-56200000-56300000	-0.318438	0.282161	-0.654603	0.0512143
chr10-87400000-87500000	0.06203	0.902529	0.115021	0.0601436
chr10-56600000-56700000	-0.047086	0.391861	-0.59224	0.0533118
chr10-56900000-57000000	-0.524	0.164735	-0.029647	0.0527151
chr10-57000000-57100000	0.127087	0.365847	-0.297191	0.0537229
chr10-57300000-57400000	-0.348823	0.884378	-0.112837	0.0514814
chr10-57400000-57500000	-0.520923	0.1797	-0.037386	0.0543384
chr10-57600000-57700000	-0.425408	0.191806	0.107933	0.0518882
chr10-57900000-58000000	-0.204891	0.811041	-0.00212	0.0515024
chr10-72200000-72300000	-0.041309	-1.12234	0.311004	0.0593315
chr10-5800000-5900000	1.52025	0.279508	0.191798	0.0559095
chr10-58600000-58700000	-0.527131	0.406894	-0.030453	0.0545036
chr10-58700000-58800000	0.135773	0.680816	-0.131753	0.0536851
chr10-67200000-67300000	-0.533024	0.328193	-0.143615	0.0514292
chr10-58800000-58900000	-0.581315	0.742891	-0.033701	0.0539492
chr10-58900000-59000000	-0.048334	0.559347	-0.507538	0.0505033
chr10-5900000-6000000	1.63716	-0.417854	0.198572	0.0605489
chr10-99900000-100000000	0.221682	-0.230778	0.592726	0.0555371
chr10-59000000-59100000	-0.296193	0.182927	0.072124	0.0525293
chr10-59300000-59400000	-0.136478	0.422779	-0.597749	0.050686
chr10-66000000-66100000	-0.063828	0.738221	-0.010518	0.0563465
chr10-59400000-59500000	0.200686	0.616598	0.016979	0.0533483
chr10-59800000-59900000	-0.06118	0.50803	-0.334984	0.055907
chr10-6000000-6100000	1.7514	0.174509	-0.17059	0.0591198
chr10-60500000-60600000	0.166841	0.157559	-0.360897	0.0570072
chr10-93800000-93900000	1.01937	-0.732352	0.413294	0.0568136
chr10-71600000-71700000	0.207931	-0.326327	-0.175545	0.0639063
chr10-60700000-60800000	-0.087458	0.123595	-0.58222	0.0560974
chr10-60900000-61000000	-0.441466	0.094315	-0.029894	0.0522887
chr10-61300000-61400000	-0.143629	0.194745	-0.553577	0.0568636
chr10-61900000-62000000	0.046738	0.298506	-0.395098	0.0552203
chr10-62900000-63000000	-0.57733	-0.332354	-0.204706	0.0542975
chr10-63900000-64000000	-0.255244	-0.820466	-0.021288	0.0537664
chr10-6800000-6900000	1.02132	0.826642	-0.132255	0.0581408
chr10-6400000-6500000	1.23996	0.869613	0.095963	0.0594167
chr10-90700000-90800000	0.995033	-0.706331	0.440407	0.0569517
chr10-68200000-68300000	0.049368	0.312036	-0.424937	0.0522939
chr10-84800000-84900000	-0.294917	0.720918	0.31938	0.0536654
chr10-64200000-64300000	0.038823	-0.375185	-0.562035	0.0566315
chr10-9700000-9800000	1.34616	0.522351	0.139106	0.0506765
chr10-64300000-64400000	0.434548	-0.787516	-0.134345	0.0597327
chr10-82500000-82600000	-0.523383	0.438658	0.362159	0.0561763
chr10-64500000-64600000	0.100124	-1.01938	-0.226598	0.0578813
chr10-64800000-64900000	-0.313805	-0.666981	-0.522933	0.0541395
chr10-64900000-65000000	0.343737	-0.443014	-0.291312	0.0555767
chr10-65900000-66000000	-0.01789	0.081745	-0.315464	0.0561235
chr10-6600000-6700000	1.06404	0.914293	-0.005741	0.0568267
chr10-66800000-66900000	-0.492287	0.476275	-0.306952	0.0510547
chr10-91400000-91500000	0.654195	-0.608793	0.178169	0.0555062
chr10-67300000-67400000	0.145167	0.192376	-0.367498	0.0525299
chr10-67700000-67800000	-0.289497	0.059765	0.168602	0.0523866
chr10-68900000-69000000	-0.484064	0.308973	0.00857	0.0534773
chr10-6900000-7000000	0.940786	0.118479	-0.204009	0.0581243
chr10-69300000-69400000	-0.369302	-0.551159	-0.004084	0.053284
chr10-70600000-70700000	-0.217928	-0.778126	0.225709	0.0547755
chr10-70800000-70900000	-0.0062	-1.01883	-0.392596	0.0575056
chr10-70900000-71000000	0.269592	-0.95687	0.256204	0.0552548
chr10-71900000-72000000	0.431501	-0.923239	0.142816	0.0548662
chr10-72100000-72200000	0.032312	-0.788302	-0.304453	0.060114
chr10-72600000-72700000	-0.023656	-0.767059	0.539569	0.0603611
chr10-72700000-72800000	-0.465511	-0.278844	0.240733	0.0611467
chr10-78600000-78700000	0.021311	-0.059017	-0.33629	0.0593898
chr10-72900000-73000000	0.299226	-0.440492	0.175782	0.0601623
chr10-73200000-73300000	-0.394311	-0.63062	0.266366	0.0602802
chr10-82700000-82800000	-0.441493	0.185112	0.146408	0.0553309
chr10-99700000-99800000	0.669874	-0.035439	0.847378	0.059966
chr10-73900000-74000000	0.458729	-1.08682	0.571764	0.0561119
chr10-74200000-74300000	0.452205	-0.941457	0.261451	0.0567752
chr10-92700000-92800000	0.908208	-0.852928	0.760142	0.0585267
chr10-74800000-74900000	0.266075	-1.12909	-0.45416	0.0526737
chr10-75100000-75200000	0.429891	-1.16037	0.16064	0.0567108
chr10-75200000-75300000	0.194858	-0.965183	-0.457916	0.0538626
chr10-75300000-75400000	0.461868	-1.26477	0.095521	0.0550183
chr10-75400000-75500000	0.465759	-1.8856	0.370813	0.0562935
chr10-75600000-75700000	0.274402	-1.0515	-0.539913	0.0593514
chr10-75700000-75800000	0.663748	-1.20288	-0.012713	0.0542297
chr10-75900000-76000000	0.626087	-0.968582	0.130793	0.0551393
chr10-7600000-7700000	1.46399	0.052794	-0.136379	0.0555471
chr10-96100000-96200000	0.39856	0.375956	0.254824	0.05324
chr10-76000000-76100000	-0.054457	-0.726587	-0.002071	0.0549859
chr10-76100000-76200000	0.551078	-1.06786	0.037795	0.0578217
chr10-76300000-76400000	-0.323804	-0.650734	0.056787	0.055975
chr10-76600000-76700000	0.509491	-0.891619	0.061915	0.05774
chr10-76700000-76800000	-0.160616	-0.699494	0.122405	0.0597901
chr10-76900000-77000000	-0.18475	-0.92571	0.279272	0.057814
chr10-95900000-96000000	0.701651	0.181807	0.824721	0.0569036
chr10-77000000-77100000	-0.57977	-0.826995	-0.327925	0.0571967
chr10-77100000-77200000	-0.559351	-0.554266	0.339452	0.0598272
chr10-77200000-77300000	0.013804	-0.519933	-0.096349	0.0591535
chr10-77400000-77500000	0.120174	-0.174969	-0.172704	0.0590154
chr10-77600000-77700000	-0.212974	0.14864	0.179054	0.0586417
chr10-77700000-77800000	-0.281082	-0.539682	0.367364	0.0584498
chr10-77900000-78000000	-0.313842	-0.659881	0.258496	0.0552923
chr10-78400000-78500000	0.051968	-0.107579	0.437033	0.0577498
chr10-78700000-78800000	0.005287	-0.023027	0.384877	0.0612179
chr10-96400000-96500000	-0.198065	0.732205	0.650383	0.0526442
chr10-78900000-79000000	-0.257888	-0.780649	0.214687	0.0610276
chr10-7900000-8000000	0.990733	0.098079	-0.133473	0.060474
chr10-79300000-79400000	0.532878	-0.833014	0.429426	0.0647042
chr10-79400000-79500000	0.328158	-0.467212	-0.148645	0.0585601
chr10-79500000-79600000	-0.157824	-0.786206	0.262449	0.0621219
chr10-79700000-79800000	-0.137725	-0.886275	0.156299	0.0588321
chr10-80300000-80400000	-0.009559	-0.515132	-0.196694	0.062124
chr10-80900000-81000000	0.549276	-1.07966	0.697392	0.0644027
chr10-81700000-81800000	0.345181	-0.54275	0.879814	0.0547083
chr10-81900000-82000000	0.709493	0.787957	0.853415	0.0632261
chr10-82300000-82400000	-0.503645	0.40289	0.202835	0.0592624
chr10-82800000-82900000	0.134892	0.63628	0.106809	0.0532435
chr10-82900000-83000000	-0.34315	0.093766	0.220807	0.0518193
chr10-8300000-8400000	0.963401	1.08508	0.023757	0.0568844
chr10-83000000-83100000	-0.150668	0.782854	0.285086	0.0503012
chr10-83100000-83200000	0.239074	0.329137	-0.122739	0.0524399
chr10-83500000-83600000	-0.247791	0.171323	0.076817	0.0550742
chr10-83700000-83800000	-0.003371	0.017539	0.412071	0.0551481
chr10-96000000-96100000	0.568719	-0.309237	0.332117	0.0578298
chr10-83900000-84000000	0.047384	0.010019	0.410136	0.0550125
chr10-8400000-8500000	0.845193	0.626888	-0.521811	0.0567302
chr10-84000000-84100000	0.202017	0.48903	-0.106113	0.0559298
chr10-88500000-88600000	1.12071	0.151662	0.909727	0.0573807
chr10-84100000-84200000	-0.144057	0.699071	0.504558	0.0553897
chr10-88400000-88500000	0.529382	0.565545	0.934523	0.0591131
chr10-84400000-84500000	0.365766	0.466554	0.104967	0.0548079
chr10-84600000-84700000	0.001235	-0.045565	0.436268	0.0552928
chr10-84900000-85000000	0.336321	0.539273	0.014332	0.0544363
chr10-8500000-8600000	0.994505	0.839456	0.145893	0.0562171
chr10-85900000-86000000	-0.037332	-0.008687	0.489558	0.061232
chr10-8600000-8700000	1.26823	0.750479	-0.51592	0.0549295
chr10-86100000-86200000	0.149425	-0.085971	0.424085	0.0555744
chr10-86200000-86300000	0.428839	0.530878	0.264254	0.053632
chr10-86500000-86600000	-0.357044	0.667076	0.437799	0.0574037
chr10-86600000-86700000	0.344874	0.653843	0.289854	0.0550018
chr10-86700000-86800000	-0.120687	0.109068	0.322966	0.054293
chr10-86800000-86900000	0.463918	0.521426	0.229699	0.0557927
chr10-86900000-87000000	-0.209629	0.699645	0.425933	0.0556998
chr10-8700000-8800000	1.30371	0.752272	0.195448	0.0556049
chr10-87100000-87200000	-0.419226	0.567756	0.285609	0.0537387
chr10-87200000-87300000	0.289819	0.686559	0.222695	0.0569223
chr10-87300000-87400000	-0.209928	0.689601	0.748933	0.0589074
chr10-89700000-89800000	0.724052	-0.772461	0.253663	0.0547253
chr10-87700000-87800000	-0.020536	-0.012744	0.48917	0.059248
chr10-87900000-88000000	0.320858	0.963894	0.552672	0.0607231
chr10-88000000-88100000	-0.309656	0.820688	0.244422	0.0601168
chr10-88600000-88700000	0.704486	0.520367	0.495707	0.0590644
chr10-91200000-91300000	0.926944	-0.133175	0.539826	0.0563072
chr10-88700000-88800000	0.642346	1.21604	0.326415	0.0568115
chr10-99500000-99600000	0.353203	0.19051	1.13504	0.0607113
chr10-88900000-89000000	0.377395	1.89492	1.08061	0.0420788
chr10-8900000-9000000	0.699818	0.467822	-0.835012	0.0534939
chr10-89100000-89200000	0.701865	1.49736	0.834883	0.0369972
chr10-92500000-92600000	0.688101	0.535701	0.633308	0.0601634
chr10-89900000-90000000	0.676078	-0.816988	0.294316	0.0585334
chr10-900000-1000000	1.16325	-0.394752	-0.162302	0.0587416
chr10-90100000-90200000	0.503048	-0.47446	0.020741	0.057395
chr10-90600000-90700000	0.302086	-0.775389	0.289967	0.0556642
chr10-90800000-90900000	0.496565	-0.19332	0.400518	0.0561805
chr10-90900000-91000000	0.752035	0.390513	0.651872	0.0564982
chr10-9100000-9200000	0.919721	0.247962	-0.289126	0.0525798
chr10-91300000-91400000	0.226747	-0.118734	0.464422	0.0582348
chr10-91600000-91700000	0.786942	0.460868	0.611018	0.0560228
chr10-91700000-91800000	0.850552	-0.244514	0.556601	0.0526198
chr10-91800000-91900000	0.187441	-0.251345	0.292601	0.0558377
chr10-91900000-92000000	0.321125	0.404262	0.043987	0.0534334
chr10-9200000-9300000	1.25538	0.753386	0.11213	0.0528712
chr10-92000000-92100000	0.819149	0.559682	0.537789	0.0550108
chr10-92900000-93000000	0.839675	-0.709057	0.432364	0.0590622
chr10-93300000-93400000	0.686333	-0.53997	0.192708	0.0592501
chr10-93400000-93500000	1.04354	-0.36926	0.766757	0.0574083
chr10-93700000-93800000	1.05639	-0.119665	0.776034	0.0558858
chr10-93900000-94000000	0.838154	-0.093548	0.634782	0.0552271
chr10-94300000-94400000	0.858518	-0.17085	1.24861	0.0511982
chr10-94500000-94600000	1.01853	0.255776	0.756047	0.0569328
chr10-94700000-94800000	0.786386	-0.579166	0.30254	0.0534589
chr10-94900000-95000000	0.587555	0.534973	1.10928	0.0579025
chr10-95200000-95300000	1.08721	0.044219	0.895008	0.0550568
chr10-95500000-95600000	0.386311	0.637344	0.403781	0.0578
chr10-95700000-95800000	0.875456	-0.053857	0.655186	0.057622
chr10-96600000-96700000	-0.153261	0.744962	0.772557	0.0503345
chr10-96700000-96800000	0.297033	1.11489	0.356978	0.0518178
chr10-96900000-97000000	0.466822	0.906325	0.649521	0.0554219
chr10-97000000-97100000	0.833348	0.293408	0.681677	0.0582987
chr10-97200000-97300000	0.043345	0.004435	0.47332	0.0590869
chr10-97400000-97500000	0.19989	0.573118	0.887969	0.0547188
chr10-97500000-97600000	0.466094	0.397015	0.258775	0.0556395
chr10-97700000-97800000	-0.041619	0.065734	0.451073	0.0554505
chr10-97800000-97900000	0.573517	0.44634	0.521448	0.0545516
chr10-97900000-98000000	0.014256	0.005614	0.469399	0.0565744
chr10-9800000-9900000	1.04566	0.793873	-0.458187	0.05491
chr10-98100000-98200000	0.491289	0.539208	0.395001	0.0598466
chr10-98300000-98400000	0.445105	0.246639	1.04805	0.0592931
chr10-98800000-98900000	0.462847	0.34704	1.04045	0.0610084
chr10-98900000-99000000	0.749485	-0.218141	0.768448	0.0570094
chr10-99000000-99100000	0.268652	-0.721466	0.912625	0.0547591
chr10-99100000-99200000	0.857077	-0.386395	1.13847	0.0624024
chr10-99200000-99300000	0.518571	-0.836264	0.673275	0.0606619
chr10-99300000-99400000	1.05727	-0.703024	1.04336	0.0592786
chr10-99400000-99500000	1.06176	-0.00512	1.02449	0.0553696
chr10-99600000-99700000	0.806734	0.669859	0.90023	0.0626817
chr10-99800000-99900000	0.433094	0.443712	0.393355	0.0590828
