chr12-46000000-46100000	-0.190316	0.003053	-0.067458	1.77223
chr12-104300000-104400000	0.200669	0.009851	-0.035509	5.04354
chr12-66100000-66200000	-0.026039	-0.146982	-0.00645	2.73387
chr12-17400000-17500000	-0.235576	0.138397	0.043971	1.23168
chr12-26400000-26500000	-0.006498	0.090566	0.166174	2.47949
chr12-103100000-103200000	0.160591	0.084895	-0.111941	1.20302
chr12-100300000-100400000	0.147316	0.024944	-0.098318	1.84457
chr12-22700000-22800000	-0.073916	0.050807	0.147789	3.57601
chr12-9100000-9200000	-0.172169	0.22655	0.120342	3.2933
chr12-59000000-59100000	0.004164	-0.057106	-0.111472	1.52224
chr12-51400000-51500000	-0.187734	-0.056449	-0.172997	4.05526
chr12-115500000-115600000	0.237363	0.149964	-0.018845	1.89498
chr12-1700000-1800000	-0.012267	0.055254	0.240224	3.9359
chr12-66700000-66800000	-0.038178	0.13476	-0.042267	1.54675
chr12-82800000-82900000	0.018318	0.012391	-0.052179	1.78508
chr12-5300000-5400000	-0.037183	0.076464	0.240891	2.13531
chr12-105500000-105600000	0.16021	-0.060644	0.101751	3.5101
chr12-125500000-125600000	0.108209	0.290927	-0.045353	2.88702
chr12-75500000-75600000	0.032025	0.02509	-0.059484	1.18827
chr12-105100000-105200000	0.153784	0.053404	0.092593	1.88561
chr12-102100000-102200000	0.077009	0.073435	-0.081596	1.97484
chr12-100100000-100200000	0.057064	0.136502	-0.203279	1.18243
chr12-1500000-1600000	-0.044896	-0.017462	0.222726	3.48812
chr12-127500000-127600000	0.10368	0.135415	-0.024542	1.14362
chr12-108100000-108200000	0.113397	0.152225	-0.064745	3.48394
chr12-123500000-123600000	0.215423	0.106831	0.082884	2.62836
chr12-100700000-100800000	0.119512	0.055007	-0.068218	1.77825
chr12-88100000-88200000	0.141533	-0.08577	-0.118406	1.86416
chr12-97100000-97200000	0.114179	0.073696	-0.045525	1.4112
chr12-129500000-129600000	0.066029	0.26398	-0.144084	1.18529
chr12-57000000-57100000	-0.085573	-0.170618	-0.09584	6.15179
chr12-104100000-104200000	0.123281	0.110265	-0.186308	2.55122
chr12-80300000-80400000	-0.008524	-0.158157	-0.032141	3.55917
chr12-3300000-3400000	-0.065982	0.284695	0.136962	4.36237
chr12-99400000-99500000	0.006793	0.151707	-0.120175	1.20257
chr12-101500000-101600000	0.153591	0.089841	-0.177679	1.92376
chr12-112500000-112600000	0.181049	0.090425	0.102298	4.43769
chr12-17000000-17100000	-0.171369	0.231761	-0.00737	1.1839
chr12-103500000-103600000	0.02127	0.171953	-0.047963	1.11051
chr12-15100000-15200000	-0.225262	0.138727	0.120367	2.21954
chr12-80700000-80800000	0.090924	-0.057612	0.026114	1.65464
chr12-40500000-40600000	-0.141863	0.087832	-0.122456	1.25034
chr12-100000-200000	0.001102	-0.10949	0.293475	2.45259
chr12-15800000-15900000	-0.141223	0.041889	0.047236	1.67236
chr12-17100000-17200000	-0.099171	0.208456	0.09521	1.24444
chr12-59500000-59600000	0.026862	0.144324	-0.18752	1.55876
chr12-44100000-44200000	-0.089452	-0.016253	-0.200064	3.34264
chr12-13500000-13600000	-0.079463	0.282816	0.077161	1.26043
chr12-116500000-116600000	0.115556	0.070568	0.095488	1.76784
chr12-7100000-7200000	-0.168058	0.03622	0.252291	3.01888
chr12-116300000-116400000	0.227332	0.200704	0.036708	1.57692
chr12-19500000-19600000	-0.210485	0.025167	0.16415	3.10186
chr12-26200000-26300000	-0.030422	0.086596	0.161691	3.03257
chr12-125100000-125200000	0.304394	0.097858	-0.119287	4.61615
chr12-82400000-82500000	0.098226	0.031308	-0.266035	1.19183
chr12-59400000-59500000	-0.009969	0.005795	-0.184782	2.20488
chr12-26300000-26400000	0.022222	-0.007126	0.154086	2.44411
chr12-102500000-102600000	0.14606	0.021096	-0.033894	2.63578
chr12-131100000-131200000	-0.002925	0.288625	-0.01261	1.22234
chr12-102300000-102400000	0.107006	0.112638	-0.027042	2.48822
chr12-108300000-108400000	0.040679	0.24786	0.036392	1.22061
chr12-17500000-17600000	-0.175114	0.241904	0.088972	1.17178
chr12-53400000-53500000	-0.26817	-0.041802	-0.149664	9.02384
chr12-130700000-130800000	0.02477	0.305495	-0.073621	1.18518
chr12-97400000-97500000	0.102621	0.154472	-0.164385	1.21253
chr12-100500000-100600000	0.106122	0.102765	-0.054743	3.09934
chr12-79200000-79300000	-0.036884	-0.028338	-0.023569	2.15882
chr12-33200000-33300000	-0.067837	0.144614	0.114907	1.12095
chr12-0-100000	0.000299	-0.109668	0.294775	4.60721
chr12-93100000-93200000	0.122727	-0.004116	-0.074159	1.71986
chr12-104000000-104100000	0.144002	0.203818	-0.145518	1.39723
chr12-70500000-70600000	0.003788	-0.140245	-0.094002	1.24117
chr12-100800000-100900000	0.103659	0.070635	0.047278	1.20564
chr12-14600000-14700000	-0.106668	0.074472	0.12451	1.6578
chr12-38800000-38900000	-0.042765	0.21694	-0.121457	1.14597
chr12-10200000-10300000	-0.220245	-0.010551	0.094609	1.43507
chr12-72300000-72400000	0.014252	-0.008488	-0.210491	2.88356
chr12-65500000-65600000	-0.084705	0.046939	-0.057575	3.66521
chr12-27500000-27600000	-0.109751	-0.059893	0.048972	2.11346
chr12-132000000-132100000	0.205077	0.30788	-0.073944	1.17702
chr12-100400000-100500000	0.227231	0.129335	-0.054476	1.70229
chr12-100000000-100100000	0.133119	0.051014	-0.144428	1.60421
chr12-61100000-61200000	0.02003	-0.00461	0.020153	1.09713
chr12-104800000-104900000	0.146312	-0.05149	-0.015251	2.33178
chr12-124600000-124700000	0.239356	0.121163	-0.008997	1.34217
chr12-102600000-102700000	0.104035	0.058568	0.076664	1.29184
chr12-108400000-108500000	0.091893	0.21152	-0.043818	1.13825
chr12-10500000-10600000	-0.114845	-0.04469	0.153561	1.80775
chr12-90500000-90600000	0.077288	0.015377	-0.171214	1.41358
chr12-106200000-106300000	0.079767	0.01048	0.082678	1.45695
chr12-9800000-9900000	-0.045695	0.051143	0.212371	3.09774
chr12-123800000-123900000	0.266178	0.064199	0.070921	4.7504
chr12-5000000-5100000	0.041623	0.135584	0.197072	1.21814
chr12-104400000-104500000	0.161043	0.007059	0.064702	3.83125
chr12-38100000-38200000	-0.046451	-0.034531	0.029768	1.07
chr12-102200000-102300000	0.183524	0.02206	-0.093254	4.07176
chr12-132800000-132900000	0.064179	0.328763	-0.104372	1.4603
chr12-1000000-1100000	-0.017768	-0.146266	0.206	3.88055
chr12-25300000-25400000	-0.233654	0.051087	0.041539	2.63844
chr12-2400000-2500000	-0.09439	0.078246	0.233993	3.72682
chr12-7400000-7500000	-0.215337	0.177935	0.100468	1.21509
chr12-121000000-121100000	0.290718	0.177397	0.093615	3.00627
chr12-96500000-96600000	0.166326	0.046806	-0.094776	3.11971
chr12-47700000-47800000	-0.115259	-0.037895	-0.20978	1.74588
chr12-105200000-105300000	0.195681	0.055875	-0.00734	1.3885
chr12-116400000-116500000	0.202536	0.059542	0.037722	2.14797
chr12-70200000-70300000	0.108713	-0.10962	-0.062644	1.60365
chr12-113800000-113900000	0.105253	0.282576	0.085687	2.19652
chr12-21200000-21300000	-0.191608	0.247246	0.10216	1.16094
chr12-23000000-23100000	-0.094462	0.227961	0.034753	1.25921
chr12-69000000-69100000	-0.079398	-0.172496	-0.059037	3.15957
chr12-104600000-104700000	0.204076	-0.026293	-0.002087	4.03656
chr12-111000000-111100000	0.135862	0.115408	0.072505	2.99104
chr12-115400000-115500000	0.198981	0.205285	-0.10284	1.4097
chr12-63200000-63300000	0.015842	0.019951	-0.113736	1.73853
chr12-106400000-106500000	0.137631	-0.080577	0.062997	3.13898
chr12-74700000-74800000	-0.02274	0.04372	-0.10511	1.31253
chr12-70700000-70800000	0.049488	-0.024964	-0.106275	1.71638
chr12-3800000-3900000	-0.095351	0.300706	0.123839	2.05333
chr12-108200000-108300000	0.074456	0.248673	-0.093569	1.41536
chr12-120800000-120900000	0.214685	0.096839	0.135451	3.56791
chr12-83400000-83500000	0.146613	0.064451	-0.141692	1.14101
chr12-67200000-67300000	-0.019725	0.080305	-0.066937	1.19019
chr12-43800000-43900000	-0.069602	0.148188	-0.193033	1.22718
chr12-21000000-21100000	-0.205169	0.210451	0.187542	1.13759
chr12-85200000-85300000	0.15361	-0.00347	-0.121207	1.27503
chr12-38200000-38300000	-0.06704	0.035685	-0.006521	1.02056
chr12-10800000-10900000	-0.020501	-0.031834	0.152483	2.4909
chr12-76800000-76900000	0.111447	-0.132112	-0.00246	1.78591
chr12-32000000-32100000	0.036103	0.136755	0.240357	1.8691
chr12-102000000-102100000	0.137128	0.106886	-0.184249	3.25823
chr12-14000000-14100000	-0.156772	0.186945	0.02111	1.18905
chr12-78600000-78700000	-0.054792	-0.003526	-0.199429	2.00184
chr12-90000000-90100000	0.072888	-0.025352	-0.183379	1.59308
chr12-67600000-67700000	-0.022369	0.011468	-0.103499	4.38263
chr12-61400000-61500000	-0.066929	-0.006633	-0.108676	1.2592
chr12-119800000-119900000	0.085915	0.205068	0.070777	1.17985
chr12-14700000-14800000	-0.211704	0.05832	0.110966	1.40837
chr12-58000000-58100000	-0.189684	-0.105883	-0.049834	3.835
chr12-121600000-121700000	0.16845	0.129038	0.108684	3.01325
chr12-14800000-14900000	-0.099702	0.086103	0.144657	1.22324
chr12-5600000-5700000	-0.175285	0.008042	0.054358	3.18784
chr12-100200000-100300000	0.10806	0.123969	-0.068123	1.25442
chr12-117400000-117500000	0.151579	0.176081	0.013266	2.61646
chr12-117600000-117700000	0.19069	0.17681	-0.144234	2.40824
chr12-50000000-50100000	-0.211625	-0.154892	-0.108718	4.90284
chr12-124400000-124500000	0.179498	0.140947	0.041541	3.30821
chr12-133400000-133500000	0.215194	0.293627	0.029268	6.72472
chr12-94400000-94500000	0.214826	-0.057123	-0.043419	1.99626
chr12-105600000-105700000	0.118323	-0.14047	0.041909	4.14617
chr12-25000000-25100000	-0.154506	0.080581	0.080883	2.72925
chr12-8400000-8500000	-0.35004	0.049661	0.159672	1.11661
chr12-94700000-94800000	0.147592	-0.108973	-0.101089	1.22776
chr12-133800000-133900000	0.147128	0.36876	0.000925	1.38911
chr12-50800000-50900000	-0.066778	-0.229961	-0.039579	2.88586
chr12-105000000-105100000	0.126924	0.074198	-0.014008	1.836
chr12-70600000-70700000	0.02031	-0.048363	-0.003768	4.14692
chr12-10300000-10400000	-0.272034	0.066619	0.016743	2.93574
chr12-65400000-65500000	0.033272	-0.007443	-0.099799	1.14632
chr12-49700000-49800000	-0.118249	-0.155187	-0.103857	3.20345
chr12-43000000-43100000	-0.075397	-0.039473	-0.025955	1.56916
chr12-41100000-41200000	-0.083836	0.151651	-0.092589	1.1401
chr12-125200000-125300000	0.255142	0.178523	-0.152834	3.52423
chr12-18800000-18900000	-0.221269	0.06868	0.100839	1.51959
chr12-10000000-10100000	-0.07893	0.13124	0.104179	1.47066
chr12-87100000-87200000	-0.009038	-0.157747	-0.147949	1.41807
chr12-67400000-67500000	0.016214	0.025594	-0.227933	1.41633
chr12-43700000-43800000	-0.15561	0.100461	-0.098009	2.35857
chr12-49300000-49400000	-0.132457	-0.155121	-0.138925	3.6442
chr12-45800000-45900000	-0.106936	0.058287	-0.188871	2.13711
chr12-101600000-101700000	0.101269	0.091734	-0.076791	2.26287
chr12-106800000-106900000	0.153358	0.10838	-0.009848	1.66684
chr12-108600000-108700000	0.085459	0.201185	-0.047305	1.51688
chr12-49500000-49600000	-0.13013	-0.145347	-0.22259	4.9435
chr12-85700000-85800000	0.058726	0.10381	-0.202119	1.09064
chr12-102400000-102500000	0.039873	0.033079	0.039405	2.87374
chr12-89500000-89600000	-0.002702	-0.07316	0.010027	1.90972
chr12-101200000-101300000	0.037315	0.112715	-0.005138	1.68642
chr12-34300000-34400000	-0.054935	-0.001063	0.29397	1.32524
chr12-131400000-131500000	0.120502	0.258133	-0.036991	1.29787
chr12-100600000-100700000	0.162618	0.095906	-0.180721	2.6022
chr12-83000000-83100000	0.131077	0.0958	-0.042619	1.76837
chr12-87200000-87300000	0.059861	-0.045077	-0.145613	1.19309
chr12-100900000-101000000	0.075186	0.054894	-0.056964	1.87984
chr12-106900000-107000000	0.169416	0.171029	-0.101154	1.43851
chr12-50500000-50600000	-0.140273	-0.184242	-0.126603	4.40018
chr12-10100000-10200000	-0.139227	0.027925	0.107381	2.1158
chr12-129200000-129300000	0.039998	0.254384	-0.065689	2.49123
chr12-101400000-101500000	0.048054	0.126157	-0.146112	2.15996
chr12-126200000-126300000	0.099107	0.219857	-0.177595	1.20405
chr12-89900000-90000000	0.173352	-0.058278	-0.121476	3.19813
chr12-32500000-32600000	-0.073834	0.020919	0.211568	1.85213
chr12-101000000-101100000	0.197206	0.051011	-0.095563	1.49372
chr12-133200000-133300000	0.21007	0.286305	4e-05	3.75361
chr12-39600000-39700000	-0.089029	0.241637	-0.033306	1.17856
chr12-11800000-11900000	-0.061656	-0.048077	0.121131	3.58903
chr12-101100000-101200000	0.105674	0.159061	-0.115052	2.37769
chr12-64300000-64400000	-0.035764	-0.115952	-0.062681	2.4145
chr12-600000-700000	0.092109	-0.080108	0.21508	3.26048
chr12-55600000-55700000	-0.010332	0.187449	-0.083949	1.10867
chr12-33000000-33100000	-0.063295	0.082007	0.137094	1.89376
chr12-103700000-103800000	0.03285	0.26691	-0.094009	1.14858
chr12-133100000-133200000	0.216139	0.341431	-0.093254	3.4666
chr12-2700000-2800000	-0.071892	0.215144	0.107612	2.7944
chr12-101300000-101400000	0.131089	0.087649	-0.071653	1.91077
chr12-110700000-110800000	0.2127	0.087356	0.126406	4.37714
chr12-101700000-101800000	0.05083	0.199848	-0.11109	1.82117
chr12-24700000-24800000	-0.138123	0.035078	0.07996	3.30516
chr12-33700000-33800000	-0.17021	0.119048	0.049373	1.13978
chr12-13700000-13800000	-0.143643	0.194664	0.123597	1.23726
chr12-47200000-47300000	-0.208837	-0.067709	-0.087833	2.23899
chr12-120400000-120500000	0.059177	0.190088	0.083946	1.18321
chr12-121400000-121500000	0.204293	0.222613	0.190591	2.45583
chr12-101800000-101900000	0.126274	0.080097	-0.156539	3.90771
chr12-101900000-102000000	0.057187	0.183596	-0.141219	1.1641
chr12-104700000-104800000	0.190974	0.064756	0.007243	2.71908
chr12-102700000-102800000	0.090102	0.103206	-0.021987	1.31178
chr12-30200000-30300000	-0.054985	0.123916	0.092984	1.48979
chr12-111800000-111900000	0.212103	0.179984	0.113993	6.48449
chr12-23200000-23300000	-0.215058	0.197277	0.028223	1.24031
chr12-102800000-102900000	0.066091	0.215532	-0.050305	2.38116
chr12-83500000-83600000	0.040074	0.07585	-0.073334	1.10752
chr12-92600000-92700000	0.108882	-0.04254	0.069134	2.67638
chr12-58800000-58900000	-0.03529	0.076236	-0.004924	1.88728
chr12-110000000-110100000	0.220963	0.187709	-0.029592	2.4946
chr12-119000000-119100000	0.192622	0.177356	-0.100763	1.18527
chr12-104900000-105000000	0.184863	0.012605	0.047262	2.15082
chr12-102900000-103000000	0.072896	0.093399	-0.083808	2.4754
chr12-72700000-72800000	0.036734	-0.039602	-0.077542	2.05238
chr12-103800000-103900000	0.090409	0.200388	-0.175605	1.27252
chr12-107200000-107300000	0.046211	0.107566	-0.056022	1.56356
chr12-63300000-63400000	0.036892	0.087048	-0.028876	1.98863
chr12-58500000-58600000	-0.090497	0.230293	-0.148777	1.2508
chr12-16800000-16900000	-0.133027	0.209576	0.059332	1.18532
chr12-103600000-103700000	0.08141	0.170025	-0.141785	1.19473
chr12-76600000-76700000	0.045577	-0.131635	0.006784	2.42936
chr12-9900000-10000000	-0.123653	0.147118	0.190369	1.89807
chr12-34100000-34200000	-0.02885	-0.026123	0.23709	1.60216
chr12-127200000-127300000	0.017223	0.207135	-0.13893	1.16382
chr12-21300000-21400000	-0.084014	0.256911	0.029767	1.10013
chr12-25700000-25800000	-0.074682	0.04302	0.162468	1.64083
chr12-127400000-127500000	0.063635	0.251645	-0.031523	1.16011
chr12-130000000-130100000	0.006208	0.248757	-0.130358	1.23975
chr12-78100000-78200000	0.022191	-0.065221	-0.150454	1.33396
chr12-103400000-103500000	0.10299	0.142798	-0.127792	1.1031
chr12-107000000-107100000	0.176733	0.167902	0.009106	1.25411
chr12-103000000-103100000	0.100759	0.180561	-0.137512	1.27386
chr12-103200000-103300000	0.0941	0.196378	-0.064738	1.2363
chr12-103300000-103400000	0.047485	0.233717	-0.181534	1.22997
chr12-20300000-20400000	-0.17598	0.144516	0.044939	1.19005
chr12-77800000-77900000	0.0664	-0.001289	-0.080683	1.28416
chr12-84200000-84300000	0.070207	0.15769	-0.213543	1.29074
chr12-37900000-38000000	-0.014356	-0.203968	0.140662	1.19151
chr12-103900000-104000000	0.124145	0.09278	-0.084494	1.37171
chr12-70300000-70400000	0.039337	-0.016226	-0.018258	1.63211
chr12-94800000-94900000	0.150252	-0.009849	-0.126722	2.57639
chr12-110800000-110900000	0.213918	0.178282	0.188294	4.26865
chr12-21800000-21900000	-0.058204	0.10642	0.101744	2.28544
chr12-94000000-94100000	0.161953	-0.095621	-0.029061	3.21826
chr12-41000000-41100000	-0.033038	0.175378	-0.201412	1.25988
chr12-92100000-92200000	0.131746	-0.051486	0.000667	1.37119
chr12-25800000-25900000	-0.056085	-0.024087	0.091281	1.80441
chr12-105400000-105500000	0.22081	-0.000639	0.013995	2.62037
chr12-121800000-121900000	0.126405	0.177976	0.134601	3.56017
chr12-49100000-49200000	-0.101897	-0.104645	-0.132287	5.10375
chr12-128800000-128900000	0.105707	0.239997	-0.097099	1.19224
chr12-34200000-34300000	-0.126256	-0.039063	0.358789	1.25677
chr12-10400000-10500000	-0.184622	0.007754	0.07505	1.69245
chr12-23600000-23700000	-0.141779	0.183325	0.104006	1.22529
chr12-85500000-85600000	0.082066	0.099516	-0.180398	1.16005
chr12-129000000-129100000	0.169572	0.222914	-0.128428	1.16965
chr12-104200000-104300000	0.098827	0.04297	-0.07667	2.71665
chr12-114800000-114900000	0.128995	0.20262	-0.030917	5.75887
chr12-117000000-117100000	0.240196	0.115183	-0.016051	1.83968
chr12-131800000-131900000	0.208063	0.344301	-0.093234	1.19611
chr12-110400000-110500000	0.285625	0.152088	0.032327	4.44788
chr12-31100000-31200000	-0.064545	0.302774	0.119824	2.37938
chr12-104500000-104600000	0.262128	0.036037	0.094809	3.01451
chr12-117300000-117400000	0.079732	0.234471	0.081792	2.70008
chr12-108500000-108600000	0.171794	0.172574	-0.095824	1.17956
chr12-11500000-11600000	-0.199231	-0.03966	0.147214	1.46238
chr12-64700000-64800000	0.007269	-0.079473	-0.120572	3.1337
chr12-105300000-105400000	0.124959	0.011273	0.068013	3.42425
chr12-57600000-57700000	-0.089464	-0.207177	-0.017295	4.99306
chr12-118700000-118800000	0.244262	0.104907	0.058679	2.26313
chr12-119300000-119400000	0.086713	0.254916	0.029825	1.14436
chr12-105700000-105800000	0.182807	-0.110058	0.004926	3.15314
chr12-16600000-16700000	-0.180545	0.193458	0.068213	1.20908
chr12-45600000-45700000	-0.193082	0.0668	-0.057419	3.19867
chr12-105800000-105900000	0.08211	-0.054995	0.081528	2.62583
chr12-105900000-106000000	0.151862	-0.001624	0.049326	2.02615
chr12-10600000-10700000	-0.210906	-0.021245	0.122189	1.18875
chr12-14500000-14600000	-0.169559	-0.015757	0.09257	2.18271
chr12-45100000-45200000	-0.071379	0.261231	-0.18074	1.18742
chr12-112000000-112100000	0.247514	0.10736	0.151923	3.51089
chr12-130600000-130700000	0.032935	0.286053	-0.175845	1.26435
chr12-83800000-83900000	0.124881	0.064024	-0.180441	1.08554
chr12-52100000-52200000	-0.103857	-0.044124	-0.228403	2.67628
chr12-7800000-7900000	-0.230506	0.059296	0.060834	1.21056
chr12-106000000-106100000	0.167376	-0.068856	0.115892	1.90305
chr12-89200000-89300000	0.048846	-0.064438	-0.077413	1.50951
chr12-7300000-7400000	-0.130319	0.100402	0.154544	3.21568
chr12-106100000-106200000	0.136823	-0.025136	0.00609	1.67318
chr12-131500000-131600000	0.188997	0.306481	-0.097358	1.32749
chr12-48700000-48800000	-0.149185	0.073731	-0.091714	3.23473
chr12-99500000-99600000	0.116764	0.117898	-0.155317	1.15794
chr12-42200000-42300000	-0.06635	0.205169	-0.123791	1.15718
chr12-106300000-106400000	0.166455	-0.002599	0.014824	2.78067
chr12-75200000-75300000	0.049739	0.036398	-0.131647	1.53577
chr12-62500000-62600000	0.037088	0.01673	-0.140927	1.22561
chr12-113300000-113400000	0.182987	0.193328	0.056439	1.90307
chr12-48300000-48400000	-0.108445	-0.034658	-0.150754	2.1216
chr12-106500000-106600000	0.199277	-0.025243	-0.021148	4.16797
chr12-7200000-7300000	-0.116217	0.094052	0.269371	4.48324
chr12-106600000-106700000	0.147269	-0.054629	0.095544	5.19622
chr12-16400000-16500000	-0.186186	0.168409	0.049199	1.34714
chr12-3200000-3300000	-0.122517	0.224459	0.148807	4.92884
chr12-30100000-30200000	-0.131283	0.203082	0.047911	1.67352
chr12-92000000-92100000	0.13028	-0.083559	-0.108414	1.2022
chr12-108800000-108900000	0.090753	0.107049	-0.032051	1.19033
chr12-120200000-120300000	0.126748	0.24259	0.024095	1.54522
chr12-11400000-11500000	-0.170925	0.051259	0.188968	1.25909
chr12-84300000-84400000	-0.008443	0.053277	-0.192298	1.16468
chr12-106700000-106800000	0.224	0.010805	0.040938	2.91652
chr12-58400000-58500000	-0.07288	0.158318	-0.058374	1.25843
chr12-3000000-3100000	-0.023505	0.165312	0.282888	3.59226
chr12-76100000-76200000	0.012041	-0.083336	-0.020015	1.8986
chr12-87000000-87100000	0.025549	-0.032788	-0.160392	1.41228
chr12-16100000-16200000	-0.180123	0.12892	0.003277	2.19134
chr12-74600000-74700000	0.051772	0.048635	-0.20952	1.1231
chr12-92200000-92300000	0.193135	0.011877	-0.088175	1.28151
chr12-54000000-54100000	-0.182265	-0.0319	-0.158768	4.1659
chr12-78300000-78400000	0.04403	-0.110295	-0.161488	1.70164
chr12-10700000-10800000	-0.093994	-0.067106	0.083187	2.96596
chr12-14300000-14400000	-0.196536	0.124848	0.104802	1.77592
chr12-59800000-59900000	-0.005819	0.096688	-0.23016	1.36102
chr12-107100000-107200000	0.102105	0.113231	0.048944	2.90912
chr12-60700000-60800000	-0.028987	0.010344	-0.198269	1.42197
chr12-107300000-107400000	0.160932	0.107433	-0.003889	4.16309
chr12-129900000-130000000	0.106301	0.229154	-0.086711	1.16222
chr12-124300000-124400000	0.212045	0.14049	-0.042142	1.45468
chr12-132700000-132800000	0.072351	0.451264	-0.131258	1.27278
chr12-67700000-67800000	0.010341	-0.076089	-0.020698	1.52758
chr12-107400000-107500000	0.195217	-0.013974	-0.019253	2.52374
chr12-107500000-107600000	0.141105	0.099687	-0.076283	1.44988
chr12-75600000-75700000	-0.08065	0.003585	-0.110534	1.30742
chr12-107600000-107700000	0.124743	0.096267	0.025613	1.57092
chr12-120100000-120200000	0.062554	0.284134	-0.059636	2.72865
chr12-125300000-125400000	0.320574	0.191683	-0.062099	4.30378
chr12-107700000-107800000	0.130164	0.189038	0.069863	2.00826
chr12-61500000-61600000	-0.022404	0.106199	-0.167887	1.13632
chr12-107800000-107900000	0.096995	0.095689	0.004724	2.45578
chr12-107900000-108000000	0.054855	0.170002	0.04644	1.90505
chr12-2600000-2700000	-0.058091	0.137762	0.194015	1.63297
chr12-108000000-108100000	0.120119	0.278379	-0.007754	2.72373
chr12-128200000-128300000	0.164531	0.180941	0.074893	1.17512
chr12-116600000-116700000	0.155233	0.019002	0.03881	1.54317
chr12-39500000-39600000	-0.085438	0.117418	-0.064064	1.18553
chr12-130100000-130200000	0.014512	0.269438	-0.018442	1.16088
chr12-88700000-88800000	0.153189	-0.108352	-0.175258	1.88556
chr12-66500000-66600000	-0.059591	-0.000244	-0.057451	4.05597
chr12-93000000-93100000	0.179846	-0.111223	-0.028613	1.62482
chr12-108700000-108800000	0.110133	0.168481	0.056647	1.78983
chr12-108900000-109000000	0.177967	0.11083	0.080334	3.79229
chr12-121900000-122000000	0.212929	0.134085	0.176662	3.71915
chr12-55900000-56000000	-0.072822	0.193363	-0.232531	1.11003
chr12-10900000-11000000	-0.060794	0.094139	0.209452	1.37081
chr12-4200000-4300000	-0.084141	0.132135	0.218875	3.0718
chr12-109000000-109100000	0.207418	0.083185	-0.029602	4.40966
chr12-124800000-124900000	0.254166	0.026114	-0.069929	8.8943
chr12-46400000-46500000	-0.115079	0.063703	-0.248147	1.4993
chr12-109100000-109200000	0.261188	0.13411	-0.016693	4.75167
chr12-17800000-17900000	-0.055737	0.214001	0.120681	1.22557
chr12-79100000-79200000	0.060379	-0.100836	-0.037667	1.18396
chr12-26000000-26100000	-0.129245	0.075814	0.112471	1.60474
chr12-119100000-119200000	0.090884	0.219637	-0.14336	1.14075
chr12-5200000-5300000	-0.002386	0.014325	0.153068	2.66206
chr12-109200000-109300000	0.152523	0.131465	0.012114	6.34007
chr12-87400000-87500000	0.034806	0.010395	-0.166317	1.42004
chr12-68500000-68600000	0.009398	0.049943	-0.060652	1.18133
chr12-109300000-109400000	0.138317	0.235929	0.008671	1.57458
chr12-2300000-2400000	-0.034623	0.143357	0.17636	4.63412
chr12-63800000-63900000	0.048026	-0.076749	-0.053465	1.26592
chr12-109400000-109500000	0.153551	0.329723	0.017369	3.47821
chr12-43100000-43200000	-0.142685	-0.007702	-0.109329	2.15653
chr12-71100000-71200000	-0.048878	0.061451	-0.07281	1.27358
chr12-4100000-4200000	-0.055792	0.220148	0.175582	2.62109
chr12-109500000-109600000	0.228102	0.22002	-0.000178	2.94094
chr12-1300000-1400000	-0.00071	-0.081068	0.207232	1.82691
chr12-62300000-62400000	-0.062364	0.086179	-0.259593	1.07023
chr12-95000000-95100000	0.186142	-0.044863	-0.130367	1.78414
chr12-62000000-62100000	-0.088448	0.145389	-0.190114	1.17479
chr12-59100000-59200000	-0.100615	-0.023254	-0.099313	1.85232
chr12-53000000-53100000	-0.210835	0.148598	-0.209128	1.22967
chr12-116100000-116200000	0.034549	0.187594	0.038784	1.19825
chr12-127100000-127200000	0.129269	0.181285	-0.164991	1.17797
chr12-3400000-3500000	-0.130518	0.266615	0.026223	3.53978
chr12-109600000-109700000	0.189819	0.276856	-0.106893	1.86686
chr12-112800000-112900000	0.221222	0.099462	0.159889	4.28334
chr12-114000000-114100000	0.208342	0.190488	-0.072743	1.15437
chr12-115800000-115900000	0.111425	0.103826	0.15919	1.66306
chr12-128400000-128500000	0.1327	0.227793	-0.037118	1.2851
chr12-111400000-111500000	0.052486	0.250235	0.010178	1.18752
chr12-118400000-118500000	0.163824	0.145436	-0.051097	4.27954
chr12-122600000-122700000	0.283624	0.100116	0.14041	3.59141
chr12-79900000-80000000	0.120488	-0.147246	-0.082868	2.46985
chr12-400000-500000	-0.032743	-0.061646	0.268684	2.78169
chr12-109700000-109800000	0.075931	0.270934	-0.141324	1.45485
chr12-117100000-117200000	0.209867	0.212216	-0.097455	2.17615
chr12-19200000-19300000	-0.127159	0.00049	0.029831	2.46349
chr12-57300000-57400000	-0.101293	-0.1632	-0.102235	2.34369
chr12-122300000-122400000	0.192599	0.043388	0.230958	4.35164
chr12-41400000-41500000	-0.174514	0.146459	-0.061269	1.18948
chr12-113600000-113700000	0.129552	0.244941	0.086663	4.26708
chr12-54300000-54400000	-0.136992	0.169133	-0.190211	1.27096
chr12-109800000-109900000	0.127815	0.183539	-0.076159	3.84582
chr12-68200000-68300000	0.113077	0.025281	0.035432	1.60583
chr12-20100000-20200000	-0.051905	0.084779	0.086149	1.37707
chr12-40000000-40100000	-0.17504	0.174793	-0.142027	1.29158
chr12-13200000-13300000	-0.132839	-0.018571	0.160959	3.3392
chr12-15300000-15400000	-0.110948	0.002533	0.053563	1.46062
chr12-19300000-19400000	-0.241604	-0.027518	0.07963	1.6428
chr12-75800000-75900000	0.017071	-0.110909	-0.130147	2.42812
chr12-109900000-110000000	0.13729	0.161507	0.042703	4.39752
chr12-3700000-3800000	-0.031254	0.237444	0.168234	1.40166
chr12-1100000-1200000	0.049619	-0.074916	0.191812	2.92237
chr12-22200000-22300000	-0.110283	0.071266	0.174024	1.68877
chr12-22100000-22200000	-0.20586	0.152683	0.111224	3.05015
chr12-46200000-46300000	-0.158158	0.014369	-0.070764	1.5414
chr12-133300000-133400000	0.234708	0.223464	0.089522	5.3042
chr12-11000000-11100000	-0.148563	0.017053	0.192988	1.51711
chr12-95500000-95600000	0.187601	-0.077667	0.034073	2.64579
chr12-28000000-28100000	-0.064833	-0.079995	0.054905	1.64646
chr12-110100000-110200000	0.198221	0.149048	0.051204	1.65827
chr12-121700000-121800000	0.158794	0.228563	0.122983	3.64597
chr12-20800000-20900000	-0.216091	0.228902	-0.033957	1.16889
chr12-127700000-127800000	0.154408	0.106833	-0.035763	1.93158
chr12-110200000-110300000	0.280577	0.077478	0.053001	2.33417
chr12-12700000-12800000	-0.117237	-0.097461	0.172053	4.21795
chr12-23700000-23800000	-0.029589	0.210951	0.123627	1.21512
chr12-55300000-55400000	-0.001562	0.12693	-0.121459	1.3445
chr12-123300000-123400000	0.258416	-0.017926	0.112018	5.59865
chr12-80200000-80300000	0.0812	-0.074949	-0.026434	1.82246
chr12-51300000-51400000	-0.23185	-0.16288	-0.167946	2.38026
chr12-51200000-51300000	-0.216094	-0.126331	-0.126618	1.8104
chr12-110300000-110400000	0.203304	0.162111	0.09282	4.81767
chr12-82100000-82200000	0.082653	-0.012107	-0.102699	1.20771
chr12-93600000-93700000	0.082217	-0.124383	-0.053425	1.7511
chr12-24200000-24300000	-0.211017	0.067005	-0.006687	1.70511
chr12-110500000-110600000	0.223396	0.172374	0.136262	2.7651
chr12-126700000-126800000	0.119561	0.219657	-0.06022	1.16472
chr12-58200000-58300000	-0.151374	-0.043358	-0.111645	6.65495
chr12-110600000-110700000	0.177647	0.148152	0.143762	2.09634
chr12-110900000-111000000	0.159099	0.192209	0.080277	3.80623
chr12-40300000-40400000	-0.11749	0.227618	-0.122137	1.37365
chr12-111500000-111600000	0.08121	0.182943	0.072165	1.20293
chr12-57100000-57200000	-0.147903	-0.080006	-0.071194	3.54938
chr12-11100000-11200000	-0.049824	0.046745	0.247453	1.50796
chr12-111100000-111200000	0.21125	0.103415	-0.033915	2.38466
chr12-22800000-22900000	-0.157512	0.122658	0.072479	1.49497
chr12-66000000-66100000	0.079663	-0.133084	-0.041448	4.03291
chr12-4500000-4600000	-0.012126	0.212063	0.126518	1.20464
chr12-113700000-113800000	0.222512	0.272805	0.079213	3.36195
chr12-32400000-32500000	0.008309	0.122191	0.176351	1.94836
chr12-21400000-21500000	-0.183189	0.193742	0.102861	1.10893
chr12-50400000-50500000	-0.109853	-0.226319	-0.057112	3.52052
chr12-132200000-132300000	0.149317	0.254995	-0.065555	3.90014
chr12-90800000-90900000	0.129495	-0.067455	-0.091913	1.14766
chr12-111200000-111300000	0.210992	0.18948	0.025884	1.32584
chr12-90400000-90500000	0.104534	-0.086657	-0.088025	1.48177
chr12-98000000-98100000	0.218124	0.114959	-0.187254	1.12958
chr12-53200000-53300000	-0.200771	0.118856	-0.215269	3.32751
chr12-113500000-113600000	0.257175	0.229142	0.037591	1.46791
chr12-15200000-15300000	-0.113935	0.081184	0.141726	1.31245
chr12-60400000-60500000	-0.02545	0.04372	-0.090517	1.2662
chr12-111300000-111400000	0.13488	0.298236	0.052574	1.34799
chr12-124500000-124600000	0.212478	0.067772	-0.064558	2.00144
chr12-4700000-4800000	-0.00146	0.174053	0.161741	3.0533
chr12-42700000-42800000	-0.16995	0.005164	-0.036113	2.45582
chr12-47500000-47600000	-0.146192	-0.022742	-0.150038	2.07524
chr12-111600000-111700000	0.166951	0.174691	0.096247	1.21938
chr12-111700000-111800000	0.200596	0.21935	-0.012078	1.5451
chr12-121300000-121400000	0.20434	0.126993	0.134509	2.78955
chr12-126300000-126400000	0.14493	0.169823	-0.094243	1.30273
chr12-132300000-132400000	0.192801	0.367326	-0.094806	4.78736
chr12-38900000-39000000	-0.105736	0.118603	-0.144245	1.1128
chr12-111900000-112000000	0.183588	0.097849	0.160574	2.58283
chr12-117900000-118000000	0.117204	0.248009	-0.090717	1.23062
chr12-73700000-73800000	-0.062814	0.210687	-0.180202	1.20816
chr12-15700000-15800000	-0.114042	0.097637	0.134559	1.83009
chr12-20400000-20500000	-0.106825	0.125236	0.149243	1.2608
chr12-60600000-60700000	-0.084787	-0.068967	-0.115271	1.6757
chr12-51600000-51700000	-0.095782	-0.10403	-0.189908	4.88267
chr12-39000000-39100000	-0.069563	0.241248	-0.121246	1.07706
chr12-11200000-11300000	-0.009329	0.118395	0.255365	1.51799
chr12-46700000-46800000	-0.248432	-0.029815	-0.082351	6.52975
chr12-124700000-124800000	0.207261	0.074258	0.032823	2.03368
chr12-700000-800000	-0.020507	-0.077701	0.23144	3.06316
chr12-6500000-6600000	-0.100488	-0.105238	0.240691	5.20338
chr12-123100000-123200000	0.195709	0.081678	0.184262	2.19219
chr12-112100000-112200000	0.179542	0.024851	0.086194	3.17892
chr12-93800000-93900000	0.13425	-0.141301	-0.083171	3.59105
chr12-69500000-69600000	0.053875	-0.088348	-0.163095	1.45186
chr12-112200000-112300000	0.245604	0.047849	0.02568	3.55081
chr12-114600000-114700000	0.056583	0.181089	-0.019836	1.41718
chr12-63100000-63200000	-0.112385	-0.031597	-0.082535	2.5761
chr12-56700000-56800000	-0.199007	-0.064515	-0.117273	5.36102
chr12-92700000-92800000	0.158603	-0.146052	0.024688	1.3543
chr12-112300000-112400000	0.175063	0.077096	0.125462	1.8307
chr12-97500000-97600000	0.025484	0.113681	-0.079652	1.25279
chr12-4000000-4100000	-0.062908	0.221578	0.067405	1.1961
chr12-119400000-119500000	0.067274	0.277985	-0.07303	1.11521
chr12-133600000-133700000	0.149379	0.268948	0.023318	6.28959
chr12-67000000-67100000	-0.038297	0.112543	-0.011029	1.47715
chr12-41500000-41600000	-0.074231	0.079578	-0.035064	1.10192
chr12-112400000-112500000	0.209658	0.001432	0.050063	3.41687
chr12-23100000-23200000	-0.153709	0.183355	0.127177	1.40735
chr12-70400000-70500000	0.0946	-0.110199	-0.036724	1.2336
chr12-6400000-6500000	-0.024387	-0.055629	0.236303	6.96308
chr12-112600000-112700000	0.219391	-0.015197	0.068335	3.81353
chr12-76200000-76300000	-0.021414	-0.16607	-0.006162	2.43114
chr12-98200000-98300000	0.166188	0.125413	-0.141834	1.16152
chr12-112700000-112800000	0.168897	0.02956	0.091254	2.10637
chr12-112900000-113000000	0.219483	0.155614	0.031378	2.23566
chr12-59200000-59300000	-0.011669	-0.010528	-0.031749	1.48465
chr12-42300000-42400000	-0.058036	0.089993	-0.125591	1.43295
chr12-24300000-24400000	-0.144018	0.148408	0.059085	2.05176
chr12-11300000-11400000	-0.062596	0.034075	0.181053	2.80055
chr12-132500000-132600000	0.076976	0.281118	-0.098384	4.31885
chr12-128700000-128800000	0.008532	0.27871	-0.044789	1.20517
chr12-34600000-34700000	0.005586	0.009566	0.109159	1.01147
chr12-1200000-1300000	-0.056916	-0.094781	0.160216	2.18001
chr12-128000000-128100000	0.07806	0.243537	-0.019232	2.06649
chr12-83300000-83400000	0.045977	0.150128	-0.170211	1.2708
chr12-69800000-69900000	0.089896	-0.089541	-0.207354	2.65741
chr12-113200000-113300000	0.092012	0.173907	0.022414	1.33017
chr12-122200000-122300000	0.256918	0.090437	0.246056	7.81591
chr12-89100000-89200000	0.148254	-0.051272	-0.135386	1.54602
chr12-65800000-65900000	-0.001481	-0.13339	-0.058971	2.20988
chr12-113000000-113100000	0.16867	0.257118	-0.014885	1.13198
chr12-89000000-89100000	0.089119	-0.069517	-0.034143	1.36334
chr12-68400000-68500000	-0.087463	0.001806	-0.088119	1.88114
chr12-48800000-48900000	-0.141414	0.007148	-0.027497	1.25921
chr12-19600000-19700000	-0.090761	0.029765	0.142079	2.18311
chr12-118500000-118600000	0.150794	0.160704	0.069872	3.56603
chr12-113100000-113200000	0.055081	0.25806	-0.007429	1.16516
chr12-65600000-65700000	-0.058246	-0.070562	-0.027938	3.54084
chr12-63000000-63100000	-0.077422	0.006593	-0.011915	2.81265
chr12-49900000-50000000	-0.153415	-0.222575	-0.078831	3.69301
chr12-45000000-45100000	-0.04547	0.24326	-0.071223	1.06646
chr12-43600000-43700000	-0.092568	0.03237	-0.177669	2.81097
chr12-54700000-54800000	-0.103742	0.085255	-0.159797	4.87538
chr12-32100000-32200000	-0.038151	0.178485	0.175808	2.2162
chr12-113400000-113500000	0.239359	0.172317	-0.061723	1.7847
chr12-131000000-131100000	0.076117	0.338041	0.028321	1.15941
chr12-113900000-114000000	0.172153	0.263471	-0.03473	1.21455
chr12-15900000-16000000	-0.090663	0.088731	0.118963	2.72348
chr12-48400000-48500000	-0.166628	0.047854	-0.11152	2.51837
chr12-46100000-46200000	-0.184262	0.105427	-0.129275	4.11654
chr12-24500000-24600000	-0.157274	0.151282	0.060578	1.87274
chr12-114100000-114200000	0.153947	0.204295	0.016433	1.61475
chr12-59600000-59700000	-0.041987	0.108335	-0.074548	1.11326
chr12-39300000-39400000	-0.122789	0.184118	-0.160341	1.14965
chr12-28500000-28600000	-0.096481	-0.022008	0.197964	1.37296
chr12-133500000-133600000	0.196036	0.234486	0.003426	4.85299
chr12-130400000-130500000	0.025639	0.252032	-0.18888	1.24849
chr12-54600000-54700000	-0.147019	0.080005	-0.202789	4.10133
chr12-114200000-114300000	0.194354	0.287546	-0.037943	2.27774
chr12-114300000-114400000	0.169754	0.247145	0.067573	2.71333
chr12-128100000-128200000	0.192028	0.273749	-0.002301	1.42965
chr12-127300000-127400000	0.141277	0.188317	-0.11003	1.1913
chr12-61800000-61900000	-0.069602	0.059076	-0.155187	1.11031
chr12-114400000-114500000	0.08531	0.31631	-0.02692	1.98727
chr12-130200000-130300000	0.05619	0.217317	-0.112279	1.25273
chr12-90300000-90400000	0.141489	0.016783	-0.037381	1.54176
chr12-31000000-31100000	-0.120379	0.250444	0.054925	1.57054
chr12-114500000-114600000	0.141423	0.242626	-0.030587	1.21967
chr12-20500000-20600000	-0.067749	0.061709	0.043341	1.36533
chr12-20700000-20800000	-0.229197	0.117899	0.042609	1.42659
chr12-99700000-99800000	0.136773	0.09037	-0.176224	1.22872
chr12-68600000-68700000	-0.028242	-0.064983	-0.036224	1.58954
chr12-68100000-68200000	0.00811	0.01316	0.02894	2.03581
chr12-55200000-55300000	0.032054	0.201927	-0.192166	1.18042
chr12-28400000-28500000	0.021448	-0.043094	0.219548	1.4167
chr12-13300000-13400000	-0.082001	0.049932	0.15474	3.78015
chr12-31300000-31400000	-0.042808	0.262727	0.244556	1.36935
chr12-114700000-114800000	0.128364	0.105588	-0.004778	2.01755
chr12-60900000-61000000	-0.001361	0.05428	-0.242058	1.18134
chr12-46900000-47000000	-0.177311	-0.082982	-0.153892	3.12345
chr12-132900000-133000000	0.069314	0.379008	-0.150549	1.71809
chr12-114900000-115000000	0.133218	0.203857	0.091439	1.50348
chr12-117200000-117300000	0.185021	0.212407	0.024928	2.3634
chr12-124000000-124100000	0.315035	-0.010213	0.000829	5.25807
chr12-45200000-45300000	-0.003435	0.158693	-0.20786	1.15457
chr12-115000000-115100000	0.177758	0.266548	-0.002496	1.52605
chr12-117800000-117900000	0.213414	0.24317	-0.121608	1.20514
chr12-66800000-66900000	-0.002209	0.110078	-0.158174	1.43179
chr12-115100000-115200000	0.241899	0.1388	-0.045067	6.18977
chr12-15000000-15100000	-0.140854	0.190099	0.089588	1.6213
chr12-115200000-115300000	0.23436	0.250383	-0.011352	3.0264
chr12-115300000-115400000	0.202938	0.145232	-9.2e-05	2.49839
chr12-115600000-115700000	0.131774	0.11692	-0.035383	1.46496
chr12-89600000-89700000	-0.026402	-0.090209	-0.080677	2.42181
chr12-115700000-115800000	0.094281	0.163552	0.062074	2.11416
chr12-200000-300000	0.00165	-0.109111	0.292088	3.1009
chr12-24800000-24900000	-0.054216	0.083302	0.164567	1.5482
chr12-115900000-116000000	0.140582	0.145532	0.05623	1.2464
chr12-11600000-11700000	-0.09174	0.028683	0.112645	1.65482
chr12-45400000-45500000	-0.1963	0.171195	-0.165437	1.27039
chr12-119200000-119300000	0.081137	0.299698	-0.079783	1.13038
chr12-87800000-87900000	0.120432	-0.005596	-0.084562	1.27266
chr12-27800000-27900000	-0.073291	0.034381	0.178724	2.94834
chr12-118800000-118900000	0.14481	0.18315	-0.002438	3.50901
chr12-85300000-85400000	0.025336	0.03984	-0.134026	1.89306
chr12-56200000-56300000	-0.163243	-0.056047	-0.154555	5.57988
chr12-25600000-25700000	-0.168353	0.062744	0.10624	1.61564
chr12-116000000-116100000	0.102731	0.258836	0.046872	1.60285
chr12-116800000-116900000	0.245279	0.015379	0.10587	3.3639
chr12-29600000-29700000	-0.094969	0.140019	0.01852	2.52427
chr12-116200000-116300000	0.131071	0.268538	0.045347	1.24424
chr12-62700000-62800000	-0.12774	-0.047636	-0.043896	1.59804
chr12-116700000-116800000	0.262241	0.040809	0.0071	2.50343
chr12-116900000-117000000	0.184191	0.057218	0.058029	2.11851
chr12-73000000-73100000	-0.027633	-0.019979	-0.140537	1.30825
chr12-11700000-11800000	-0.158167	-0.082989	0.111289	1.68015
chr12-20200000-20300000	-0.115044	0.180973	0.13305	1.40722
chr12-24000000-24100000	-0.085862	0.161028	0.033113	1.34496
chr12-75700000-75800000	0.005303	-0.033288	-0.213795	2.76775
chr12-31800000-31900000	-0.034048	0.101046	0.153954	3.38114
chr12-122700000-122800000	0.229486	0.028012	0.147053	3.67368
chr12-117500000-117600000	0.196107	0.267088	-0.036634	1.75744
chr12-84800000-84900000	0.123354	0.102961	-0.243211	1.15733
chr12-117700000-117800000	0.105251	0.256309	-0.164661	1.17041
chr12-54800000-54900000	-0.067049	0.101479	-0.065619	5.58451
chr12-54400000-54500000	-0.065172	0.203301	-0.246883	1.9292
chr12-12500000-12600000	-0.020715	-0.101658	0.104843	3.46157
chr12-118000000-118100000	0.165564	0.207234	-0.013898	1.13787
chr12-126600000-126700000	0.064916	0.284294	0.009813	1.17287
chr12-40600000-40700000	-0.042244	0.131836	-0.188684	1.56686
chr12-118300000-118400000	0.258823	0.089807	-0.03181	1.27131
chr12-28100000-28200000	-0.15965	-0.011606	0.081856	2.51962
chr12-118100000-118200000	0.192502	0.284736	-0.073867	1.30913
chr12-75400000-75500000	0.01646	0.134432	-0.112015	1.0874
chr12-69700000-69800000	0.100965	-0.005492	-0.143726	2.25177
chr12-52300000-52400000	-0.114429	0.064689	-0.319154	4.32053
chr12-32300000-32400000	-0.054293	0.034419	0.138751	1.79642
chr12-18100000-18200000	-0.091827	0.197957	0.068098	1.16872
chr12-118200000-118300000	0.240141	0.188594	-0.122419	1.49816
chr12-123400000-123500000	0.305558	0.03918	0.114476	6.02531
chr12-14200000-14300000	-0.183002	0.22989	0.013459	1.22955
chr12-16000000-16100000	-0.212947	0.067698	0.101312	3.8061
chr12-30500000-30600000	-0.073358	0.254532	0.132827	2.10053
chr12-118600000-118700000	0.219564	0.123111	-0.028639	2.613
chr12-118900000-119000000	0.150215	0.282715	-0.087359	1.23798
chr12-11900000-12000000	-0.108736	-0.121882	0.107679	2.8531
chr12-119500000-119600000	0.073981	0.323086	0.0359	1.16384
chr12-56500000-56600000	-0.159665	-0.131887	-0.185671	6.87454
chr12-119600000-119700000	0.123681	0.213418	0.035962	3.45422
chr12-30300000-30400000	-0.11029	0.224167	0.082691	1.39523
chr12-119700000-119800000	0.054758	0.247643	-0.025502	1.1479
chr12-119900000-120000000	0.034013	0.272829	-0.01234	1.14172
chr12-56000000-56100000	-0.150078	0.088965	-0.176027	1.8609
chr12-12000000-12100000	-0.080276	-0.0297	0.162787	2.21082
chr12-27200000-27300000	-0.317011	-0.064783	0.036023	1.43382
chr12-129600000-129700000	0.020001	0.238692	-0.048651	1.17377
chr12-16500000-16600000	-0.209752	0.129378	0.169661	3.12172
chr12-94300000-94400000	0.16928	-0.045554	0.042946	2.06117
chr12-49200000-49300000	-0.094131	-0.188187	-0.111254	5.69143
chr12-41700000-41800000	-0.13248	0.057099	-0.127269	1.18365
chr12-30600000-30700000	-0.171227	0.241233	0.075012	1.41497
chr12-96200000-96300000	0.06058	-0.026309	-0.07351	2.34721
chr12-98700000-98800000	0.086905	0.094015	-0.222754	1.51464
chr12-120000000-120100000	0.139098	0.221859	0.034765	1.18725
chr12-64500000-64600000	-0.066805	-0.069277	-0.107159	3.29281
chr12-42100000-42200000	-0.1713	0.157956	-0.134938	1.10755
chr12-122500000-122600000	0.278381	0.132607	0.200089	5.56857
chr12-120300000-120400000	0.005218	0.2733	0.012764	1.7732
chr12-28700000-28800000	-0.05906	-0.047528	0.129519	1.66588
chr12-120500000-120600000	0.178711	0.145919	0.100921	5.15587
chr12-120600000-120700000	0.206223	0.071356	0.103977	8.73242
chr12-120700000-120800000	0.28556	0.107698	0.066505	4.41379
chr12-120900000-121000000	0.283566	0.071149	0.06605	4.47561
chr12-126900000-127000000	0.135717	0.201988	-0.066008	1.28312
chr12-128900000-129000000	0.088495	0.309542	-0.174929	1.16124
chr12-63600000-63700000	-0.060589	0.085292	-0.072575	1.66072
chr12-43500000-43600000	-0.100816	0.01131	-0.05423	1.25141
chr12-18300000-18400000	-0.189323	0.132046	0.034733	1.13785
chr12-18700000-18800000	-0.109833	0.075275	0.140148	1.23347
chr12-76400000-76500000	-0.042781	-0.093331	-0.037161	4.79257
chr12-89800000-89900000	0.06855	-0.126312	-0.173735	2.45552
chr12-56600000-56700000	-0.208382	-0.098658	-0.191534	6.89013
chr12-52200000-52300000	-0.188834	-0.002835	-0.293057	3.45805
chr12-12100000-12200000	-0.138898	-0.103347	0.14887	1.89307
chr12-98300000-98400000	0.063034	0.148143	-0.08259	1.24079
chr12-132600000-132700000	0.097189	0.402745	-0.11658	3.71865
chr12-62200000-62300000	0.012951	0.170066	-0.193166	1.14042
chr12-130500000-130600000	0.126135	0.270881	-0.102434	1.32842
chr12-55100000-55200000	-0.044953	0.268289	-0.192474	1.1223
chr12-46800000-46900000	-0.166001	-0.095184	-0.067653	2.51196
chr12-121100000-121200000	0.2031	0.186037	0.134779	3.71443
chr12-58300000-58400000	-0.145097	0.097437	-0.138634	2.82786
chr12-50300000-50400000	-0.094815	-0.174369	-0.029003	2.17836
chr12-121200000-121300000	0.131925	0.13223	0.159398	1.87171
chr12-22000000-22100000	-0.208936	0.209806	-0.007283	1.48846
chr12-51500000-51600000	-0.155679	-0.096027	-0.253016	2.8443
chr12-51100000-51200000	-0.116121	-0.129474	-0.170235	3.50904
chr12-121500000-121600000	0.217543	0.126572	0.16797	1.54787
chr12-13800000-13900000	-0.108265	0.180462	0.038942	1.10476
chr12-95100000-95200000	0.217157	0.006517	-0.037328	1.45109
chr12-47400000-47500000	-0.165034	-0.07658	-0.056998	3.94939
chr12-12200000-12300000	-0.062356	0.00404	0.180203	2.52754
chr12-96600000-96700000	0.087991	-0.05509	-0.093755	3.51937
chr12-45300000-45400000	-0.096618	0.121583	-0.112733	1.21013
chr12-18000000-18100000	-0.217302	0.182057	0.081808	1.18449
chr12-92500000-92600000	0.11619	-0.056767	-0.044034	2.80643
chr12-98800000-98900000	-0.007918	0.079741	-0.102603	2.14475
chr12-41200000-41300000	-0.131123	0.148412	-0.194678	1.27445
chr12-29800000-29900000	-0.13882	0.132951	0.057548	2.67089
chr12-27600000-27700000	-0.101211	0.01117	0.129168	2.72358
chr12-14400000-14500000	-0.258649	0.002702	0.154079	3.66315
chr12-78200000-78300000	0.040946	-0.042796	-0.053478	1.20673
chr12-122000000-122100000	0.293655	0.104362	0.20075	4.5845
chr12-128300000-128400000	0.072864	0.241948	0.059644	1.27313
chr12-131300000-131400000	0.01482	0.302064	0.001648	4.70083
chr12-33300000-33400000	-0.110476	0.229616	0.190798	1.13663
chr12-122100000-122200000	0.256507	0.040196	0.234615	3.59352
chr12-122400000-122500000	0.214366	0.069843	0.182249	3.62206
chr12-128600000-128700000	0.015506	0.237109	-0.154783	1.2542
chr12-5400000-5500000	-0.105141	0.089152	0.191365	1.70082
chr12-32200000-32300000	0.024169	0.07377	0.20154	2.99787
chr12-122800000-122900000	0.177947	-0.035439	0.114859	3.26587
chr12-16700000-16800000	-0.16586	0.132552	-0.033294	1.28788
chr12-1800000-1900000	-0.079347	0.08417	0.278785	2.31197
chr12-74000000-74100000	-0.100544	0.081616	-0.213467	1.1535
chr12-54200000-54300000	-0.129378	0.145408	-0.091552	1.46041
chr12-50600000-50700000	-0.170937	-0.126697	-0.155708	3.44321
chr12-12800000-12900000	-0.11564	-0.01917	0.249603	4.02889
chr12-52400000-52500000	-0.188348	0.008601	-0.270425	4.73685
chr12-126400000-126500000	0.148448	0.200443	-0.209355	1.1476
chr12-122900000-123000000	0.199128	-0.062015	0.164234	4.09125
chr12-58600000-58700000	-0.075495	0.138929	-0.087975	1.18528
chr12-78400000-78500000	0.10774	-0.079251	-0.062146	1.75055
chr12-12300000-12400000	-0.03646	-0.082623	0.142346	1.91618
chr12-54500000-54600000	-0.052568	0.132668	-0.280582	1.89142
chr12-127000000-127100000	0.052599	0.259093	-0.11447	1.11008
chr12-123000000-123100000	0.181694	0.015279	0.185638	2.72143
chr12-67500000-67600000	0.102051	0.033377	-0.142075	1.0731
chr12-27100000-27200000	-0.275055	0.000278	-0.009927	2.70857
chr12-123200000-123300000	0.189331	0.029736	0.1582	3.16302
chr12-23300000-23400000	-0.1307	0.258068	0.111607	1.17925
chr12-123600000-123700000	0.161558	0.095753	0.112492	2.96773
chr12-7600000-7700000	-0.20653	0.161203	0.00301	1.47653
chr12-71000000-71100000	-0.080049	-0.064871	-0.024954	2.49633
chr12-123700000-123800000	0.216786	0.008315	0.122287	5.40849
chr12-80600000-80700000	0.00035	-0.096055	-0.06469	1.67372
chr12-84000000-84100000	0.172914	-0.017069	-0.179732	1.14452
chr12-123900000-124000000	0.263157	-0.023534	0.094002	4.42996
chr12-12400000-12500000	-0.051782	-0.037804	0.213169	3.108
chr12-13600000-13700000	-0.133624	0.215535	0.016833	1.21222
chr12-124100000-124200000	0.306162	0.096024	-0.014988	3.97652
chr12-3600000-3700000	-0.043638	0.282512	0.087054	1.24505
chr12-25100000-25200000	-0.149932	0.118008	0.193975	3.08056
chr12-124200000-124300000	0.260776	0.191474	0.024829	1.96517
chr12-124900000-125000000	0.301599	0.065242	-0.125859	6.34487
chr12-45700000-45800000	-0.100632	0.037652	-0.063915	1.84267
chr12-125800000-125900000	0.131373	0.296389	-0.056275	1.16963
chr12-65200000-65300000	-0.081427	0.025867	-0.04926	1.82138
chr12-49400000-49500000	-0.14389	-0.203088	-0.163848	6.82671
chr12-49600000-49700000	-0.134665	-0.140702	-0.21622	4.27499
chr12-41600000-41700000	-0.080433	0.178912	-0.112591	1.23658
chr12-125000000-125100000	0.252975	0.097473	-0.177294	5.20603
chr12-125400000-125500000	0.22746	0.263067	-0.033826	4.19076
chr12-133000000-133100000	0.166107	0.40139	-0.125717	3.55557
chr12-89700000-89800000	0.07021	-0.104534	-0.051026	4.49415
chr12-52500000-52600000	-0.179821	0.101458	-0.29792	10.6819
chr12-125600000-125700000	0.199231	0.251281	-0.128744	2.24016
chr12-15600000-15700000	-0.203924	0.096375	0.038854	1.38657
chr12-88600000-88700000	0.03608	-0.112136	-0.207958	1.50575
chr12-6700000-6800000	-0.155555	-0.10684	0.172707	5.29858
chr12-60000000-60100000	-0.059242	0.061876	-0.051716	1.25542
chr12-95700000-95800000	0.092477	-0.019104	0.03722	1.75859
chr12-64200000-64300000	-0.007641	-0.035804	0.006362	3.16583
chr12-59700000-59800000	-0.12703	0.080247	-0.164927	1.28992
chr12-125700000-125800000	0.080359	0.278329	-0.170811	1.22331
chr12-125900000-126000000	0.056955	0.304252	0.040317	1.21947
chr12-12600000-12700000	-0.106406	-0.108126	0.077698	2.16222
chr12-127600000-127700000	0.173967	0.125663	-0.133098	1.42976
chr12-90200000-90300000	0.125618	-0.110742	-0.041642	1.59107
chr12-1400000-1500000	-0.08208	-0.086656	0.169431	2.12252
chr12-96400000-96500000	0.103636	0.024704	0.016	2.35956
chr12-6000000-6100000	-0.134662	0.103396	0.158248	1.55541
chr12-126000000-126100000	0.053922	0.233696	-0.068439	1.1134
chr12-29700000-29800000	-0.073155	0.125545	0.149941	2.71191
chr12-128500000-128600000	0.008223	0.217246	-0.015861	1.19988
chr12-17700000-17800000	-0.172786	0.279646	0.123671	1.13733
chr12-97600000-97700000	0.139423	0.131246	-0.097638	1.1007
chr12-126100000-126200000	-0.020405	0.215013	-0.167672	1.16347
chr12-64100000-64200000	-0.01108	-0.165404	-0.047461	3.62743
chr12-39700000-39800000	-0.086965	0.101958	-0.074715	1.11136
chr12-126500000-126600000	0.10813	0.246856	-0.104309	1.19753
chr12-131700000-131800000	0.175366	0.248673	-0.152715	1.26776
chr12-88000000-88100000	0.125967	0.038313	-0.124751	1.37501
chr12-126800000-126900000	0.083235	0.229014	-0.175611	1.25418
chr12-21500000-21600000	-0.101152	0.123391	0.138411	3.17354
chr12-56800000-56900000	-0.176207	-0.101961	-0.147172	3.14502
chr12-127800000-127900000	0.054238	0.17497	-0.08389	1.24043
chr12-38000000-38100000	-0.045601	-0.128713	0.090794	1.1734
chr12-21700000-21800000	-0.033449	0.10914	0.218101	1.38014
chr12-127900000-128000000	0.166327	0.173909	-0.023941	1.3548
chr12-72900000-73000000	0.013241	0.104111	-0.134466	1.42225
chr12-12900000-13000000	-0.218315	-0.0473	0.146199	4.21883
chr12-66400000-66500000	-0.054153	-0.018458	-0.193597	1.75202
chr12-5700000-5800000	-0.195605	0.029775	0.134562	1.68385
chr12-6100000-6200000	-0.17734	0.000171	0.176166	2.90611
chr12-3100000-3200000	-0.111419	0.146722	0.225281	3.40287
chr12-129100000-129200000	0.083808	0.27582	-0.17811	1.23819
chr12-129300000-129400000	0.120295	0.221553	0.026078	4.66914
chr12-129400000-129500000	0.054278	0.285591	-0.029578	1.17414
chr12-44600000-44700000	-0.168997	0.14096	-0.154317	1.27451
chr12-129700000-129800000	0.00451	0.305003	-0.143699	1.16627
chr12-84400000-84500000	0.086526	0.121776	-0.128126	1.21978
chr12-72400000-72500000	0.009688	-0.042235	-0.087295	1.57574
chr12-81600000-81700000	-0.023477	0.111079	-0.142842	1.39687
chr12-129800000-129900000	0.033425	0.300243	-0.028692	1.13985
chr12-13000000-13100000	-0.155132	-0.005599	0.19201	4.2624
chr12-91000000-91100000	0.105815	-0.113385	-0.115079	1.3353
chr12-22300000-22400000	-0.189471	0.165069	0.150588	1.24326
chr12-130300000-130400000	-0.040324	0.287678	-0.089965	1.21998
chr12-65300000-65400000	0.016937	-0.045343	-0.01685	1.35556
chr12-130800000-130900000	0.127559	0.317362	-0.149502	1.22755
chr12-98600000-98700000	0.102896	0.184854	-0.145031	1.13685
chr12-34000000-34100000	-0.115352	0.063135	0.191214	1.19226
chr12-132400000-132500000	0.166263	0.277911	-0.131701	5.02409
chr12-130900000-131000000	0.16803	0.336545	-0.028766	1.22412
chr12-13100000-13200000	-0.197186	0.044539	0.105599	3.5844
chr12-82200000-82300000	0.094323	0.105178	-0.15163	1.11256
chr12-131200000-131300000	0.069838	0.214842	0.074121	2.14033
chr12-8000000-8100000	-0.265131	-0.038315	0.089897	2.21013
chr12-41800000-41900000	-0.064368	0.150478	-0.071649	1.41559
chr12-18400000-18500000	-0.11333	0.081357	0.129982	1.44001
chr12-43200000-43300000	-0.085454	-0.091918	-0.054956	1.8795
chr12-131600000-131700000	0.256983	0.215106	-0.140786	1.22431
chr12-131900000-132000000	0.11724	0.357219	-0.060888	1.19967
chr12-33400000-33500000	-0.043352	0.283173	0.117461	1.15241
chr12-132100000-132200000	0.129484	0.37554	-0.074266	4.8636
chr12-19700000-19800000	-0.17224	0.087049	0.103817	1.98958
chr12-62600000-62700000	-0.106402	0.00368	-0.144921	3.70145
chr12-300000-400000	0.0133	-0.037163	0.269731	1.84222
chr12-15500000-15600000	-0.118201	0.047272	0.108752	1.18654
chr12-133700000-133800000	0.139647	0.332185	-0.011482	3.64861
chr12-77600000-77700000	0.035555	-0.0391	-0.061626	1.37181
chr12-66200000-66300000	-0.00631	-0.119084	-0.105258	3.85298
chr12-13400000-13500000	-0.037657	0.184964	0.106975	1.62021
chr12-2100000-2200000	-0.065531	0.154754	0.162731	3.32927
chr12-33100000-33200000	-0.086278	0.191214	0.219008	1.17234
chr12-33900000-34000000	-0.042012	0.152661	0.176088	1.27459
chr12-13900000-14000000	-0.14538	0.233063	0.12671	1.18663
chr12-6800000-6900000	-0.174168	-0.05783	0.182006	5.85839
chr12-61300000-61400000	-0.184637	0.038103	-0.097129	1.16919
chr12-18500000-18600000	-0.009744	0.030577	0.101747	1.39962
chr12-69300000-69400000	0.069586	-0.086067	-0.106347	1.68468
chr12-14100000-14200000	-0.184716	0.201052	0.121515	1.67416
chr12-14900000-15000000	-0.202554	0.092574	0.064993	4.80551
chr12-15400000-15500000	-0.199622	0.098374	0.061062	1.73538
chr12-77200000-77300000	-0.013995	-0.059474	0.028229	2.55928
chr12-38700000-38800000	-0.104307	0.332378	-0.10678	1.68502
chr12-81200000-81300000	0.022375	0.043807	-0.019738	1.56644
chr12-1600000-1700000	-0.021204	-0.065298	0.168048	5.11049
chr12-83100000-83200000	0.055379	0.157255	-0.15374	1.35788
chr12-23400000-23500000	-0.201613	0.15873	0.074757	1.16513
chr12-23800000-23900000	-0.065337	0.208918	0.016348	1.36372
chr12-72500000-72600000	0.08954	-0.052089	-0.175067	1.22948
chr12-47600000-47700000	-0.211094	-0.084464	-0.168645	3.12691
chr12-81000000-81100000	0.057082	-0.03051	0.006697	1.46053
chr12-65000000-65100000	0.040507	-0.024453	-0.070198	3.34736
chr12-16200000-16300000	-0.173857	0.235903	0.07478	1.1898
chr12-16300000-16400000	-0.067679	0.193351	0.020448	1.12409
chr12-96300000-96400000	0.149807	0.05719	-0.097624	2.47374
chr12-16900000-17000000	-0.215261	0.12569	0.045741	1.10809
chr12-68700000-68800000	-0.030013	-0.078572	-0.145177	2.53615
chr12-44400000-44500000	-0.195029	0.142598	-0.138759	1.56922
chr12-40200000-40300000	-0.081199	0.150093	-0.189818	1.34712
chr12-40400000-40500000	-0.05203	0.156582	-0.046164	1.99981
chr12-17200000-17300000	-0.07781	0.244442	-0.020642	1.09647
chr12-68800000-68900000	0.02297	-0.159675	-0.105801	1.93918
chr12-93300000-93400000	0.183215	-0.073371	-0.137541	3.1182
chr12-97700000-97800000	0.022449	0.189574	-0.121048	1.21114
chr12-53300000-53400000	-0.279783	0.080475	-0.184849	4.28365
chr12-17300000-17400000	-0.162543	0.228482	0.059048	1.16429
chr12-86500000-86600000	0.074682	-0.026417	-0.076667	1.2686
chr12-39800000-39900000	-0.173277	0.023921	-0.084097	1.97317
chr12-24600000-24700000	-0.057032	0.124978	0.091507	1.90384
chr12-17600000-17700000	-0.070786	0.264054	0.036648	1.13524
chr12-17900000-18000000	-0.170631	0.20162	0.185893	1.16285
chr12-18200000-18300000	-0.178828	0.13875	0.164812	1.17013
chr12-2000000-2100000	-0.003331	0.120132	0.224874	2.27213
chr12-19900000-20000000	-0.24086	0.059734	0.106486	1.83764
chr12-18600000-18700000	-0.01527	0.133811	0.173283	1.19569
chr12-18900000-19000000	-0.124865	0.020011	0.151997	1.4127
chr12-1900000-2000000	0.003898	0.044533	0.187002	2.87986
chr12-22500000-22600000	-0.260368	0.198839	0.145143	1.24256
chr12-73600000-73700000	0.004507	0.110055	-0.126523	1.23204
chr12-19000000-19100000	-0.125108	0.131244	0.173313	1.31199
chr12-40700000-40800000	-0.100596	0.101633	-0.070814	1.32638
chr12-19100000-19200000	-0.098748	0.023955	0.126191	1.57815
chr12-57500000-57600000	-0.158584	-0.222865	-0.002925	8.69912
chr12-500000-600000	0.045215	-0.071957	0.204068	1.77011
chr12-19400000-19500000	-0.127483	0.00496	0.07857	1.83458
chr12-19800000-19900000	-0.196492	0.080374	-0.01338	1.92788
chr12-73400000-73500000	0.045415	0.046478	-0.31076	1.13179
chr12-60300000-60400000	-0.030266	0.061819	-0.210231	1.51319
chr12-24400000-24500000	-0.040137	0.19002	0.083644	1.67189
chr12-20000000-20100000	-0.141578	0.016806	0.074818	1.48853
chr12-20600000-20700000	-0.12332	0.165103	-0.003618	1.5228
chr12-24900000-25000000	-0.151015	0.171509	0.171955	1.79236
chr12-20900000-21000000	-0.225263	0.228154	0.08235	1.11204
chr12-23500000-23600000	-0.161089	0.250959	0.014563	1.10006
chr12-70800000-70900000	-0.022043	0.010885	-0.201095	1.34438
chr12-50200000-50300000	-0.108535	-0.193038	-0.079554	4.77092
chr12-21100000-21200000	-0.2477	0.152978	0.08911	1.13562
chr12-72800000-72900000	0.01559	0.000167	-0.204556	1.30602
chr12-21600000-21700000	-0.139121	0.041036	0.204284	3.48354
chr12-8800000-8900000	-0.032514	0.092681	0.228867	2.54266
chr12-21900000-22000000	-0.179327	0.139158	0.064653	1.57097
chr12-30000000-30100000	-0.129408	0.098046	0.114103	1.35271
chr12-2200000-2300000	-0.094954	0.198636	0.23191	2.77395
chr12-55000000-55100000	-0.038862	0.166958	-0.244312	1.17375
chr12-22400000-22500000	-0.167211	0.2274	0.07807	1.78745
chr12-22600000-22700000	-0.157168	0.107312	0.101778	3.35247
chr12-22900000-23000000	-0.130043	0.203979	0.159328	1.54439
chr12-23900000-24000000	-0.165372	0.2265	-0.03862	1.32671
chr12-64600000-64700000	-0.03482	0.005602	-0.203849	2.70662
chr12-24100000-24200000	-0.121741	0.049724	0.084949	1.60622
chr12-53800000-53900000	-0.165468	0.012052	-0.229969	6.00362
chr12-2500000-2600000	-0.033455	0.166051	0.260113	1.68677
chr12-25400000-25500000	-0.145374	0.022155	0.122602	2.18799
chr12-72100000-72200000	-0.088066	-0.049914	-0.104644	2.78479
chr12-61000000-61100000	0.004997	0.037119	-0.106436	1.24332
chr12-25200000-25300000	-0.137486	0.07023	0.107167	1.41962
chr12-25500000-25600000	-0.081919	0.00146	0.192109	3.59855
chr12-25900000-26000000	-0.016778	0.06349	0.150472	1.82939
chr12-26100000-26200000	-0.118864	-0.016903	0.194381	3.04646
chr12-33600000-33700000	-0.075123	0.116549	0.126577	1.13691
chr12-26500000-26600000	-0.102983	0.054923	0.121836	1.53008
chr12-26600000-26700000	-0.015653	-0.021754	0.128323	1.37551
chr12-82000000-82100000	0.107315	0.047772	-0.212162	1.2442
chr12-40100000-40200000	-0.054832	0.223857	-0.09736	1.50264
chr12-26700000-26800000	-0.096458	0.019644	0.078901	1.59885
chr12-99000000-99100000	0.093894	0.037723	-0.035192	3.24277
chr12-73200000-73300000	-0.087907	0.083934	-0.202017	1.21302
chr12-26800000-26900000	-0.212618	0.070644	0.057896	1.71079
chr12-80500000-80600000	0.093347	-0.153373	-0.130132	1.59767
chr12-26900000-27000000	-0.201957	-0.039899	0.064815	2.74999
chr12-80900000-81000000	0.053075	-0.150029	-0.026662	2.2434
chr12-29200000-29300000	-0.196637	0.072594	0.165438	1.70073
chr12-27000000-27100000	-0.193938	0.058119	0.020754	2.77236
chr12-29100000-29200000	-0.069151	0.09481	0.128797	1.51789
chr12-90600000-90700000	0.172625	-0.019366	-0.100883	1.59588
chr12-27300000-27400000	-0.219113	-0.088418	0.032647	2.66422
chr12-27400000-27500000	-0.195026	-0.074047	0.12115	3.03302
chr12-76000000-76100000	-0.02215	-0.174391	-0.052153	2.61107
chr12-78700000-78800000	-0.048629	-0.067249	-0.099477	1.26235
chr12-87600000-87700000	0.017477	-0.016572	-0.205216	1.46257
chr12-34500000-34600000	-0.04182	0.035989	0.153668	1.34001
chr12-27700000-27800000	-0.105914	-0.05853	0.094257	2.26923
chr12-74100000-74200000	-0.068865	0.187145	-0.138371	1.12729
chr12-27900000-28000000	-0.053709	-0.088894	0.158121	3.2826
chr12-2800000-2900000	0.022957	0.186556	0.138415	1.37381
chr12-4300000-4400000	-0.086109	0.194253	0.1491	5.59372
chr12-28200000-28300000	-0.065773	0.020629	0.083528	1.50834
chr12-28300000-28400000	-0.067054	-0.07926	0.141721	4.04379
chr12-59300000-59400000	-0.098824	0.013873	-0.112726	2.19842
chr12-48600000-48700000	-0.126728	0.097811	-0.171153	1.40582
chr12-28600000-28700000	-0.169631	-0.043787	0.124798	1.42614
chr12-28800000-28900000	-0.158201	0.005641	0.1704	1.32154
chr12-88400000-88500000	0.058847	-0.084749	-0.21893	2.11548
chr12-28900000-29000000	-0.067216	-0.019814	0.18506	1.29564
chr12-2900000-3000000	-0.043358	0.232775	0.228447	4.17558
chr12-69400000-69500000	-0.015712	-0.070041	-0.070503	2.465
chr12-29000000-29100000	-0.10684	-0.008491	0.070956	1.58445
chr12-85400000-85500000	0.102813	0.067963	-0.041445	1.38933
chr12-29300000-29400000	-0.165596	0.036529	0.062992	2.63119
chr12-45500000-45600000	-0.122665	0.040673	-0.148266	1.38158
chr12-29400000-29500000	-0.171599	0.127318	0.139851	1.6725
chr12-8600000-8700000	-0.252563	0.0804	0.134704	1.20252
chr12-32800000-32900000	-0.000809	-0.020128	0.220698	2.83501
chr12-5800000-5900000	-0.149025	0.127751	0.17735	1.46872
chr12-29500000-29600000	-0.196676	0.075366	0.035364	2.8988
chr12-94100000-94200000	0.129987	0.008427	-0.019016	2.39024
chr12-30800000-30900000	-0.025744	0.147612	0.107432	3.21443
chr12-29900000-30000000	-0.233072	0.097064	0.052706	3.32825
chr12-30400000-30500000	-0.103316	0.158551	0.185134	1.31311
chr12-30700000-30800000	-0.07625	0.249085	0.155649	1.47817
chr12-30900000-31000000	-0.030057	0.25994	0.164094	5.12492
chr12-51000000-51100000	-0.115297	-0.116874	-0.0873	2.22231
chr12-31200000-31300000	-0.086643	0.369375	0.193615	1.36073
chr12-75100000-75200000	-0.04141	-0.051874	-0.134071	1.34061
chr12-31400000-31500000	0.011275	0.158431	0.189798	3.09004
chr12-66600000-66700000	-0.000998	0.074268	-0.143932	2.04347
chr12-31500000-31600000	-0.010379	0.04605	0.24519	1.64001
chr12-9500000-9600000	-0.114304	0.085767	0.27327	1.32775
chr12-31600000-31700000	-0.080423	0.044603	0.147252	1.85229
chr12-86200000-86300000	0.111063	-0.034421	-0.146795	1.18626
chr12-57700000-57800000	-0.121289	-0.202072	-0.070151	2.33896
chr12-75300000-75400000	-0.04895	0.038029	-0.06383	1.23093
chr12-37800000-37900000	-0.014858	-0.202522	0.140822	1
chr12-31700000-31800000	-0.059107	0.008454	0.252494	2.80086
chr12-31900000-32000000	-0.02044	0.041692	0.259636	1.55056
chr12-32600000-32700000	-0.011645	0.066861	0.131814	1.76554
chr12-32700000-32800000	-0.062428	-0.018014	0.11202	2.51679
chr12-32900000-33000000	-0.063104	-0.019267	0.088169	3.92498
chr12-33500000-33600000	-0.069091	0.193286	0.028944	1.10374
chr12-33800000-33900000	-0.160112	0.177435	0.156048	1.14329
chr12-63700000-63800000	-0.039311	-0.026884	-0.120949	1.42332
chr12-52700000-52800000	-0.14888	0.216452	-0.17856	1.75764
chr12-34400000-34500000	-0.119823	0.029252	0.200184	1.29861
chr12-7000000-7100000	-0.206674	-0.030577	0.233404	7.61892
chr12-34700000-34800000	0.006669	-0.058241	0.09281	1.16617
chr12-89300000-89400000	0.143676	-0.095211	-0.041775	1.57194
chr12-70100000-70200000	-0.010746	-0.054104	-0.050903	1.98503
chr12-94200000-94300000	0.066175	-0.046856	0.052526	2.12082
chr12-34800000-34900000	-0.015062	-0.135649	0.131154	1.71212
chr12-73100000-73200000	0.029415	0.047295	-0.231034	1.17827
chr12-42000000-42100000	-0.065963	0.202259	-0.201097	1.16724
chr12-3500000-3600000	-0.123151	0.24723	0.11215	1.22194
chr12-50100000-50200000	-0.168879	-0.183892	-0.107324	4.44334
chr12-36300000-36400000	-0.015533	-0.201649	0.141893	0
chr12-38300000-38400000	-0.09903	0.098981	-0.031608	1.02558
chr12-38400000-38500000	-0.127178	0.192754	-0.090219	1.76884
chr12-90100000-90200000	0.062351	-0.141774	-0.139475	3.18253
chr12-38500000-38600000	-0.147384	0.298451	-0.136135	1.51343
chr12-38600000-38700000	-0.111136	0.240047	-0.221911	1.18756
chr12-3900000-4000000	-0.014699	0.206767	0.177362	2.25817
chr12-51800000-51900000	-0.081967	4.5e-05	-0.297885	1.7613
chr12-39100000-39200000	0.023015	0.170155	-0.15861	1.13485
chr12-71200000-71300000	0.061169	0.027128	-0.057349	1.34256
chr12-39200000-39300000	-0.043467	0.150999	-0.055249	1.26103
chr12-57200000-57300000	-0.107586	-0.132309	-0.114132	1.6438
chr12-39400000-39500000	-0.078909	0.250623	-0.076028	1.15383
chr12-39900000-40000000	-0.115579	0.137861	-0.049864	1.14659
chr12-40800000-40900000	-0.162494	0.200465	-0.113154	1.17778
chr12-800000-900000	0.032722	-0.068619	0.25402	3.12174
chr12-40900000-41000000	-0.060218	0.151518	-0.077532	1.15497
chr12-41300000-41400000	-0.061135	0.08234	-0.098016	1.16337
chr12-41900000-42000000	-0.044921	0.084515	-0.163154	1.34329
chr12-42400000-42500000	-0.152013	0.114048	-0.219703	1.46004
chr12-42500000-42600000	-0.198172	0.069745	-0.090333	2.24767
chr12-42600000-42700000	-0.200332	-0.037976	-0.135783	2.50768
chr12-84100000-84200000	0.067052	0.02264	-0.239054	1.11045
chr12-42800000-42900000	-0.111631	0.014915	-0.150894	3.11958
chr12-42900000-43000000	-0.190355	-0.034002	-0.068484	3.19433
chr12-43300000-43400000	-0.134621	0.008572	-0.081049	1.79454
chr12-4600000-4700000	-0.107086	0.177527	0.168415	2.15445
chr12-43400000-43500000	-0.031278	0.012464	-0.139413	1.529
chr12-43900000-44000000	-0.190805	0.184644	-0.171554	1.19042
chr12-4400000-4500000	0.000152	0.21005	0.247098	2.96555
chr12-44000000-44100000	-0.133937	0.103112	-0.210949	1.39159
chr12-44200000-44300000	-0.137331	0.093226	-0.197911	3.09185
chr12-44300000-44400000	-0.08104	0.209727	-0.137939	1.52987
chr12-44500000-44600000	-0.092833	0.168573	-0.068446	1.27526
chr12-44700000-44800000	-0.117136	0.214707	-0.071183	1.36689
chr12-44800000-44900000	-0.091675	0.202224	-0.184214	1.15624
chr12-44900000-45000000	-0.14638	0.188125	-0.078957	1.13501
chr12-45900000-46000000	-0.184277	0.094947	-0.09455	1.32594
chr12-46300000-46400000	-0.18683	-0.021078	-0.168151	3.84921
chr12-73800000-73900000	-0.035329	0.161022	-0.056179	1.1699
chr12-77400000-77500000	0.045175	-0.111268	0.017343	2.84703
chr12-46500000-46600000	-0.095576	-0.011144	-0.141413	1.65796
chr12-46600000-46700000	-0.195591	-0.033823	-0.172636	4.06765
chr12-47000000-47100000	-0.214476	0.014375	-0.151762	2.31771
chr12-47100000-47200000	-0.168302	-0.086665	-0.167506	2.1819
chr12-8200000-8300000	-0.236144	-0.004268	0.143492	2.81629
chr12-47300000-47400000	-0.199318	0.03825	-0.106643	2.77214
chr12-81400000-81500000	-0.017315	-0.005712	-0.061352	1.6369
chr12-69200000-69300000	-0.023666	-0.063142	-0.052645	3.36227
chr12-47800000-47900000	-0.082186	0.074035	-0.185039	2.28365
chr12-47900000-48000000	-0.15974	0.108089	-0.124934	1.726
chr12-4800000-4900000	-0.067457	0.221627	0.225376	1.28823
chr12-48000000-48100000	-0.138593	0.113503	-0.22707	2.34818
chr12-48100000-48200000	-0.232853	0.049317	-0.188716	5.58166
chr12-48200000-48300000	-0.182986	0.019197	-0.123424	5.51247
chr12-62800000-62900000	-0.022373	-0.008904	-0.109982	3.02926
chr12-48500000-48600000	-0.092924	0.102579	-0.048185	3.94284
chr12-97000000-97100000	0.191443	0.05165	-0.140779	1.10186
chr12-48900000-49000000	-0.049851	-0.029932	0.021045	1.15055
chr12-4900000-5000000	-0.022464	0.155868	0.134306	1.30464
chr12-49000000-49100000	-0.101433	-0.140873	-0.012537	2.89717
chr12-98400000-98500000	0.153935	0.165124	-0.167181	1.20675
chr12-49800000-49900000	-0.143924	-0.179515	-0.097666	2.65156
chr12-50700000-50800000	-0.134168	-0.181446	-0.096799	2.54803
chr12-50900000-51000000	-0.142411	-0.156533	-0.039717	2.19419
chr12-55400000-55500000	-0.007648	0.24405	-0.129356	1.17618
chr12-5100000-5200000	-0.067132	0.073142	0.220964	2.19873
chr12-60100000-60200000	-0.118641	0.127702	-0.138311	1.57369
chr12-51700000-51800000	-0.020831	-0.081433	-0.225272	4.25803
chr12-51900000-52000000	-0.068843	-0.073471	-0.338927	3.2911
chr12-52000000-52100000	-0.037399	-0.034264	-0.267997	1.66022
chr12-52600000-52700000	-0.150598	0.144835	-0.239452	5.07136
chr12-56400000-56500000	-0.084166	-0.113603	-0.136177	4.03521
chr12-52800000-52900000	-0.15818	0.120192	-0.15621	1.49383
chr12-76300000-76400000	-0.033498	-0.199125	-0.098009	3.21161
chr12-52900000-53000000	-0.126571	0.129943	-0.224981	1.25107
chr12-73500000-73600000	0.06301	0.161019	-0.234072	1.07526
chr12-53100000-53200000	-0.211183	0.175983	-0.144435	1.27525
chr12-71600000-71700000	0.019701	0.053785	-0.177714	1.24708
chr12-5500000-5600000	-0.141478	-0.010689	0.155776	5.38974
chr12-79600000-79700000	0.039755	-0.038166	-0.188507	1.39787
chr12-53500000-53600000	-0.265874	0.000415	-0.212808	4.47481
chr12-53600000-53700000	-0.241772	0.019868	-0.253658	7.04575
chr12-53700000-53800000	-0.190331	-0.019556	-0.25214	5.59348
chr12-53900000-54000000	-0.192988	0.011598	-0.128896	2.84489
chr12-65100000-65200000	0.02791	0.077429	0.010287	2.51551
chr12-54100000-54200000	-0.174584	0.088505	-0.132149	2.6418
chr12-54900000-55000000	-0.020183	0.209143	-0.137634	1.3098
chr12-55500000-55600000	-0.089631	0.143346	-0.166728	1.24187
chr12-86800000-86900000	0.088121	-0.0093	-0.242061	1.21931
chr12-55700000-55800000	-0.114748	0.167858	-0.121983	1.12542
chr12-55800000-55900000	-0.033538	0.244463	-0.136561	1.09495
chr12-56100000-56200000	-0.163535	0.005024	-0.252873	5.42685
chr12-67300000-67400000	0.054083	0.111481	-0.166727	1.15183
chr12-56300000-56400000	-0.137619	-0.127215	-0.193419	6.18309
chr12-56900000-57000000	-0.137708	-0.17792	-0.09853	4.0444
chr12-57400000-57500000	-0.17809	-0.194761	-0.04155	5.34106
chr12-57800000-57900000	-0.110966	-0.23998	-0.042837	4.10947
chr12-57900000-58000000	-0.160102	-0.144275	0.004714	6.29195
chr12-58100000-58200000	-0.094752	-0.102155	-0.095058	5.49406
chr12-58700000-58800000	-0.12212	0.012696	-0.055219	1.84651
chr12-85100000-85200000	0.083002	-0.049268	-0.020087	1.21324
chr12-85600000-85700000	0.018248	-0.009068	-0.178917	1.2677
chr12-58900000-59000000	-0.039263	-0.045353	-0.006772	1.70974
chr12-5900000-6000000	-0.189371	0.186191	0.121706	1.61065
chr12-69100000-69200000	-0.049209	-0.13374	-0.168427	2.95667
chr12-59900000-60000000	-0.113504	0.087396	-0.153545	2.46358
chr12-60200000-60300000	-0.087469	-0.011741	-0.127226	1.2961
chr12-93200000-93300000	0.188417	0.022673	-0.164543	2.02254
chr12-60500000-60600000	0.039011	-0.074361	-0.101367	1.36625
chr12-82500000-82600000	0.121741	0.083105	-0.140636	1.21004
chr12-86300000-86400000	0.037382	0.011572	-0.27197	1.20635
chr12-71700000-71800000	-0.007758	0.084228	-0.063562	1.23116
chr12-60800000-60900000	-0.13238	0.088049	-0.205994	1.19369
chr12-79300000-79400000	0.058318	0.035057	-0.011525	1.36313
chr12-80800000-80900000	-0.022385	-0.086956	-0.021976	1.41576
chr12-61200000-61300000	-0.058694	0.048777	-0.069122	1.33224
chr12-63400000-63500000	-0.035334	0.17469	-0.058301	1.52404
chr12-61600000-61700000	-0.14582	0.121496	-0.177636	1.15064
chr12-61700000-61800000	-0.043156	0.144917	-0.249527	1.26122
chr12-78800000-78900000	0.050211	-0.087563	-0.01071	1.19187
chr12-61900000-62000000	-0.085203	0.142944	-0.060324	1.09575
chr12-6200000-6300000	-0.166186	-0.095942	0.133219	5.24143
chr12-98500000-98600000	0.126762	0.084849	-0.080205	1.06803
chr12-62100000-62200000	-0.056603	0.246102	-0.121233	1.13619
chr12-80100000-80200000	0.045509	-0.144362	0.061484	1.88621
chr12-84500000-84600000	0.120061	0.00479	-0.158187	1.55193
chr12-62400000-62500000	0.031761	0.143612	-0.177536	1.11004
chr12-77500000-77600000	0.131501	-0.111789	-0.066188	2.07625
chr12-62900000-63000000	-0.057553	-0.104948	-0.056177	4.35866
chr12-6300000-6400000	-0.12891	-0.034979	0.178218	5.94229
chr12-72600000-72700000	-0.021443	0.009168	-0.193004	4.32558
chr12-63500000-63600000	-0.067632	0.136208	-0.182213	1.16873
chr12-63900000-64000000	0.02274	-0.181504	-0.0733	1.15827
chr12-64000000-64100000	-0.05411	-0.287382	-0.056909	3.6419
chr12-64400000-64500000	-0.128595	-0.075445	-0.024111	2.72224
chr12-64800000-64900000	-0.101681	-0.040163	-0.193846	3.20557
chr12-64900000-65000000	-0.003935	-0.056915	-0.136975	2.04883
chr12-65700000-65800000	0.001516	-0.170889	0.02601	2.16944
chr12-65900000-66000000	0.017596	-0.098835	0.036598	3.34891
chr12-6600000-6700000	-0.112013	-0.064208	0.227023	8.50771
chr12-66300000-66400000	-0.054679	-0.033518	-0.079564	1.78634
chr12-66900000-67000000	-0.058577	0.180271	-0.094144	1.16458
chr12-67100000-67200000	-0.099659	0.15506	-0.121478	1.11364
chr12-67800000-67900000	0.079572	0.008249	-0.051485	1.72914
chr12-67900000-68000000	-0.011771	-0.031744	-0.003025	1.61936
chr12-71400000-71500000	0.027425	0.054294	-0.175638	1.23059
chr12-68000000-68100000	0.092222	-0.059268	0.025696	3.59054
chr12-68300000-68400000	0	0	0	1.67724
chr12-68900000-69000000	0.027764	-0.158778	-0.022744	1.68717
chr12-6900000-7000000	-0.205472	-0.110488	0.184713	7.11673
chr12-69600000-69700000	-0.007743	-0.00811	-0.216992	2.93938
chr12-69900000-70000000	0.017228	-0.096715	-0.154448	2.57085
chr12-70000000-70100000	-0.071051	-0.016565	-0.149199	2.69507
chr12-70900000-71000000	0.018423	-0.034249	-0.096159	1.3115
chr12-71300000-71400000	-0.048667	0.072479	-0.082108	1.54322
chr12-97200000-97300000	0.188676	-0.007679	-0.106316	1.52177
chr12-71500000-71600000	-0.095243	0.013891	-0.170668	1.06903
chr12-71800000-71900000	-0.060612	-0.022281	-0.125244	1.62939
chr12-71900000-72000000	-0.028936	0.015792	-0.216031	1.68268
chr12-72000000-72100000	0.009175	-0.079565	-0.159881	4.11551
chr12-72200000-72300000	0.031158	-0.01519	-0.10311	3.39936
chr12-73300000-73400000	0.027489	0.073453	-0.180172	1.13501
chr12-73900000-74000000	-0.041179	0.190257	-0.185598	1.095
chr12-74200000-74300000	-0.111355	0.068772	-0.184297	1.12867
chr12-74300000-74400000	0.014944	0.095413	-0.230834	1.09321
chr12-90700000-90800000	0.080827	0.014424	-0.014072	1.19359
chr12-96100000-96200000	0.12141	-0.11008	-0.00885	2.75069
chr12-74400000-74500000	-0.049746	0.019616	-0.141236	1.12634
chr12-74500000-74600000	-0.066721	0.028971	-0.265886	1.18803
chr12-74800000-74900000	0.022255	-0.081133	-0.120453	1.15998
chr12-74900000-75000000	0.087513	0.028749	-0.165324	3.484
chr12-7500000-7600000	-0.178982	0.096776	0.078684	2.52627
chr12-75000000-75100000	-0.034329	0.043378	-0.227879	1.22116
chr12-75900000-76000000	0.02569	-0.110688	0.011057	2.35563
chr12-76500000-76600000	0.021456	-0.18398	-0.059268	1.6873
chr12-76700000-76800000	0.05753	-0.150206	-0.099601	3.18618
chr12-76900000-77000000	0.058749	-0.063849	0.058041	3.09384
chr12-7700000-7800000	-0.213707	0.175562	0.108532	1.36355
chr12-77000000-77100000	0.025548	-0.178689	-4.4e-05	2.33912
chr12-77100000-77200000	0.048935	-0.128631	-0.050219	3.65797
chr12-79500000-79600000	-0.050789	-0.091187	-0.096778	1.37488
chr12-77300000-77400000	-0.027336	-0.05609	-0.077914	1.61559
chr12-77700000-77800000	0.088558	-0.104644	-0.152153	1.47348
chr12-77900000-78000000	0.024069	-0.065838	0.009663	1.4823
chr12-78000000-78100000	-0.002304	-0.157455	-0.048694	1.28019
chr12-78500000-78600000	0.069816	-0.039342	-0.181484	2.33628
chr12-78900000-79000000	0.131586	-0.06455	-0.1055	1.15398
chr12-7900000-8000000	-0.313688	0.077077	0.109394	1.59347
chr12-79000000-79100000	0.016729	-0.040491	-0.133192	1.49196
chr12-95600000-95700000	0.152075	-0.069816	-0.04664	3.33454
chr12-79400000-79500000	0.035239	-0.085143	-0.021643	1.65716
chr12-79700000-79800000	0.015536	-0.067375	-0.068384	1.58022
chr12-8700000-8800000	-0.146047	0.127014	0.168778	1.36747
chr12-79800000-79900000	0.065842	-0.184066	0.00633	1.85476
chr12-80000000-80100000	0.009381	-0.13831	-0.048807	2.85232
chr12-80400000-80500000	-0.009727	-0.19543	-0.12082	1.72897
chr12-8100000-8200000	-0.303495	-0.015516	0.039957	4.65379
chr12-81100000-81200000	-0.02552	-0.079498	-0.067329	1.62792
chr12-81300000-81400000	0.106544	-0.014865	-0.071527	1.99976
chr12-81500000-81600000	0.07763	0.022949	-0.137021	1.21056
chr12-81700000-81800000	-0.02555	-0.009008	-0.21193	1.09203
chr12-81800000-81900000	0.089222	0.065253	-0.234797	1.14388
chr12-83200000-83300000	-0.010001	0.083601	-0.070393	1.24253
chr12-81900000-82000000	0.017664	0.145925	-0.170415	1.20063
chr12-82300000-82400000	0.014414	0.108874	-0.244106	1.17899
chr12-82600000-82700000	0.016905	0.107935	-0.200683	1.06887
chr12-82700000-82800000	0.108872	0.105994	-0.089822	3.10648
chr12-82900000-83000000	0.011192	0.144804	-0.052533	1.16927
chr12-8300000-8400000	-0.314067	-0.034269	0.184116	1.59306
chr12-83600000-83700000	0.002102	0.131108	-0.174003	1.06804
chr12-83700000-83800000	0.086151	0.113646	-0.067639	1.22322
chr12-83900000-84000000	0.191196	0.063161	-0.276163	1.10038
chr12-84600000-84700000	-0.005007	-0.01991	-0.134345	1.17789
chr12-84700000-84800000	-0.004283	0.044193	-0.244418	1.19964
chr12-97800000-97900000	0.102041	0.106226	-0.053555	1.10853
chr12-84900000-85000000	0.042375	0.019166	-0.157386	1.18845
chr12-8500000-8600000	-0.349009	0.048726	0.160328	1.21939
chr12-85000000-85100000	0.027328	0.06207	-0.031508	1.16339
chr12-85800000-85900000	0.075511	0.090572	-0.073754	1.24918
chr12-85900000-86000000	-0.048572	0.05369	-0.136376	1.37001
chr12-86000000-86100000	0.049229	0.013794	-0.204451	1.34718
chr12-86100000-86200000	-0.007569	-0.037882	-0.128534	1.25362
chr12-86400000-86500000	0.133488	0.0297	-0.176383	1.10694
chr12-86600000-86700000	0.034928	0.091049	-0.10916	1.2433
chr12-91500000-91600000	0.046885	-0.012255	-0.047088	2.07117
chr12-86700000-86800000	0.017699	0.094356	-0.234948	1.20499
chr12-88200000-88300000	0.038704	-0.095206	-0.199186	1.80183
chr12-86900000-87000000	0.057401	0.090673	-0.175546	1.38851
chr12-87300000-87400000	0.128733	0.022875	-0.239724	1.17898
chr12-87500000-87600000	0.1305	-0.051172	-0.226413	1.56783
chr12-87700000-87800000	0.125891	-0.092574	-0.178526	1.69822
chr12-87900000-88000000	0.063308	-0.055971	-0.177966	1.34009
chr12-88300000-88400000	0.02814	-0.083828	-0.07062	1.33062
chr12-88500000-88600000	0.008086	-0.159621	-0.102451	3.14363
chr12-88800000-88900000	0.124538	-0.008397	-0.124977	1.69027
chr12-97300000-97400000	0.071096	0.038985	-0.105707	3.30065
chr12-88900000-89000000	0.071118	-0.10329	-0.15469	1.78737
chr12-8900000-9000000	0.006743	0.17866	0.238025	1.44277
chr12-89400000-89500000	0.0361	0.009087	-0.058699	1.89738
chr12-900000-1000000	-0.004221	-0.082844	0.160759	2.16866
chr12-9000000-9100000	-0.080889	0.215729	0.194084	2.07211
chr12-92800000-92900000	0.127272	-0.036241	0.010911	1.45591
chr12-90900000-91000000	0.089691	-0.027501	-0.205425	1.27333
chr12-91100000-91200000	0.161155	-0.005343	-0.061954	1.28898
chr12-91200000-91300000	0.14115	0.001757	-0.185497	1.22176
chr12-91300000-91400000	0.165408	-0.117989	-0.118	1.74525
chr12-95200000-95300000	0.2215	-0.110239	-0.057571	1.45698
chr12-91400000-91500000	0.087534	-0.023738	-0.156235	1.18959
chr12-9300000-9400000	-0.104482	0.15277	0.154786	1.19383
chr12-91600000-91700000	0.127926	-0.058053	-0.078807	1.35272
chr12-91700000-91800000	0.224738	0.006694	-0.116254	1.48408
chr12-91800000-91900000	0.102796	0.072359	-0.090949	1.24395
chr12-91900000-92000000	0.186493	0.003911	-0.040538	1.24579
chr12-9200000-9300000	-0.052258	0.236188	0.111667	1.79575
chr12-92300000-92400000	0.131114	-0.057249	-0.020575	1.90497
chr12-92400000-92500000	0.084258	-0.059792	0.08056	2.01914
chr12-92900000-93000000	0.226751	0.011014	-0.025935	2.42661
chr12-93400000-93500000	0.182715	-0.108024	-0.024466	2.16114
chr12-93500000-93600000	0.105563	-0.074843	0.038668	2.5677
chr12-93700000-93800000	0.118902	-0.132571	0.050957	2.52568
chr12-93900000-94000000	0.077622	-0.131418	0.038684	2.17021
chr12-9400000-9500000	-0.187227	0.160151	0.243274	1.24455
chr12-94500000-94600000	0.101733	-0.036775	0.046458	1.38004
chr12-94600000-94700000	0.162443	-0.01085	-0.04552	1.82186
chr12-94900000-95000000	0.154707	-0.037843	-0.004466	1.3799
chr12-95300000-95400000	0.170894	-0.085893	0.020919	2.36818
chr12-95400000-95500000	0.190441	0.000599	-0.073296	2.96919
chr12-95800000-95900000	0.143298	-0.102594	-0.020838	2.86315
chr12-95900000-96000000	0.070095	-0.041996	0.061621	3.02249
chr12-9600000-9700000	-0.143634	-0.001735	0.304875	1.37733
chr12-96000000-96100000	0.035655	-0.121725	-0.031697	2.29422
chr12-96700000-96800000	0.074594	0.001392	-0.01516	3.24794
chr12-96800000-96900000	0.109774	-0.005847	-0.113859	3.28443
chr12-96900000-97000000	0.132849	0.114935	-0.037735	1.73546
chr12-9700000-9800000	-0.153966	0.069817	0.203739	1.40742
chr12-97900000-98000000	0.101434	0.084018	-0.170571	1.03877
chr12-98100000-98200000	0.118145	0.180099	-0.227379	1.11044
chr12-98900000-99000000	0.053436	-0.026531	-0.123447	3.5294
chr12-99100000-99200000	0.078574	0.169915	-0.052849	2.80329
chr12-99200000-99300000	0.055337	0.16268	-0.165177	1.36231
chr12-99300000-99400000	0.122137	0.066215	-0.143965	1.30325
chr12-99600000-99700000	0.00976	0.118504	-0.184347	1.13272
chr12-99800000-99900000	0.046864	0.116199	-0.094796	1.19722
chr12-99900000-100000000	0.16021	0.121823	-0.046414	1.28712
