chr14-49500000-49600000	0.103576	-0.458798	0.472514	1.25588
chr14-34300000-34400000	-0.327095	-0.441125	0.122097	1.41881
chr14-32500000-32600000	-0.315282	-0.292605	-0.346208	3.47923
chr14-104400000-104500000	0.447969	0.129303	0.459905	1.53163
chr14-98300000-98400000	0.279582	-0.16068	0.414969	1.19492
chr14-49700000-49800000	0.043109	-0.302033	0.175628	1.39994
chr14-100000000-100100000	0.556034	0.180489	0.39742	7.86636
chr14-83300000-83400000	-0.025256	-0.210385	0.465986	1.22508
chr14-100800000-100900000	0.505003	0.09515	-0.00412	4.50523
chr14-106200000-106300000	0.364928	-0.172148	0.798523	1.08737
chr14-81500000-81600000	0.145337	-0.177208	0.475727	1.36713
chr14-100400000-100500000	0.521152	0.310391	0.106522	2.85945
chr14-78000000-78100000	0.087354	0.332976	0.319311	2.73142
chr14-44200000-44300000	0.093782	-0.496547	0.438805	1.14057
chr14-106700000-106800000	0.016754	-0.248864	0.647839	1.16318
chr14-101100000-101200000	0.499128	-0.132716	0.11911	3.25752
chr14-37500000-37600000	-0.330373	-0.49356	0.06085	1.58894
chr14-100700000-100800000	0.582386	0.008781	0.296719	5.57547
chr14-33800000-33900000	-0.1866	-0.311403	0.252633	1.13121
chr14-28800000-28900000	-0.288236	-0.592375	0.179494	1.07534
chr14-84000000-84100000	-0.216136	0.229604	0.58317	1.21751
chr14-44800000-44900000	0.001684	-0.713637	0.216102	1.12486
chr14-80000000-80100000	0.101359	0.233017	0.346862	2.11433
chr14-33100000-33200000	-0.402064	-0.36259	-0.04646	1.46004
chr14-100100000-100200000	0.392097	0.44951	0.316901	3.16452
chr14-106100000-106200000	0.577449	-0.15604	1.02545	1.47754
chr14-64000000-64100000	-0.100978	0.311512	-0.090952	3.10564
chr14-60800000-60900000	-0.323928	0.225506	0.129464	1.30026
chr14-60000000-60100000	0.120828	-0.002834	0.062008	1.64686
chr14-102100000-102200000	0.586831	-0.035085	0.577165	1.73756
chr14-104100000-104200000	0.428618	0.173562	0.290077	6.19428
chr14-77000000-77100000	-0.092781	0.019619	0.308817	1.26487
chr14-88600000-88700000	0.155434	-0.244542	0.565755	1.32772
chr14-91500000-91600000	0.053369	0.161572	0.491519	2.8382
chr14-31800000-31900000	-0.062413	-0.352846	-0.243177	2.8869
chr14-37000000-37100000	-0.015426	-0.466308	0.177061	1.22133
chr14-102500000-102600000	0.709704	-0.002875	0.098715	4.70253
chr14-68800000-68900000	0.283473	0.372937	-0.091985	2.39807
chr14-26700000-26800000	0.285144	-0.519355	0.281362	1.29753
chr14-100500000-100600000	0.504199	0.036144	0.230771	2.44501
chr14-100300000-100400000	0.235657	0.288632	0.228577	2.68283
chr14-105500000-105600000	0.438275	0.24397	0.383574	5.69791
chr14-75400000-75500000	0.176423	0.258309	-0.026267	4.1913
chr14-88200000-88300000	-0.236079	-0.157128	0.425652	2.76432
chr14-102700000-102800000	0.65948	0.011721	0.232932	5.86597
chr14-104300000-104400000	0.60898	-0.147001	0.378949	2.53106
chr14-50000000-50100000	0.268943	-0.269098	-0.238156	5.08519
chr14-43800000-43900000	0.370597	-0.575825	0.261469	1.23838
chr14-27700000-27800000	0.2245	-0.543661	0.343968	1.1334
chr14-104200000-104300000	0.475832	-0.086371	0.111014	2.2717
chr14-106000000-106100000	0.454088	-0.129344	0.824324	1.58329
chr14-63500000-63600000	-0.25285	-0.036003	0.139228	1.2271
chr14-21000000-21100000	0.18902	-0.703817	0.247628	1.67549
chr14-102000000-102100000	0.621826	-0.134702	0.272064	1.49572
chr14-72800000-72900000	0.10778	-0.059916	0.286202	1.3083
chr14-78200000-78300000	-0.108206	0.200032	0.289595	3.13481
chr14-92700000-92800000	0.21889	-0.048032	0.333549	1.31633
chr14-56600000-56700000	0.108822	-0.178876	-0.272109	1.72897
chr14-50800000-50900000	0.386644	-0.221077	-0.280126	2.65363
chr14-100600000-100700000	0.572856	0.317243	0.308741	3.75133
chr14-83200000-83300000	-0.305588	-0.132588	0.356011	1.2597
chr14-83400000-83500000	-0.144234	0.065148	0.584791	1.2829
chr14-27600000-27700000	0.022806	-0.723684	0.165934	1.04015
chr14-21800000-21900000	0.407553	-0.417038	-0.167865	3.13161
chr14-102400000-102500000	0.533637	0.198844	0.195903	5.77871
chr14-49900000-50000000	0.149931	-0.312803	0.064412	1.53309
chr14-43200000-43300000	-0.121786	-0.731704	0.124487	1.17924
chr14-100200000-100300000	0.487091	0.136765	0.312639	6.17568
chr14-100900000-101000000	0.472864	-0.151402	0.194541	3.27595
chr14-105800000-105900000	0.687092	-0.002155	0.267131	5.82544
chr14-78600000-78700000	-0.174584	-0.124794	0.33211	1.22775
chr14-43400000-43500000	0.391218	-0.494807	0.278576	1.13783
chr14-105600000-105700000	0.670036	0.046896	0.388402	3.18375
chr14-70600000-70700000	-0.161499	0.019903	0.236052	1.72478
chr14-74200000-74300000	0.291212	0.368921	-0.255604	6.28635
chr14-49600000-49700000	0.307013	-0.485887	0.239959	1.32323
chr14-101000000-101100000	0.616485	0.075544	0.337994	1.9805
chr14-105000000-105100000	0.315648	-0.115762	0.356409	1.3341
chr14-90100000-90200000	0.352651	0.177657	0.16044	2.16977
chr14-58400000-58500000	-0.233941	-0.193855	0.309979	1.24246
chr14-45800000-45900000	0.023082	-0.367767	0.185639	1.15008
chr14-101400000-101500000	0.43262	0.424333	0.246289	2.5361
chr14-56200000-56300000	0.443871	-0.29354	0.06545	1.47162
chr14-101800000-101900000	0.403346	-0.22018	0.536394	1.66536
chr14-105200000-105300000	0.605737	0.08764	0.157627	6.8797
chr14-49400000-49500000	0.321155	-0.235562	0.383827	1.15145
chr14-67500000-67600000	-0.373967	-0.034096	0.390821	1.36648
chr14-56700000-56800000	-0.155716	-0.095231	-0.143552	2.0533
chr14-27500000-27600000	-0.258728	-0.649744	0.301348	1.17186
chr14-101600000-101700000	0.427896	-0.100146	0.532333	1.3609
chr14-61200000-61300000	-0.266122	0.099607	-0.255109	2.36698
chr14-36400000-36500000	-0.317298	-0.270739	0.221586	1.17154
chr14-101200000-101300000	0.641536	-0.082688	0.392846	3.55558
chr14-47200000-47300000	0.10103	-0.365687	0.192666	1.21548
chr14-39600000-39700000	-0.24534	-0.436358	-0.340487	3.83138
chr14-105700000-105800000	0.422716	0.171844	0.206046	5.74123
chr14-60700000-60800000	-0.301523	-0.079162	-0.007889	3.69054
chr14-24100000-24200000	0.174603	-0.574307	-0.131525	1.58082
chr14-101300000-101400000	0.397222	0.11653	0.351724	3.08497
chr14-59100000-59200000	-0.018671	0.207383	-0.050784	2.61688
chr14-102300000-102400000	0.542796	-0.122976	0.217762	2.98015
chr14-48800000-48900000	0.413988	-0.419035	0.335336	1.54542
chr14-22500000-22600000	0.132374	-0.564196	-0.126832	1.39636
chr14-106300000-106400000	0.455609	-0.349084	0.56903	1.45361
chr14-57200000-57300000	0.143079	-0.336379	0.383017	1.12687
chr14-24800000-24900000	0.381458	-0.392866	-0.019376	5.61499
chr14-105100000-105200000	0.628789	-0.043071	0.452168	8.47959
chr14-73000000-73100000	0.402612	0.270391	0.089737	3.55642
chr14-62500000-62600000	-0.071296	-0.029074	-0.053162	1.62206
chr14-62300000-62400000	-0.315453	0.098762	-0.122622	2.19798
chr14-57500000-57600000	0.052535	-0.413431	0.342782	1.15629
chr14-44300000-44400000	0.339585	-0.491891	0.207527	1.10974
chr14-103500000-103600000	0.742247	0.253527	0.133681	4.61787
chr14-66300000-66400000	-0.058073	-0.105018	0.335013	1.33412
chr14-80500000-80600000	-0.209941	0.07783	0.151759	1.30115
chr14-39400000-39500000	-0.086297	-0.447009	-0.201482	1.80706
chr14-33400000-33500000	-0.352897	-0.558705	0.17748	1.99242
chr14-31500000-31600000	-0.069691	-0.207856	-0.344874	2.4629
chr14-31400000-31500000	-0.373741	-0.284773	-0.369205	3.52695
chr14-26500000-26600000	-0.094761	-0.461473	0.111792	1.03322
chr14-84800000-84900000	-0.300802	0.279031	0.40547	1.15133
chr14-62100000-62200000	0.176792	-0.134971	-0.253394	3.0503
chr14-101500000-101600000	0.45353	0.139736	0.321618	3.1713
chr14-79100000-79200000	0.098443	-0.166605	0.419538	1.21336
chr14-20000000-20100000	-0.716889	-0.700873	0.531345	1
chr14-71100000-71200000	0.054282	0.040514	0.26891	2.07307
chr14-62600000-62700000	-0.37437	0.104128	-0.040444	1.63039
chr14-46500000-46600000	0.161106	-0.52408	0.557798	1.25664
chr14-42700000-42800000	0.266348	-0.69917	0.196305	1.09546
chr14-101700000-101800000	0.497814	-0.203718	0.243815	1.3824
chr14-101900000-102000000	0.515945	0.066062	0.463611	1.80504
chr14-41300000-41400000	-0.306669	-0.350038	0.392463	1.11572
chr14-107000000-107100000	-0.078711	-0.320188	0.701051	1.17495
chr14-106600000-106700000	0.292242	-0.39319	0.704774	1.13793
chr14-102200000-102300000	0.571803	0.149055	0.307376	2.78432
chr14-103800000-103900000	0.725666	0.073755	0.248205	4.48655
chr14-74000000-74100000	0.459476	0.419655	-0.329257	3.07953
chr14-58300000-58400000	0.047357	-0.307721	0.218398	1.15995
chr14-103400000-103500000	0.486962	0.274708	-0.006349	5.2992
chr14-103600000-103700000	0.733863	-0.02843	0.009925	3.27483
chr14-103200000-103300000	0.51521	0.253965	0.126926	3.51509
chr14-89500000-89600000	0.270878	0.357273	0.468973	1.84868
chr14-56400000-56500000	0.432219	-0.198966	0.226906	1.54131
chr14-54600000-54700000	0.488537	-0.135484	-0.253505	1.60572
chr14-43300000-43400000	0.062727	-0.552376	0.305034	1.33011
chr14-96800000-96900000	0.05287	0.226338	0.56883	3.27139
chr14-103000000-103100000	0.565823	0.272055	0.094295	3.37282
chr14-74400000-74500000	0.459468	0.411134	-0.097984	3.67518
chr14-78800000-78900000	-0.199728	-0.168108	0.421931	1.08685
chr14-50200000-50300000	0.207196	-0.173159	-0.165305	3.77801
chr14-72200000-72300000	0.110909	0.100908	0.050841	2.56189
chr14-72500000-72600000	-0.058041	-0.237311	0.441092	1.18425
chr14-76600000-76700000	0.18572	-0.124757	0.127366	2.6462
chr14-81300000-81400000	0.288736	0.054938	0.118659	2.14279
chr14-92400000-92500000	0.163498	0.189832	0.250067	2.48533
chr14-34000000-34100000	-0.280066	-0.380798	0.252747	1.22418
chr14-102600000-102700000	0.410627	0.110218	0.103708	5.27211
chr14-74700000-74800000	0.491906	0.1279	-0.071387	2.87701
chr14-98600000-98700000	-0.03198	-0.21983	0.501216	1.11677
chr14-25200000-25300000	-0.290301	-0.644388	0.136074	1.48198
chr14-102800000-102900000	0.430739	0.140819	0.070807	3.5448
chr14-106400000-106500000	0.230575	-0.448235	0.774265	1.18249
chr14-104900000-105000000	0.194358	-0.013605	0.635162	1.40057
chr14-102900000-103000000	0.699531	0.058384	0.214081	5.11774
chr14-26300000-26400000	-0.034571	-0.623154	0.40169	1.10581
chr14-80100000-80200000	-0.191029	0.186474	0.230478	1.34594
chr14-103100000-103200000	0.623554	-0.013948	0.042579	2.41085
chr14-103700000-103800000	0.564051	0.208623	0.017378	2.69652
chr14-62200000-62300000	-0.016563	0.121307	-0.245975	3.12242
chr14-46400000-46500000	0.032427	-0.409677	0.28972	1.06602
chr14-42100000-42200000	0.116082	-0.382935	-0.025086	1.07053
chr14-66800000-66900000	0.03776	-0.303012	0.533833	1.2775
chr14-77200000-77300000	0.375266	0.180991	0.29078	3.53126
chr14-103300000-103400000	0.71349	0.068297	0.004557	2.87283
chr14-64100000-64200000	-0.157266	0.051653	-0.265136	3.09297
chr14-103900000-104000000	0.492954	0.017308	0.046424	5.12659
chr14-45700000-45800000	0.324307	-0.514876	0.196618	3.10166
chr14-36500000-36600000	-0.046267	-0.424523	0.128035	1.37965
chr14-30800000-30900000	0.112074	-0.409053	0.043803	1.13969
chr14-90200000-90300000	0.158953	0.395754	0.08333	2.68268
chr14-104800000-104900000	0.394253	-0.18574	0.455464	1.26117
chr14-50300000-50400000	0.244687	0.121333	-0.296562	4.91078
chr14-104000000-104100000	0.647571	-0.03681	0.307291	8.21491
chr14-43500000-43600000	0.155404	-0.541684	0.478978	1.07896
chr14-106500000-106600000	0.101842	-0.177068	0.840748	1.20929
chr14-104500000-104600000	0.303403	0.043926	0.72786	1.42487
chr14-84700000-84800000	-0.375626	-0.025855	0.385754	1.21232
chr14-104600000-104700000	0.468981	-0.129013	0.496253	1.41159
chr14-69000000-69100000	0.16229	0.189564	-0.250535	4.88599
chr14-55600000-55700000	0.338081	0.066005	-0.216574	2.18723
chr14-53100000-53200000	0.53912	0.027599	-0.259858	4.09671
chr14-104700000-104800000	0.228872	-0.127866	0.706931	1.32465
chr14-22100000-22200000	0.347454	-0.595921	0.13341	1.20981
chr14-88400000-88500000	0.085203	-0.044618	0.685281	3.55169
chr14-59000000-59100000	0.278951	0.300939	-0.117331	1.78168
chr14-28300000-28400000	0.058314	-0.781775	0.241028	1.11362
chr14-105300000-105400000	0.368631	0.232184	0.276079	4.92515
chr14-36700000-36800000	-0.281461	-0.358333	-0.016196	2.71648
chr14-30500000-30600000	-0.355025	-0.464643	-0.064134	1.37374
chr14-67000000-67100000	-0.36739	-0.130186	0.368046	1.42905
chr14-69600000-69700000	-0.051093	0.378747	0.008241	4.42672
chr14-105400000-105500000	0.54702	-0.001072	0.21392	6.75991
chr14-105900000-106000000	0.565212	0.055514	0.589438	5.22804
chr14-49000000-49100000	0.384898	-0.406395	0.3365	1.47756
chr14-45600000-45700000	0.251576	-0.478057	-0.096522	2.74669
chr14-65000000-65100000	0.058815	0.10583	-0.273559	2.83143
chr14-65500000-65600000	-0.203081	0.203512	-0.073475	3.27744
chr14-87000000-87100000	0.026996	0.373817	0.417551	1.46312
chr14-94000000-94100000	0.088813	0.066814	0.597835	1.33266
chr14-36000000-36100000	-0.051695	-0.32113	-0.354709	1.37168
chr14-106800000-106900000	0.219266	-0.432385	0.812519	1.21479
chr14-106900000-107000000	0.152974	-0.11042	0.77992	1.11974
chr14-28200000-28300000	-0.211869	-0.972186	0.22585	1.03617
chr14-19200000-19300000	-0.716651	-0.700029	0.52418	1
chr14-107100000-107200000	0.043865	-0.214462	0.41821	1.24915
chr14-34700000-34800000	-0.445453	-0.29732	0.03018	1.37449
chr14-107200000-107300000	0.017755	-0.227579	0.739302	1.57809
chr14-53300000-53400000	0.219892	0.155643	-0.342875	2.82816
chr14-20300000-20400000	-0.226322	-0.503452	0.30171	1.31276
chr14-19000000-19100000	-0.715512	-0.699627	0.521482	1.53463
chr14-31100000-31200000	-0.069365	-0.663035	-0.166352	1.87757
chr14-22300000-22400000	-0.12753	-0.535842	-0.059884	1.38617
chr14-19100000-19200000	-0.71781	-0.698568	0.522289	1
chr14-19400000-19500000	-0.71726	-0.702286	0.52292	1.24268
chr14-59200000-59300000	0.092358	-0.07466	-0.15508	1.50923
chr14-55500000-55600000	0.471201	-0.206352	-0.211991	4.64859
chr14-80300000-80400000	-0.138523	0.087944	0.194963	1.38315
chr14-19600000-19700000	-0.716978	-0.701867	0.525527	1
chr14-20100000-20200000	-0.717724	-0.699368	0.533367	1
chr14-19700000-19800000	-0.717073	-0.701113	0.528072	1.50441
chr14-26400000-26500000	-0.32378	-0.508553	0.339503	1.0563
chr14-19800000-19900000	-0.715114	-0.702907	0.52809	1
chr14-77700000-77800000	0.140038	0.082177	0.173911	3.19749
chr14-54400000-54500000	0.424181	-0.020036	-0.15683	3.19877
chr14-41800000-41900000	-0.046066	-0.549238	0.330304	1.19229
chr14-38100000-38200000	-0.199411	-0.334046	-0.168921	1.69537
chr14-34100000-34200000	0.016293	-0.424036	0.165884	1.16165
chr14-19900000-20000000	-0.71745	-0.702078	0.529046	0
chr14-76700000-76800000	0.199715	0.143753	0.296817	1.37078
chr14-25400000-25500000	-0.006872	-0.493869	-0.158937	1.9024
chr14-25000000-25100000	0.320122	-0.537811	0.18163	1.29995
chr14-20200000-20300000	-0.497591	-0.591531	0.454595	1.27931
chr14-79400000-79500000	0.297217	0.147295	0.260224	1.73722
chr14-44700000-44800000	0.079474	-0.399708	0.239848	1.4094
chr14-20400000-20500000	-0.03683	-0.747012	0.323512	1.09347
chr14-68000000-68100000	-0.127295	0.339791	0.087024	2.18245
chr14-46000000-46100000	-0.089546	-0.499896	0.446411	1.17476
chr14-28500000-28600000	0.051263	-0.611801	0.394893	1.09938
chr14-26200000-26300000	-0.300556	-0.452092	0.314848	1.09771
chr14-75200000-75300000	0.446891	0.399105	0.0262	2.76591
chr14-75700000-75800000	0.214396	0.389131	0.009542	3.51843
chr14-86100000-86200000	-0.153775	0.161261	0.625511	1.19987
chr14-97800000-97900000	0.014608	-0.121045	0.661957	1.21534
chr14-42800000-42900000	0.042367	-0.490872	0.078871	1.25006
chr14-20500000-20600000	-0.293152	-0.622189	0.183945	1.15059
chr14-20600000-20700000	-0.00667	-0.709442	0.142265	1.11747
chr14-73800000-73900000	0.448543	0.306346	-0.03119	2.27944
chr14-51700000-51800000	0.416154	-0.325985	-0.165459	3.40314
chr14-95000000-95100000	0.05316	0.025967	0.637991	2.23671
chr14-20700000-20800000	0.220727	-0.68655	-0.094446	1.96587
chr14-64300000-64400000	0.041882	0.238307	-0.249684	1.59934
chr14-71700000-71800000	-6.4e-05	0.191946	-0.119535	3.28184
chr14-20800000-20900000	0.283062	-0.410842	-0.201235	3.59735
chr14-84600000-84700000	-0.105124	0.156051	0.449616	1.23198
chr14-20900000-21000000	0.256055	-0.689819	-0.044538	4.24163
chr14-23700000-23800000	0.189424	-0.589603	-0.210117	6.42457
chr14-21100000-21200000	0.117715	-0.608442	-0.030909	4.53907
chr14-58800000-58900000	0.145562	0.105799	0.019191	2.9289
chr14-50100000-50200000	0.451515	-0.1725	0.024996	4.7823
chr14-21200000-21300000	-0.191428	-0.615509	0.030008	1.13495
chr14-65800000-65900000	-0.244923	0.212135	0.237382	3.25319
chr14-90400000-90500000	0.246753	0.162147	0.33124	2.66415
chr14-96200000-96300000	0.014626	-0.038339	0.431302	1.13378
chr14-96700000-96800000	0.118999	0.230412	0.247693	5.19364
chr14-36800000-36900000	0.028688	-0.402103	0.066879	1.34769
chr14-29800000-29900000	-0.02922	-0.340135	-0.216043	1.16662
chr14-45400000-45500000	0.278274	-0.339699	-0.085241	3.0181
chr14-21300000-21400000	0.076524	-0.753939	-0.089819	1.33576
chr14-67300000-67400000	-0.465286	0.005357	0.107938	1.53763
chr14-61700000-61800000	-0.225054	0.242577	-0.108677	2.90973
chr14-23200000-23300000	0.39958	-0.374669	-0.329129	4.29298
chr14-67200000-67300000	-0.307072	-0.070848	0.380241	1.30829
chr14-52200000-52300000	0.554599	-0.098773	-0.296159	1.85814
chr14-34200000-34300000	-0.126471	-0.222729	-0.039316	1.24702
chr14-21400000-21500000	0.298704	-0.648636	-0.282828	2.87865
chr14-98500000-98600000	0.245229	-0.230289	0.657468	1.20978
chr14-58500000-58600000	-0.087942	-0.131023	0.018164	1.60388
chr14-83800000-83900000	-0.383809	-0.000934	0.330115	1.28983
chr14-21500000-21600000	0.174596	-0.433497	-0.130456	5.4841
chr14-78100000-78200000	0.092172	0.183212	0.033933	3.07962
chr14-92300000-92400000	0.177464	0.224914	0.567885	2.13715
chr14-98800000-98900000	0.041156	-0.142177	0.681456	1.19289
chr14-41200000-41300000	-0.033805	-0.507463	0.46437	1.13596
chr14-27000000-27100000	-0.139804	-0.613511	0.120994	1.3046
chr14-21600000-21700000	-0.054796	-0.565191	-0.301333	1.92497
chr14-61400000-61500000	-0.065907	0.088773	-0.26078	3.01684
chr14-21700000-21800000	0.15409	-0.336443	-0.292001	2.4905
chr14-72700000-72800000	-0.207181	-0.125508	0.230301	1.23883
chr14-32400000-32500000	-0.376659	-0.351462	-0.057529	2.30229
chr14-21900000-22000000	0.124797	-0.479024	-0.284276	4.46466
chr14-55800000-55900000	0.303944	-0.069629	-0.16538	2.94773
chr14-42000000-42100000	-0.152977	-0.53075	0.100581	1.19108
chr14-22000000-22100000	0.119736	-0.680449	-0.055681	1.54825
chr14-86800000-86900000	-0.150856	0.104393	0.523678	1.39298
chr14-51300000-51400000	0.303433	-0.226901	-0.283024	2.64688
chr14-24500000-24600000	0.216583	-0.477174	-0.19969	4.22703
chr14-22200000-22300000	0.084537	-0.731721	0.018091	1.17826
chr14-22400000-22500000	0.066803	-0.414231	0.133342	1.47549
chr14-55700000-55800000	0.056554	0.017663	-0.351417	2.4333
chr14-39700000-39800000	0.032389	-0.314761	-0.251846	3.63552
chr14-97000000-97100000	0.140897	0.036227	0.599122	1.62419
chr14-22600000-22700000	-0.136615	-0.415393	-0.204941	1.68296
chr14-68500000-68600000	0.268845	0.167318	-0.250228	1.66221
chr14-82600000-82700000	-0.311825	-0.003156	0.50288	1.04632
chr14-39800000-39900000	0.29276	-0.45942	-0.106825	1.87511
chr14-37400000-37500000	-0.289938	-0.189875	-0.051039	1.91549
chr14-99500000-99600000	0.309587	-0.139027	0.406007	1.82183
chr14-24200000-24300000	-0.017219	-0.696373	0.102953	1.12129
chr14-22700000-22800000	0.08601	-0.394397	-0.40483	1.68707
chr14-22800000-22900000	0.263965	-0.479749	-0.167158	1.49611
chr14-22900000-23000000	0.109756	-0.230095	-0.101681	1.44148
chr14-27300000-27400000	-0.152415	-0.489047	0.376776	1.19614
chr14-23000000-23100000	0.018376	-0.247799	-0.40047	4.11425
chr14-29300000-29400000	-0.152749	-0.465883	0.178216	1.08818
chr14-23800000-23900000	0.137816	-0.323436	-0.318224	3.00761
chr14-23100000-23200000	0.162262	-0.484904	-0.481233	1.76012
chr14-87600000-87700000	-0.284563	-0.125205	0.606139	1.37704
chr14-50400000-50500000	0.188283	-0.196255	-0.224986	5.37022
chr14-23300000-23400000	0.142426	-0.528187	-0.3972	8.44639
chr14-94400000-94500000	0.337746	0.207619	0.5713	3.15962
chr14-29600000-29700000	-0.074216	-0.415868	-0.222525	1.43019
chr14-87800000-87900000	-0.021037	-0.191162	0.673619	1.40615
chr14-94500000-94600000	0.266648	0.122829	0.283411	3.58078
chr14-23400000-23500000	0.12255	-0.220735	-0.381083	5.41032
chr14-32300000-32400000	-0.099335	-0.214773	-0.117374	1.96881
chr14-27200000-27300000	0.104204	-0.652174	0.317603	1.15888
chr14-23500000-23600000	0.342321	-0.356605	-0.231326	5.74917
chr14-70500000-70600000	0.128288	-0.082034	0.332317	1.47147
chr14-89000000-89100000	0.008992	0.162303	0.46332	3.356
chr14-49200000-49300000	0.4019	-0.44668	0.314452	1.6941
chr14-43000000-43100000	0.056017	-0.453002	0.060011	1.1735
chr14-29400000-29500000	0.020017	-0.524703	-0.077761	1.26256
chr14-23600000-23700000	0.457017	-0.53185	-0.02298	1.79
chr14-76400000-76500000	0.356979	0.04084	0.016618	2.38793
chr14-92600000-92700000	0.334172	0.158746	0.532881	1.88514
chr14-98400000-98500000	-0.030307	-0.225306	0.489563	1.12408
chr14-38600000-38700000	-0.254339	-0.097261	-0.360802	2.3077
chr14-23900000-24000000	-0.099858	-0.495414	-0.241485	2.48884
chr14-24000000-24100000	-0.095448	-0.713676	-0.036386	5.42583
chr14-75500000-75600000	0.40902	0.135395	0.133413	4.58731
chr14-60300000-60400000	0.054942	-0.278858	0.100505	1.80012
chr14-24300000-24400000	0.210489	-0.620995	-0.079852	1.34
chr14-55300000-55400000	0.471288	0.051736	-0.228728	1.85849
chr14-46100000-46200000	0.023314	-0.313615	0.208416	1.08173
chr14-33300000-33400000	-0.083694	-0.61415	0.024129	1.27357
chr14-86400000-86500000	-0.217318	0.012637	0.643884	1.27877
chr14-24400000-24500000	0.274605	-0.756558	-0.323579	2.70259
chr14-77400000-77500000	0.403881	0.188908	0.282461	6.4229
chr14-35000000-35100000	-0.281928	-0.105154	-0.329081	4.03102
chr14-24600000-24700000	0.030388	-0.284123	-0.335748	7.90455
chr14-84300000-84400000	-0.323795	0.135434	0.316251	1.1747
chr14-59400000-59500000	0.157708	0.022368	-0.362795	1.6575
chr14-24700000-24800000	0.211851	-0.516939	-0.243525	6.67747
chr14-42300000-42400000	0.05801	-0.40501	0.062709	1.11365
chr14-33200000-33300000	-0.288904	-0.494053	0.232628	1.28378
chr14-24900000-25000000	0.156517	-0.622423	-0.083282	5.73644
chr14-58100000-58200000	-0.234515	-0.185554	0.351077	1.09507
chr14-52300000-52400000	0.288764	-0.196614	-0.219568	2.11884
chr14-25100000-25200000	0.024085	-0.588858	0.058853	1.284
chr14-90500000-90600000	-0.004151	0.255998	0.500215	1.48666
chr14-25300000-25400000	-0.254876	-0.368836	-0.032921	1.94679
chr14-81400000-81500000	0.007695	0.054188	0.284628	1.57863
chr14-61300000-61400000	-0.147386	0.358746	-0.122119	1.8895
chr14-25500000-25600000	-0.214835	-0.633671	0.020692	2.00545
chr14-61000000-61100000	-0.256576	0.036242	-0.302782	1.57616
chr14-81000000-81100000	-0.053926	0.490407	0.140871	1.65114
chr14-27800000-27900000	-0.053109	-0.626126	0.468449	1.24525
chr14-27400000-27500000	-0.366972	-0.396769	0.145038	1.11218
chr14-25600000-25700000	-0.076759	-0.694525	0.319965	1.34292
chr14-72000000-72100000	0.056647	0.204435	-0.094059	2.77828
chr14-52600000-52700000	0.475276	-0.257954	-0.335466	1.40234
chr14-38500000-38600000	-0.35834	-0.080656	-0.065628	1.56047
chr14-25700000-25800000	-0.108712	-0.64538	0.007673	1.16325
chr14-76000000-76100000	0.343436	-0.032593	0.064564	1.82877
chr14-25800000-25900000	-0.241098	-0.4653	0.242308	1.10981
chr14-25900000-26000000	0.048505	-0.603677	0.298905	1.15889
chr14-57800000-57900000	0.284445	-0.244956	0.021588	3.45538
chr14-26000000-26100000	-0.268659	-0.5393	0.345956	1.04924
chr14-64500000-64600000	-0.034789	0.265903	-0.116135	1.36739
chr14-73200000-73300000	0.144886	0.300104	-0.25904	3.13182
chr14-26100000-26200000	0.002901	-0.476976	0.173662	1.11694
chr14-26600000-26700000	0.04608	-0.731056	0.232416	1.30689
chr14-95400000-95500000	0.114531	-0.11908	0.396741	1.35425
chr14-59300000-59400000	-0.105957	0.16323	-0.234854	1.61028
chr14-57000000-57100000	-0.406461	-0.115637	0.14252	3.05055
chr14-26800000-26900000	0.053078	-0.446932	0.072237	1.12238
chr14-68300000-68400000	-0.041441	0.39632	-0.136601	1.60594
chr14-91300000-91400000	0.03782	0.149046	0.427271	2.13605
chr14-26900000-27000000	0.125903	-0.74466	0.169471	1.09477
chr14-54500000-54600000	0.521457	-0.258754	0.026446	1.48601
chr14-27100000-27200000	0.152491	-0.65672	-0.00066	1.14364
chr14-27900000-28000000	-0.171805	-0.61231	0.175515	1.18294
chr14-28000000-28100000	0.143765	-0.683571	0.158048	1.07846
chr14-51800000-51900000	0.508573	-0.047142	-0.267476	3.60255
chr14-28100000-28200000	-0.154141	-0.676976	0.302249	1.07201
chr14-93000000-93100000	0.357055	0.227475	0.373215	3.30315
chr14-31000000-31100000	0.08625	-0.424602	-0.283453	3.67274
chr14-97200000-97300000	0.120164	0.01842	0.618979	2.09988
chr14-28400000-28500000	-0.112107	-0.521791	0.145056	1.15527
chr14-84400000-84500000	-0.139968	0.132498	0.572186	1.59109
chr14-35100000-35200000	-0.035458	-0.145275	-0.543082	3.0624
chr14-28600000-28700000	-0.257532	-0.547818	0.435986	1.25495
chr14-59700000-59800000	-0.08426	0.061227	-0.135608	1.86451
chr14-86700000-86800000	-0.33929	0.325435	0.407135	1.27102
chr14-28700000-28800000	-0.015638	-0.721889	0.302802	1.12559
chr14-79200000-79300000	-0.215354	-0.191322	0.384313	1.10749
chr14-28900000-29000000	-0.036028	-0.582454	0.380978	1.2426
chr14-58000000-58100000	-0.008476	-0.355275	0.508044	1.13693
chr14-74500000-74600000	0.197422	0.557274	-0.027579	2.16489
chr14-41000000-41100000	-0.009731	-0.67917	0.377893	1.17676
chr14-29000000-29100000	-0.259586	-0.502445	0.166361	1.15847
chr14-45000000-45100000	0.199177	-0.509716	0.407821	1.18704
chr14-29100000-29200000	-0.06157	-0.779743	0.14653	1.57658
chr14-65600000-65700000	-0.409737	0.08437	0.158721	2.53375
chr14-85800000-85900000	0.041233	0.163107	0.230031	1.64164
chr14-41400000-41500000	-0.049945	-0.56117	0.406008	1.12188
chr14-32700000-32800000	-0.348628	-0.282496	-0.071285	1.7872
chr14-67800000-67900000	-0.393308	0.165336	0.117917	3.33678
chr14-89900000-90000000	0.114705	0.490419	0.49294	3.4604
chr14-54100000-54200000	0.169458	-0.132072	-0.078672	1.24267
chr14-49800000-49900000	0.325267	-0.266426	0.331797	1.40602
chr14-29200000-29300000	0.103654	-0.549129	-0.011529	1.50895
chr14-61100000-61200000	0.047823	0.121024	-0.297702	5.58177
chr14-50500000-50600000	0.454268	-0.04243	-0.322067	4.34497
chr14-29500000-29600000	-0.293614	-0.542218	-0.028668	1.26722
chr14-85600000-85700000	-0.201089	0.175457	0.597369	1.16643
chr14-34600000-34700000	-0.262227	-0.354312	0.287294	1.30698
chr14-29700000-29800000	-0.312087	-0.196111	-0.19211	1.72888
chr14-49300000-49400000	0.109179	-0.387348	0.186899	1.09301
chr14-29900000-30000000	0.11784	-0.61752	-0.185904	1.40777
chr14-50600000-50700000	0.483798	-0.278868	-0.1127	2.93727
chr14-30000000-30100000	0.02029	-0.365472	-0.329266	1.58458
chr14-30100000-30200000	0.241144	-0.483335	-0.115238	1.49868
chr14-67600000-67700000	-0.331717	0.126897	0.097594	1.91811
chr14-81800000-81900000	-0.058504	-0.154318	0.398136	1.19547
chr14-47800000-47900000	0.36897	-0.403568	0.30604	1.08905
chr14-30200000-30300000	-0.019218	-0.43344	-0.308401	1.62212
chr14-69500000-69600000	0.231855	0.29816	-0.118212	3.46998
chr14-76300000-76400000	0.109834	0.160942	-0.103112	1.77726
chr14-30300000-30400000	-0.290261	-0.337901	-0.188021	2.37689
chr14-56000000-56100000	0.334444	0.001088	0.117091	2.91324
chr14-52000000-52100000	0.466832	0.015942	-0.140592	3.6491
chr14-32600000-32700000	-0.123762	-0.472549	-0.207948	2.27814
chr14-30400000-30500000	-0.207256	-0.644422	-0.233088	1.31151
chr14-61800000-61900000	-0.193727	-0.027997	0.045484	2.1653
chr14-63600000-63700000	-0.103797	-0.119045	-0.150124	3.01849
chr14-69400000-69500000	-0.076968	0.372516	-0.18772	5.95795
chr14-81600000-81700000	-0.143116	-0.175763	0.62703	4.35416
chr14-30600000-30700000	-0.441626	-0.172758	-0.185792	1.7148
chr14-63200000-63300000	0	0	0	1.41021
chr14-56800000-56900000	0.155535	-0.14301	-0.178192	1.97275
chr14-38400000-38500000	-0.135638	-0.309395	-0.125399	1.32907
chr14-30700000-30800000	-0.174886	-0.307335	-0.052264	1.73973
chr14-30900000-31000000	-0.132888	-0.271234	-0.088011	1.22475
chr14-31200000-31300000	-0.08346	-0.343651	-0.211002	1.31101
chr14-37600000-37700000	-0.322933	-0.424169	-0.246774	3.47928
chr14-97300000-97400000	0.304082	-0.151884	0.425409	1.33888
chr14-35700000-35800000	-0.207893	-0.332152	-0.298925	2.58803
chr14-31300000-31400000	-0.34288	-0.267199	-0.060233	1.61659
chr14-62400000-62500000	-0.071913	0.274063	0.005053	2.37532
chr14-53000000-53100000	0.329227	0.205173	-0.378425	1.82172
chr14-31600000-31700000	-0.382093	-0.130155	-0.308816	3.93425
chr14-82400000-82500000	0.110077	-0.110653	0.440867	1.08124
chr14-51000000-51100000	0.389459	-0.023282	-0.092168	2.51263
chr14-42500000-42600000	0.108067	-0.40545	0.160954	1.34776
chr14-33700000-33800000	0.082646	-0.413425	0.136201	1.14418
chr14-31700000-31800000	-0.123659	-0.164196	-0.481943	2.34496
chr14-73700000-73800000	0.181595	0.369309	-0.173603	3.30023
chr14-46800000-46900000	-0.220535	-0.449506	0.420878	1.21471
chr14-82700000-82800000	-0.175843	-0.263263	0.634267	1.06559
chr14-95800000-95900000	0.237358	-0.104623	0.46098	1.65254
chr14-31900000-32000000	-0.357154	-0.351702	-0.128873	2.25665
chr14-63000000-63100000	0.005408	0.019547	0.204514	1.2518
chr14-52700000-52800000	0.56998	0.003723	-0.202374	2.11538
chr14-43600000-43700000	0.339947	-0.545552	0.209833	1.18587
chr14-32000000-32100000	-0.132872	-0.562118	-0.197613	2.30875
chr14-72300000-72400000	-0.175412	0.188126	0.178199	1.34738
chr14-87200000-87300000	-0.060008	0.434267	0.492421	1.39101
chr14-94100000-94200000	0.085718	-0.24912	0.588606	1.23133
chr14-32100000-32200000	-0.420334	-0.590903	-0.10997	1.44158
chr14-45500000-45600000	0.454968	-0.490176	0.136933	2.55641
chr14-45100000-45200000	0.306534	-0.555338	0.095358	1.19412
chr14-43700000-43800000	0.109676	-0.561718	0.450718	1.25037
chr14-32200000-32300000	-0.274386	-0.418174	-0.31168	1.48999
chr14-32800000-32900000	-0.161691	-0.523555	-0.145396	1.99524
chr14-65700000-65800000	-0.24795	0.186883	-0.083621	2.96267
chr14-32900000-33000000	-0.097967	-0.298218	-0.340869	2.26117
chr14-48000000-48100000	-0.01475	-0.366666	0.156295	1.14151
chr14-40800000-40900000	0.056628	-0.459825	0.432764	1.11332
chr14-33000000-33100000	-0.142172	-0.522239	-0.127713	1.83667
chr14-95500000-95600000	0.404991	-0.240037	0.496441	1.8435
chr14-51200000-51300000	0.485523	-0.000321	-0.15416	2.90176
chr14-48500000-48600000	0.348249	-0.317243	0.337917	1.18311
chr14-33500000-33600000	-0.243006	-0.32047	0.362028	1.1095
chr14-33600000-33700000	-0.217484	-0.381704	0.055438	1.11833
chr14-86000000-86100000	0.003893	0.290112	0.374968	1.86388
chr14-33900000-34000000	-0.108169	-0.50138	0.009128	1.21828
chr14-34400000-34500000	-0.118759	-0.300194	-0.067015	1.82477
chr14-34500000-34600000	-0.410192	-0.345534	-0.006367	2.98559
chr14-92200000-92300000	0.096355	-0.02961	0.40589	1.20214
chr14-98000000-98100000	0.019688	-0.25533	0.644257	1.11732
chr14-43100000-43200000	-0.261238	-0.447504	0.044126	1.07034
chr14-34800000-34900000	-0.217163	-0.208345	-0.206171	1.36218
chr14-89700000-89800000	0.284189	0.305769	0.287372	2.77974
chr14-94300000-94400000	0.241083	-0.111694	0.565395	1.38175
chr14-54900000-55000000	0.314629	0.229846	-0.343315	3.76088
chr14-34900000-35000000	-0.513545	-0.183346	-0.116087	2.75813
chr14-35200000-35300000	-0.27107	-0.323569	-0.462751	2.47858
chr14-37700000-37800000	-0.426611	-0.290467	0.039919	1.41793
chr14-35300000-35400000	-0.180446	-0.049269	-0.368179	3.21344
chr14-48200000-48300000	0.093892	-0.484163	0.497046	1.13283
chr14-44000000-44100000	-0.140394	-0.707884	0.373481	1.12131
chr14-80600000-80700000	-0.155301	0.323245	0.34398	1.50851
chr14-35400000-35500000	0.083362	-0.188021	-0.474683	3.00809
chr14-40400000-40500000	0.189787	-0.430595	0.122403	1.11781
chr14-39100000-39200000	-0.20089	-0.524664	0.057008	1.25432
chr14-84500000-84600000	-0.407547	0.044237	0.419955	1.22689
chr14-88000000-88100000	-0.049497	-0.046455	0.37566	1.2308
chr14-91100000-91200000	0.086349	0.3054	0.321969	2.32921
chr14-97500000-97600000	0.006416	-0.175528	0.639944	1.25029
chr14-35500000-35600000	-0.180779	-0.062908	-0.337425	4.42711
chr14-88100000-88200000	-0.03404	-0.207542	0.665702	1.18362
chr14-91600000-91700000	0.360533	0.098357	0.570002	3.11946
chr14-35600000-35700000	-0.437436	-0.159063	-0.151434	1.86247
chr14-60400000-60500000	-0.222449	-0.175108	-0.033603	1.27462
chr14-60200000-60300000	-0.188066	-0.166883	0.27986	1.39781
chr14-35800000-35900000	-0.161943	-0.047688	-0.355465	5.30952
chr14-68200000-68300000	0.115433	0.103419	-0.181009	2.55339
chr14-35900000-36000000	-0.305923	-0.281431	-0.168157	1.34313
chr14-38000000-38100000	-0.44118	-0.326851	0.051471	1.93825
chr14-96400000-96500000	0.261417	0.116703	0.597849	1.37743
chr14-36100000-36200000	-0.340077	-0.382168	-0.22688	1.74559
chr14-36200000-36300000	-0.43683	-0.143632	-0.055139	2.56366
chr14-70000000-70100000	0.162964	0.162582	0.085967	3.34128
chr14-36300000-36400000	-0.571117	-0.411581	0.063497	1.46812
chr14-89600000-89700000	0.002034	0.429963	0.338639	2.63821
chr14-36600000-36700000	-0.247549	-0.664995	0.087043	1.83806
chr14-89100000-89200000	-0.017396	0.4294	0.284118	1.60927
chr14-94200000-94300000	-0.047625	0.02983	0.640236	1.24132
chr14-36900000-37000000	-0.294221	-0.384524	0.044524	1.21417
chr14-59500000-59600000	-0.076206	0.122256	-0.184207	1.57101
chr14-37100000-37200000	-0.311084	-0.30826	0.193798	1.42055
chr14-51500000-51600000	0.453003	-0.24719	-0.065259	1.44667
chr14-37200000-37300000	-0.006765	-0.407312	0.149383	1.44203
chr14-55400000-55500000	0.2451	-0.102012	-0.40303	2.41484
chr14-37300000-37400000	-0.285918	-0.319159	0.254789	1.33416
chr14-86200000-86300000	-0.21971	-0.16027	0.568182	1.16018
chr14-53800000-53900000	0.433848	-0.211512	-0.37293	2.20212
chr14-86300000-86400000	-0.415178	0.018218	0.385592	1.0975
chr14-44100000-44200000	-0.196175	-0.402115	0.319463	1.26891
chr14-37800000-37900000	-0.195876	-0.446794	-0.140271	1.32138
chr14-37900000-38000000	-0.22566	-0.145135	-0.083921	1.15817
chr14-38200000-38300000	-0.436136	-0.341346	0.073749	1.19769
chr14-45300000-45400000	0.31017	-0.616169	0.103973	3.19253
chr14-38300000-38400000	-0.168573	-0.490171	0.13102	1.6977
chr14-38700000-38800000	-0.212592	-0.356919	-0.15847	3.70789
chr14-72600000-72700000	0.097055	-0.189651	0.16838	1.13387
chr14-74300000-74400000	0.441003	0.125038	-0.181422	3.17141
chr14-38800000-38900000	-0.14285	-0.118585	-0.343215	2.58607
chr14-38900000-39000000	-0.411107	-0.080716	-0.206523	1.35092
chr14-39000000-39100000	-0.367968	-0.239986	0.049773	1.38976
chr14-39200000-39300000	0.055375	-0.369654	0.131545	1.29627
chr14-39300000-39400000	-0.241602	-0.315167	0.047259	1.33376
chr14-91800000-91900000	0.042153	0.073634	0.587757	1.45139
chr14-53600000-53700000	0.408411	0.008065	-0.440862	3.48561
chr14-48100000-48200000	-0.192439	-0.358658	0.424259	1.2307
chr14-44500000-44600000	-0.153259	-0.504867	0.469402	1.16343
chr14-73500000-73600000	0.248184	0.494343	0.111778	2.85083
chr14-39500000-39600000	-0.380714	-0.357172	-0.061651	3.37069
chr14-68400000-68500000	-0.03277	0.122044	-0.307379	1.42114
chr14-93200000-93300000	0.079456	0.256326	0.586148	3.55677
chr14-39900000-40000000	0.317392	-0.554696	0.206854	4.02168
chr14-40600000-40700000	0.130466	-0.532714	0.480059	1.18519
chr14-40000000-40100000	0.060242	-0.536094	0.429437	1.39937
chr14-64400000-64500000	-0.265999	0.115413	-0.27289	1.45176
chr14-71800000-71900000	-0.001131	0.435392	0.08133	2.07333
chr14-48600000-48700000	0.044018	-0.435534	0.39071	1.20258
chr14-40100000-40200000	-0.094004	-0.520607	0.150317	1.18829
chr14-48400000-48500000	0.171915	-0.424067	0.588648	1.14878
chr14-40500000-40600000	-0.101951	-0.450862	0.269602	1.10679
chr14-40200000-40300000	-0.053045	-0.514161	0.469834	1.18953
chr14-77100000-77200000	0.215659	-0.091694	0.319564	1.37623
chr14-57600000-57700000	-0.136348	-0.168142	0.258153	1.38205
chr14-48300000-48400000	0.407087	-0.493487	0.37652	1.10841
chr14-40300000-40400000	-0.132659	-0.498034	0.160609	1.16784
chr14-68600000-68700000	0.239961	0.44765	-0.115568	2.35637
chr14-40700000-40800000	0.275142	-0.474274	0.195484	1.0924
chr14-40900000-41000000	-0.267986	-0.498156	0.391486	1.13561
chr14-41100000-41200000	0.276228	-0.523778	0.343844	1.11592
chr14-76100000-76200000	0.112827	0.119958	-0.079368	2.62043
chr14-54300000-54400000	0.402955	-0.337512	-0.141574	1.69074
chr14-41700000-41800000	0.27683	-0.538483	0.389103	1.11592
chr14-41500000-41600000	0.269558	-0.52571	0.359718	1.20848
chr14-83500000-83600000	-0.215257	0.099492	0.268711	1.37113
chr14-45200000-45300000	0.002009	-0.458364	0.084738	1.17876
chr14-41600000-41700000	0.053419	-0.756235	0.272757	1.25106
chr14-41900000-42000000	0.174781	-0.616693	0.103117	1.09261
chr14-42200000-42300000	0.353833	-0.508883	0.166009	1.15762
chr14-42400000-42500000	-0.202164	-0.356302	0.253635	1.10538
chr14-42600000-42700000	0.04233	-0.661347	-0.047701	1.43241
chr14-42900000-43000000	0.353335	-0.398708	0.16171	1.12212
chr14-64900000-65000000	0.095939	0.307589	-0.041977	4.56993
chr14-43900000-44000000	0.095583	-0.47739	0.421614	1.09261
chr14-48700000-48800000	0.189926	-0.416787	0.116865	1.55698
chr14-44400000-44500000	0.077623	-0.640025	0.308245	1.2235
chr14-97600000-97700000	0.111785	-0.400146	0.429174	1.27026
chr14-44600000-44700000	-0.243308	-0.334012	0.207602	1.19831
chr14-77800000-77900000	-0.174102	0.128075	0.29451	2.34348
chr14-44900000-45000000	-0.123051	-0.544627	0.462291	1.12779
chr14-45900000-46000000	0.243633	-0.471069	0.409124	1.30435
chr14-46200000-46300000	0.058245	-0.480541	0.488071	1.14929
chr14-46300000-46400000	-0.247648	-0.393385	0.431298	1.14335
chr14-59800000-59900000	0.195074	0.159011	-0.230093	1.85178
chr14-57300000-57400000	0.007536	-0.271546	0.093197	1.13914
chr14-46600000-46700000	-0.135321	-0.408608	0.573381	1.11209
chr14-79600000-79700000	-0.017209	0.23558	0.468028	1.22565
chr14-46700000-46800000	0.089369	-0.501388	0.347879	1.11275
chr14-68100000-68200000	-0.175483	0.0692	-0.065613	3.66147
chr14-71600000-71700000	0.019126	0.427983	0.088939	2.57379
chr14-91000000-91100000	0.353588	0.182927	0.400436	2.72785
chr14-46900000-47000000	0.099264	-0.514244	0.469697	1.12258
chr14-54800000-54900000	0.431548	-0.026742	-0.212744	2.02126
chr14-90800000-90900000	0.339993	0.183719	0.500258	4.70471
chr14-47000000-47100000	-0.214511	-0.424177	0.471128	1.22647
chr14-47100000-47200000	0.102514	-0.471537	0.511601	1.20286
chr14-54700000-54800000	0.188278	-0.221284	-0.279266	1.72818
chr14-83100000-83200000	-0.111586	0.027897	0.567266	1.4373
chr14-52500000-52600000	0.533666	0.055476	-0.312062	3.66668
chr14-47300000-47400000	0.203418	-0.538401	0.44665	1.08838
chr14-47600000-47700000	-0.258785	-0.361851	0.472575	1.24075
chr14-47400000-47500000	0.290549	-0.224708	0.385517	1.09009
chr14-47700000-47800000	0.068195	-0.406541	0.425624	1.23437
chr14-47500000-47600000	0.049565	-0.441527	0.431345	1.05426
chr14-47900000-48000000	0.090586	-0.485899	0.44222	1.12867
chr14-48900000-49000000	0.331694	-0.449853	0.023217	1.20765
chr14-67900000-68000000	-0.124349	0.03704	0.002453	1.84863
chr14-85900000-86000000	-0.274959	0.204268	0.215988	2.7117
chr14-49100000-49200000	0.170392	-0.372724	0.105246	1.57634
chr14-56500000-56600000	0.285768	-0.290906	-0.028372	1.5953
chr14-50700000-50800000	0.476868	0.045371	-0.129353	2.50093
chr14-92000000-92100000	0.177281	-0.002662	0.724874	1.75076
chr14-92100000-92200000	-0.099728	0.082227	0.615884	1.24953
chr14-56100000-56200000	0.22249	-0.160564	-0.13472	1.57796
chr14-50900000-51000000	0.607967	-0.252045	-0.089467	3.07977
chr14-73900000-74000000	0.216461	0.258042	-0.258425	4.0086
chr14-51100000-51200000	0.551859	-0.279475	-0.037706	2.96559
chr14-51400000-51500000	0.301881	0.009944	-0.06324	2.84834
chr14-59600000-59700000	0.198388	-0.014717	-0.07005	2.57137
chr14-51600000-51700000	0.360127	-0.02793	-0.284211	1.29241
chr14-93600000-93700000	0.260354	0.154278	0.680905	3.50456
chr14-51900000-52000000	0.218913	-0.06014	-0.325956	3.49799
chr14-52100000-52200000	0.318297	0.043954	-0.420095	3.46831
chr14-58600000-58700000	-0.159094	0.08011	-0.216905	3.27602
chr14-92500000-92600000	0.177105	0.430733	0.461137	5.12479
chr14-52400000-52500000	0.256604	0.089705	-0.312736	2.9606
chr14-81700000-81800000	-0.014783	0.123975	0.562079	1.23199
chr14-52800000-52900000	0.459213	0.149119	-0.434776	2.08699
chr14-52900000-53000000	0.221599	-0.077962	-0.475382	1.48105
chr14-53200000-53300000	0.353554	-0.106584	-0.455051	3.58588
chr14-99600000-99700000	0.025134	-0.008936	0.485322	1.27872
chr14-53400000-53500000	0.521418	0.153855	-0.309329	2.96577
chr14-53500000-53600000	0.575354	-0.139677	-0.210455	1.73355
chr14-53700000-53800000	0.654666	-0.053169	-0.218565	2.35912
chr14-73600000-73700000	0.455855	0.349831	-0.032774	3.16071
chr14-53900000-54000000	0.554018	-0.231055	-0.075518	1.81373
chr14-61500000-61600000	-0.093467	0.384633	-0.313054	4.16168
chr14-96600000-96700000	0.291505	0.214191	0.510622	4.8486
chr14-54000000-54100000	0.424829	0.058331	-0.018867	1.54288
chr14-54200000-54300000	0.315425	-0.136111	-0.355467	1.3028
chr14-60100000-60200000	0.075687	-0.299539	0.175228	1.46237
chr14-55000000-55100000	0.248523	-0.07757	-0.415246	3.83827
chr14-66400000-66500000	-0.229243	-0.018365	0.084928	1.29186
chr14-82800000-82900000	-0.080494	-0.063306	0.39661	1.12049
chr14-55100000-55200000	0.295024	-0.079684	-0.122974	2.82962
chr14-62700000-62800000	-0.16908	0.074364	0.205593	1.36092
chr14-80200000-80300000	-0.319065	-0.018343	0.428644	1.28519
chr14-55200000-55300000	0.192723	0.182467	-0.231546	4.56901
chr14-80700000-80800000	-0.385982	0.090893	0.321401	1.61803
chr14-55900000-56000000	0.503449	-0.233182	0.041842	1.64356
chr14-56300000-56400000	0.235344	-0.063251	0.003354	1.5394
chr14-56900000-57000000	-0.126557	-0.110582	-0.010876	1.40504
chr14-57100000-57200000	-0.129125	-0.236978	0.239444	1.46197
chr14-57400000-57500000	-0.208414	-0.231462	0.326525	1.20835
chr14-91400000-91500000	0.184826	-0.124118	0.466663	1.1993
chr14-57700000-57800000	-0.010444	-0.108198	-0.039804	3.25334
chr14-97400000-97500000	-0.006666	-0.094154	0.328486	1.2482
chr14-57900000-58000000	0.014236	-0.332314	0.18939	1.19341
chr14-58200000-58300000	-0.051507	-0.384467	0.505721	1.19389
chr14-58700000-58800000	0.124988	-0.087537	-0.234935	3.69617
chr14-87100000-87200000	-0.252866	0.259382	0.3083	1.84554
chr14-58900000-59000000	0.056238	0.173026	-0.28945	1.64599
chr14-59900000-60000000	0.140121	-0.163809	-0.227003	3.94839
chr14-69100000-69200000	0.38445	0.082424	-0.09296	5.80171
chr14-60500000-60600000	-0.259699	0.046966	-0.277805	3.90798
chr14-66200000-66300000	0.165721	-0.152415	0.100381	1.58173
chr14-71200000-71300000	-0.1836	0.197702	0.138502	1.76433
chr14-86600000-86700000	-0.430147	0.04152	0.458488	1.20857
chr14-60600000-60700000	-0.004414	-0.05379	-0.140714	3.00262
chr14-60900000-61000000	-0.405152	-0.029232	-0.032518	3.16859
chr14-61600000-61700000	0.068897	0.355983	-0.062486	4.65756
chr14-61900000-62000000	-0.020989	0.14781	-0.187756	3.20649
chr14-62000000-62100000	0.234339	0.055647	-0.036649	4.98926
chr14-82100000-82200000	0.1369	-0.086693	0.387726	1.13177
chr14-62800000-62900000	-0.462748	0.00201	0.153983	1.3195
chr14-79300000-79400000	0.099154	-0.126752	0.327972	1.16854
chr14-62900000-63000000	-0.201457	-0.113329	0.009398	1.45007
chr14-63100000-63200000	0.281552	-0.11514	0.109186	1.92261
chr14-67700000-67800000	-0.160033	0.376792	0.043826	2.90197
chr14-78500000-78600000	-0.024237	-0.220895	0.604995	1.1798
chr14-63300000-63400000	-0.275774	-0.139306	0.052227	1.28993
chr14-89400000-89500000	0.076323	0.305289	0.208742	2.43842
chr14-63400000-63500000	0.033933	-0.095964	0.002863	1.37072
chr14-63700000-63800000	-0.012124	0.035868	0.111657	1.95628
chr14-72400000-72500000	-0.219259	-0.130714	0.199191	1.12957
chr14-63800000-63900000	-0.24957	0.138633	-0.079719	1.70984
chr14-74100000-74200000	0.499891	0.188891	-0.126175	5.1702
chr14-63900000-64000000	-0.037614	0.079607	-0.301538	1.86348
chr14-64200000-64300000	-0.255884	0.310481	-0.110956	1.76952
chr14-97100000-97200000	0.260975	-0.177412	0.396943	1.28153
chr14-64600000-64700000	0.215108	0.106343	-0.191654	1.97393
chr14-99200000-99300000	0.036428	-0.2764	0.613689	1.11695
chr14-64700000-64800000	-0.015536	0.14748	-0.373877	1.5115
chr14-75300000-75400000	0.446365	0.110929	-0.110519	3.64721
chr14-82000000-82100000	-0.162417	-0.203928	0.440287	1.81725
chr14-64800000-64900000	0.268854	0.12709	-0.208587	2.97992
chr14-65100000-65200000	0.046987	0.391172	-0.122308	2.53517
chr14-69300000-69400000	0.131628	0.201844	-0.345439	5.87697
chr14-65200000-65300000	-0.055889	0.121304	-0.176991	2.52605
chr14-69200000-69300000	0.220559	0.345673	-0.062309	6.58752
chr14-83000000-83100000	-0.184315	-0.241263	0.401658	1.10179
chr14-65300000-65400000	0.022911	0.352092	0.010463	2.87396
chr14-65400000-65500000	0.068328	0.044442	-0.054219	2.95674
chr14-65900000-66000000	-0.126743	0.376831	-0.02065	1.70034
chr14-66000000-66100000	-0.348393	0.142493	-0.047916	1.49201
chr14-66100000-66200000	-0.086082	0.035838	0.066697	1.35284
chr14-66500000-66600000	-0.166542	-0.194518	0.345013	1.30571
chr14-66600000-66700000	0.128998	-0.283431	0.262086	1.2266
chr14-66700000-66800000	-0.174072	-0.208687	0.309378	1.29714
chr14-95600000-95700000	0.301305	0.044828	0.575895	3.12642
chr14-66900000-67000000	-0.044082	-0.074317	0.328606	3.67286
chr14-84900000-85000000	-0.038485	0.137202	0.546633	1.17104
chr14-67100000-67200000	-0.185692	-0.334464	0.529519	1.3717
chr14-70100000-70200000	-0.038009	0.358215	-0.043219	3.25296
chr14-67400000-67500000	-0.154186	-0.028915	0.161537	1.24255
chr14-68700000-68800000	0.081313	0.183171	-0.214024	2.11556
chr14-68900000-69000000	0.457384	0.138582	-0.160035	2.68802
chr14-69700000-69800000	0.142229	0.192063	-0.186571	2.31772
chr14-94800000-94900000	0.302965	-0.06025	0.404017	1.63533
chr14-69800000-69900000	0.115944	0.360734	0.066734	2.93186
chr14-69900000-70000000	-0.099961	0.204483	-0.109727	1.65434
chr14-70200000-70300000	-0.235096	0.108416	-0.017698	3.31727
chr14-70300000-70400000	-0.157084	0.172709	0.304783	2.15061
chr14-70400000-70500000	0.03081	0.122396	0.085623	1.99074
chr14-70700000-70800000	-0.359314	-0.081581	0.463447	1.22134
chr14-70800000-70900000	-0.381209	0.08862	0.182799	2.81625
chr14-87500000-87600000	-0.090185	0.131914	0.555653	1.48812
chr14-70900000-71000000	-0.333492	-0.077172	0.458694	1.35648
chr14-71000000-71100000	-0.242677	0.170963	0.277523	1.99344
chr14-79000000-79100000	-0.198371	-0.119412	0.295696	1.46104
chr14-80400000-80500000	-0.319063	0.101125	0.469565	1.4524
chr14-71300000-71400000	0.125639	0.214406	0.015212	3.40483
chr14-71400000-71500000	-0.059078	0.335638	0.230325	2.17366
chr14-75000000-75100000	0.419112	0.406472	0.016571	9.19151
chr14-71500000-71600000	-0.304591	0.423767	0.032186	2.40411
chr14-75100000-75200000	0.124774	0.438536	0.030029	3.58294
chr14-91200000-91300000	0.355835	0.217264	0.471067	3.6176
chr14-71900000-72000000	-0.226677	0.286227	-0.079933	1.99264
chr14-72100000-72200000	0.220769	0.402763	0.09107	2.72577
chr14-87300000-87400000	-0.029002	0.113439	0.540917	1.40434
chr14-72900000-73000000	0.066186	0.224297	0.120352	2.16442
chr14-73100000-73200000	0.147206	0.463047	0.01698	4.22216
chr14-73300000-73400000	-0.10465	0.116958	-0.235988	3.34397
chr14-73400000-73500000	0.133132	0.256684	-0.078981	3.01672
chr14-74600000-74700000	0.254521	0.29013	-0.155653	1.378
chr14-74800000-74900000	0.370413	0.390414	0.089885	1.54007
chr14-76200000-76300000	0.287856	0.327579	0.097125	2.11066
chr14-74900000-75000000	0.421518	0.107271	-0.008735	4.87329
chr14-75600000-75700000	0.323127	0.172077	-0.167548	3.02983
chr14-75800000-75900000	0.419966	0.150998	0.036185	2.91254
chr14-88300000-88400000	0.018105	0.033012	0.365321	1.2537
chr14-75900000-76000000	0.175848	0.138975	-0.150983	4.29091
chr14-76500000-76600000	0.426763	-0.074175	0.324238	1.65455
chr14-76800000-76900000	-0.109233	0.165324	0.349183	1.30218
chr14-76900000-77000000	-0.247235	-0.032712	0.570857	1.22229
chr14-77300000-77400000	0.535251	-0.025843	0.099452	4.73965
chr14-99300000-99400000	0.321115	-0.207296	0.476368	1.20776
chr14-77500000-77600000	0.124948	0.132394	0.127851	5.52581
chr14-77600000-77700000	-0.108863	0.219022	0.330199	1.77895
chr14-77900000-78000000	-0.039679	0.271381	0.038913	2.87946
chr14-78300000-78400000	0.078091	-0.020699	0.445623	1.77277
chr14-78400000-78500000	-0.203099	-0.158085	0.340734	1.30687
chr14-78700000-78800000	0.112161	-0.251129	0.399803	1.20193
chr14-78900000-79000000	0.109484	-0.177555	0.355536	1.13602
chr14-79500000-79600000	-0.01454	0.16106	0.163244	1.34691
chr14-79700000-79800000	0.292249	0.117011	0.522789	2.05491
chr14-79800000-79900000	0.10798	0.25325	0.282913	1.50338
chr14-84100000-84200000	-0.353533	0.194191	0.302443	1.13438
chr14-79900000-80000000	-0.189038	0.156748	0.213374	1.52582
chr14-96500000-96600000	0.506252	0.001504	0.388213	3.83457
chr14-80800000-80900000	-0.269053	0.093089	0.038589	1.78781
chr14-80900000-81000000	-0.211905	0.374999	-0.06907	1.71969
chr14-81100000-81200000	-0.124576	0.20942	0.045001	1.65098
chr14-87700000-87800000	-0.071324	-0.134404	0.366962	1.17671
chr14-89300000-89400000	-0.147812	0.347871	0.425571	2.01024
chr14-81200000-81300000	0.096489	0.279772	0.252675	1.44623
chr14-81900000-82000000	-0.139726	0.11538	0.552487	2.05743
chr14-82200000-82300000	0.026607	-0.345586	0.541313	1.21592
chr14-95300000-95400000	0.033072	-0.282178	0.661152	1.3544
chr14-82300000-82400000	-0.210022	-0.149556	0.462213	1.11418
chr14-82500000-82600000	-0.127245	-0.258623	0.601787	1.07081
chr14-82900000-83000000	-0.260497	-0.043051	0.659109	1.09075
chr14-83600000-83700000	-0.274041	0.121821	0.579667	1.44384
chr14-83700000-83800000	-0.169884	0.252216	0.3063	1.20062
chr14-83900000-84000000	-0.216104	0.273518	0.261919	1.24176
chr14-84200000-84300000	-0.159691	0.313071	0.529266	1.2148
chr14-85000000-85100000	-2.1e-05	-0.1482	0.690268	1.28729
chr14-87400000-87500000	-0.113283	0.130941	0.230687	1.31529
chr14-85100000-85200000	-0.326628	-0.114094	0.656191	1.14441
chr14-85200000-85300000	-0.18139	0.113138	0.473995	1.18334
chr14-85300000-85400000	0.137798	0.142435	0.442474	1.14304
chr14-85700000-85800000	-0.2796	0.169074	0.275896	1.38368
chr14-85400000-85500000	-0.126164	0.074462	0.62413	1.14181
chr14-85500000-85600000	-0.361683	-0.039419	0.433093	1.17278
chr14-90300000-90400000	0.269537	0.48943	0.365198	2.73091
chr14-86500000-86600000	-0.211278	0.282864	0.476225	1.12962
chr14-99400000-99500000	0.017834	-0.121559	0.552347	1.19655
chr14-86900000-87000000	-0.270947	0.331121	0.310981	1.22363
chr14-87900000-88000000	-0.301974	-0.153158	0.523973	1.32033
chr14-88500000-88600000	-0.121541	-0.138252	0.451918	1.15042
chr14-88700000-88800000	0.101451	-0.032937	0.333963	1.19542
chr14-88800000-88900000	-0.074208	0.081884	0.577186	2.85762
chr14-88900000-89000000	-0.263815	0.310792	0.4509	2.88197
chr14-89200000-89300000	0.103028	0.363976	0.589875	2.99101
chr14-89800000-89900000	-0.000893	0.404556	0.21148	3.81957
chr14-90000000-90100000	0.171193	0.430688	0.181	2.61739
chr14-90600000-90700000	0.237708	0.124865	0.633893	1.67614
chr14-94700000-94800000	0.080687	-0.012477	0.645073	1.60127
chr14-90700000-90800000	0.045629	0.333374	0.458908	3.90416
chr14-90900000-91000000	0.068804	0.298037	0.374852	1.67369
chr14-91700000-91800000	0.198257	0.272143	0.364166	3.33154
chr14-91900000-92000000	0.308003	0.265158	0.56482	4.3645
chr14-92800000-92900000	0.306722	0.233564	0.470258	2.37812
chr14-92900000-93000000	0.096954	0.411	0.323649	4.7138
chr14-93100000-93200000	0.127463	0.404863	0.305378	3.26374
chr14-93300000-93400000	0.344153	0.081475	0.665924	1.47668
chr14-99700000-99800000	0.330117	-0.121618	0.535287	1.3236
chr14-93400000-93500000	0.040873	0.090323	0.601281	1.98774
chr14-93500000-93600000	0.211393	0.195217	0.363786	2.35879
chr14-93700000-93800000	-0.001212	0.138148	0.505529	2.84644
chr14-93800000-93900000	-0.150161	-0.083461	0.700171	1.48325
chr14-93900000-94000000	0.109318	-0.244975	0.650458	1.26692
chr14-98900000-99000000	0.208472	-0.200087	0.407801	1.1531
chr14-94600000-94700000	0.348627	-0.114878	0.49814	1.88363
chr14-94900000-95000000	0.006835	0.029077	0.315509	2.20965
chr14-95100000-95200000	0.348652	0.099732	0.593533	1.67158
chr14-95200000-95300000	0.049585	0.039521	0.673695	1.23336
chr14-95700000-95800000	0.00028	0.105076	0.519287	1.41178
chr14-95900000-96000000	0.447009	0.102368	0.626044	4.30649
chr14-96000000-96100000	0.134838	0.083296	0.584821	2.98286
chr14-96100000-96200000	0.218191	-0.225703	0.575003	1.19259
chr14-96300000-96400000	0.309135	-0.159418	0.424251	1.69809
chr14-96900000-97000000	0.37099	0.207259	0.455215	3.65338
chr14-97700000-97800000	0.309842	-0.165755	0.525158	1.20904
chr14-97900000-98000000	0.177376	-0.158349	0.384362	1.1864
chr14-98100000-98200000	0.333374	-0.238299	0.572932	1.16142
chr14-98200000-98300000	0.020986	-0.320118	0.528255	1.23187
chr14-98700000-98800000	0.293415	-0.217397	0.489584	1.12931
chr14-99000000-99100000	0.116824	-0.165799	0.707195	1.17476
chr14-99100000-99200000	-0.052393	0.022871	0.508232	1.15396
chr14-99800000-99900000	0.337956	0.177906	0.41357	2.25077
chr14-99900000-100000000	0.4573	-0.113011	0.312219	5.98698
