chr16-59100000-59200000	-0.611924	0.095764	-0.040272	1.074
chr16-79600000-79700000	-0.317749	0.026083	0.353113	1.58852
chr16-15400000-15500000	1.14701	-0.682216	-0.356448	2.18282
chr16-66600000-66700000	-0.164458	0.621864	-0.300362	4.82733
chr16-73600000-73700000	-0.061135	-0.058112	0.231058	1.12871
chr16-48500000-48600000	-0.250061	0.25144	-0.02799	3.49738
chr16-31500000-31600000	0.305956	-0.634575	-0.57103	4.65033
chr16-11800000-11900000	0.773053	-0.199909	-0.242166	4.70296
chr16-46400000-46500000	-0.499858	-0.402566	0.558437	1.19378
chr16-5700000-5800000	0.38984	-0.194298	0.217801	1.10261
chr16-26000000-26100000	0.050699	-0.425723	-0.094591	1.11993
chr16-17000000-17100000	0.150921	-0.443747	0.100953	1.20053
chr16-11400000-11500000	0.690206	-0.554113	-0.501599	3.00106
chr16-66000000-66100000	-0.103389	0.278273	-0.490288	1.80351
chr16-57000000-57100000	-0.105428	0.362698	-0.549875	5.27778
chr16-71600000-71700000	-0.24815	0.023758	-0.409886	1.72858
chr16-88100000-88200000	0.40314	0.64467	0.486564	2.85865
chr16-57800000-57900000	-0.400716	0.662007	-0.250027	4.65719
chr16-51100000-51200000	-0.483359	-0.141902	-0.441587	3.96608
chr16-48700000-48800000	-0.613943	-0.129667	-0.094879	1.12358
chr16-22600000-22700000	0.453899	-0.257125	0.113685	1.51334
chr16-100000-200000	0.836964	0.45313	-0.146521	9.0237
chr16-79100000-79200000	-0.376453	-0.229386	0.226722	1.12893
chr16-17800000-17900000	0.253237	-0.665529	-0.041967	1.49335
chr16-86400000-86500000	0.113691	0.513486	0.157534	5.3195
chr16-1500000-1600000	0.669399	0.188695	-0.715878	5.53392
chr16-19000000-19100000	0.657516	-0.513931	-0.04688	3.15041
chr16-11000000-11100000	0.489758	-0.356275	-0.247345	4.19939
chr16-19400000-19500000	0.306613	-0.665036	-0.329883	1.57937
chr16-0-100000	0.925675	0.603375	-0.118441	2.038
chr16-6400000-6500000	0.456006	-0.429661	0.027003	1.19314
chr16-10200000-10300000	0.131549	-0.421797	0.140021	1.44522
chr16-52400000-52500000	-0.304125	-0.169559	0.023202	1.13195
chr16-32200000-32300000	-0.459854	-1.08316	-0.268994	1
chr16-14600000-14700000	0.501551	-0.490154	-0.615664	2.1167
chr16-56700000-56800000	-0.276982	0.409459	-0.422	3.66638
chr16-3200000-3300000	0.755603	0.095591	-0.045772	4.31267
chr16-12000000-12100000	0.51885	-0.541236	0.10225	4.40835
chr16-67700000-67800000	0.280851	0.62894	-0.132157	4.27173
chr16-9000000-9100000	0.426017	-0.226071	-0.014192	3.11385
chr16-18200000-18300000	0.581281	-1.32399	-0.071112	0
chr16-34500000-34600000	0.280554	-0.34833	0.45821	1.17045
chr16-25700000-25800000	-0.07449	-0.557354	-0.418837	1.13926
chr16-10500000-10600000	0.543057	-0.6285	-0.166121	1.20506
chr16-7200000-7300000	0.131879	-0.654078	0.144388	1.16637
chr16-21100000-21200000	0.502037	-0.349442	-0.27844	3.12597
chr16-10100000-10200000	0.134127	-0.372366	-0.234208	1.29572
chr16-14100000-14200000	0.399267	-0.212246	-0.25696	2.66694
chr16-7600000-7700000	0.059179	-0.664526	-0.002315	1.12922
chr16-12700000-12800000	0.214182	-0.56125	-0.256502	2.36977
chr16-1000000-1100000	0.738404	0.099701	0.17641	2.79898
chr16-21800000-21900000	0.643123	-0.360086	0.385703	1.87775
chr16-1200000-1300000	1.05148	0.170115	-0.315069	2.10684
chr16-78200000-78300000	-0.426143	-0.204867	-0.079781	1.55292
chr16-81600000-81700000	-0.365665	0.535996	0.206593	3.86059
chr16-21200000-21300000	0.412308	-0.203736	0.052309	1.67777
chr16-72500000-72600000	-0.090708	0.087187	-0.371543	1.34736
chr16-58300000-58400000	-0.225356	0.008728	-0.194261	1.27848
chr16-32800000-32900000	-0.349067	-1.08204	0.398018	1.18043
chr16-10400000-10500000	0.437	-0.519262	0.180769	1.59208
chr16-69800000-69900000	0.015963	0.770224	-0.304154	2.21791
chr16-83200000-83300000	-0.146768	0.465146	0.006594	1.59968
chr16-85400000-85500000	-0.106014	0.748749	0.257671	5.06172
chr16-65200000-65300000	-0.281539	0.416096	-0.111488	1.36641
chr16-10300000-10400000	0.196239	-0.78244	-0.001012	1.1806
chr16-81400000-81500000	-0.098467	0.219137	0.431805	3.60225
chr16-52100000-52200000	-0.630195	0.06685	-0.292862	1.23739
chr16-49600000-49700000	-0.315698	-0.205013	-0.281332	1.66436
chr16-7000000-7100000	0.150132	-0.635388	-0.078404	1.14154
chr16-56600000-56700000	-0.174664	0.510524	-0.115256	5.06981
chr16-12600000-12700000	0.364988	-0.258875	-0.116284	2.69681
chr16-76400000-76500000	-0.248014	-0.00082	-0.146238	1.18476
chr16-50800000-50900000	-0.330319	-0.070287	0.190926	1.67503
chr16-3800000-3900000	0.483346	-0.001465	-0.63749	3.03882
chr16-12100000-12200000	0.754646	-0.381811	-0.113301	3.22401
chr16-76000000-76100000	-0.536127	-0.009511	-0.232762	1.05924
chr16-8600000-8700000	0.315977	-0.744824	-0.259749	1.65201
chr16-27000000-27100000	0.393941	-0.606331	-0.218335	1.82259
chr16-23400000-23500000	0.285165	-0.367748	-0.454552	3.05728
chr16-83700000-83800000	-0.099779	0.344108	0.046692	1.70845
chr16-10000000-10100000	0.033116	-0.735864	-0.261531	1.17207
chr16-18600000-18700000	0.583435	-1.32779	-0.07703	1
chr16-72300000-72400000	-0.497902	0.13486	0.129701	1.63646
chr16-12400000-12500000	0.378068	-0.223035	0.06489	3.28057
chr16-58200000-58300000	-0.464439	0.294003	-0.247998	2.86291
chr16-32600000-32700000	-0.150877	-0.801794	0.163653	1.2446
chr16-23500000-23600000	0.62257	-0.247949	-0.349853	3.94887
chr16-10600000-10700000	0.452054	-0.289461	0.014229	2.18967
chr16-4800000-4900000	0.645463	-0.057801	-0.344533	5.08938
chr16-14700000-14800000	0.614776	-0.754531	-0.874288	4.35349
chr16-10700000-10800000	0.399035	-0.512048	-0.272824	1.7697
chr16-83100000-83200000	0.121839	0.214376	-0.070129	1.5588
chr16-61400000-61500000	-0.340496	-0.153835	-0.341637	1.05979
chr16-18000000-18100000	0.210217	-0.662385	-0.0213	1.18291
chr16-12200000-12300000	0.479499	-0.124111	-0.034366	2.70187
chr16-14800000-14900000	0.617959	-0.755145	-0.874242	1
chr16-50000000-50100000	-0.366902	0.114613	0.309152	2.47384
chr16-34300000-34400000	-0.125866	-0.732736	0.116493	1.20184
chr16-27600000-27700000	0.43105	-0.219448	-0.578007	2.29502
chr16-16100000-16200000	0.882981	-0.426151	-0.376233	4.22879
chr16-14400000-14500000	0.422768	-0.388501	-0.607262	4.29397
chr16-49200000-49300000	-0.127673	-0.148779	0.096407	1.16387
chr16-49000000-49100000	-0.477494	-0.081427	0.254422	1.38117
chr16-47300000-47400000	-0.197824	0.018331	-0.157067	1.48571
chr16-47100000-47200000	-0.674126	-0.039312	-0.07436	1.78919
chr16-21000000-21100000	0.53631	-0.297242	0.103555	1.58172
chr16-76500000-76600000	-0.344976	0.256052	0.109513	1.1884
chr16-32000000-32100000	-0.459063	-1.08599	-0.267918	1.12977
chr16-14000000-14100000	0.39869	-0.183918	0.115289	3.23383
chr16-90000000-90100000	0.445648	0.520223	0.020622	5.89296
chr16-58400000-58500000	-0.497715	0.227611	-0.244375	1.94149
chr16-50700000-50800000	-0.581718	0.120152	-0.009083	2.28129
chr16-67200000-67300000	0.288711	0.778225	-0.319224	8.25457
chr16-85200000-85300000	0.162949	0.707916	0.038408	8.25168
chr16-87800000-87900000	0.380232	0.641461	0.043961	5.52178
chr16-29000000-29100000	0.206747	-0.154026	-1.15653	2.12867
chr16-12500000-12600000	0.393894	-0.617048	0.005119	2.49702
chr16-69400000-69500000	0.180157	0.623605	-0.071256	3.76633
chr16-70200000-70300000	0.055394	0.798178	-0.731455	6.46964
chr16-74200000-74300000	-0.226144	0.084381	-0.104356	1.30111
chr16-76800000-76900000	-0.357596	-0.245552	-0.092467	1.07525
chr16-8400000-8500000	0.287943	-0.557383	-0.257713	1.09205
chr16-63200000-63300000	-0.374204	0.070288	-0.512452	1.14017
chr16-52600000-52700000	-0.42662	-0.339942	0.049541	1.19898
chr16-16500000-16600000	0.995635	-0.956733	-0.2451	1
chr16-10800000-10900000	0.34859	-0.72083	0.050957	2.45383
chr16-69000000-69100000	0.181903	0.549102	-0.233064	2.62877
chr16-81300000-81400000	-0.214382	0.350336	0.103817	2.74452
chr16-83400000-83500000	-0.083153	0.525271	0.017908	1.72955
chr16-10900000-11000000	0.310346	-0.694661	-0.306774	1.73637
chr16-66100000-66200000	0.011366	0.225452	-0.153103	2.48444
chr16-26700000-26800000	0.24617	-0.708537	-0.308609	1.12852
chr16-22400000-22500000	0.725401	-0.196417	0.381315	2.08674
chr16-22200000-22300000	0.485481	-0.460975	0.083553	3.55739
chr16-13400000-13500000	0.265061	-0.28604	0.007604	1.16661
chr16-26500000-26600000	0.24044	-0.769775	-0.32458	1.10661
chr16-79500000-79600000	-0.044051	-0.011884	0.085529	1.16377
chr16-1100000-1200000	0.914979	0.269483	-0.085457	1.45126
chr16-1300000-1400000	0.974973	0.509624	-0.401872	4.49684
chr16-88700000-88800000	0.284659	0.708209	0.279247	6.39507
chr16-55800000-55900000	-0.72168	-0.316834	-0.363086	1.11012
chr16-13100000-13200000	0.116371	-0.441232	0.093283	1.18526
chr16-46800000-46900000	-0.372626	0.256518	-0.4132	2.80326
chr16-26200000-26300000	0.378165	-0.499708	-0.255997	1.10606
chr16-11100000-11200000	0.446729	-0.057969	-0.034147	4.60976
chr16-19100000-19200000	0.430731	-0.21385	-0.043402	4.06349
chr16-60600000-60700000	-0.405499	-0.025346	-0.441704	1.1324
chr16-11200000-11300000	0.583247	-0.182855	-0.331436	3.87295
chr16-11300000-11400000	0.354897	-0.391285	-0.528059	3.11005
chr16-79800000-79900000	-0.276558	-0.037496	0.310073	2.10622
chr16-59600000-59700000	-0.418522	0.297925	-0.208009	1.86458
chr16-24300000-24400000	-0.059446	-0.647986	-0.265506	1.24037
chr16-62400000-62500000	-0.564583	0.077281	-0.067754	1.18566
chr16-33500000-33600000	0.041277	-0.652622	0.419109	1.22017
chr16-22100000-22200000	0.473811	-0.330086	-0.282558	1.39562
chr16-11500000-11600000	0.451116	-0.403817	-0.276646	2.55385
chr16-82400000-82500000	-0.241658	0.15788	0.298777	1.24
chr16-64000000-64100000	-0.410979	0.143342	0.15773	1.18615
chr16-60200000-60300000	-0.287027	-0.041877	-0.371786	1.07542
chr16-48800000-48900000	-0.444429	-0.271897	-0.394348	1.2631
chr16-4300000-4400000	0.980212	0.124017	-0.324113	7.33578
chr16-75300000-75400000	-0.066331	0.537618	-0.0906	3.75344
chr16-11600000-11700000	0.598723	-0.204851	-0.528878	3.18496
chr16-71300000-71400000	-0.193985	-0.035236	0.238958	3.11919
chr16-79300000-79400000	-0.587554	-0.195959	0.128598	1.20891
chr16-79700000-79800000	-0.279515	0.269334	0.074407	1.31579
chr16-53700000-53800000	-0.254713	0.189836	0.003189	2.2831
chr16-13700000-13800000	0.093781	-0.426772	0.11469	1.16383
chr16-88200000-88300000	0.223181	0.98964	0.60197	2.97719
chr16-53600000-53700000	-0.562282	0.060282	0.161099	1.42748
chr16-57300000-57400000	-0.239438	0.415464	-0.590561	2.06149
chr16-13600000-13700000	-0.083432	-0.614042	-0.172859	1.09425
chr16-31700000-31800000	0.103498	-0.709251	-0.09699	3.53941
chr16-28800000-28900000	0.433703	-0.082535	-0.818283	6.8182
chr16-28100000-28200000	0.393872	-0.057324	-0.466752	3.2771
chr16-11700000-11800000	0.466014	-0.026179	-0.270655	3.49599
chr16-6700000-6800000	0.088905	-0.42363	-0.165925	1.16979
chr16-73400000-73500000	-0.138231	0.0553	-0.065214	1.32773
chr16-54900000-55000000	-0.634422	0.000483	-0.040989	1.74026
chr16-11900000-12000000	0.64287	-0.188503	0.088999	3.36659
chr16-34900000-35000000	0.130336	-0.767103	0.364802	1.51837
chr16-1900000-2000000	0.727723	0.128201	-0.555421	2.95384
chr16-29100000-29200000	0.208937	-0.15221	-1.15497	1.84827
chr16-12300000-12400000	0.360612	-0.375216	-0.275536	2.29475
chr16-12800000-12900000	0.558259	-0.433724	-0.232716	3.08437
chr16-1400000-1500000	0.700406	0.505907	-0.597643	5.53873
chr16-57900000-58000000	-0.303685	0.410011	-0.468107	2.20252
chr16-12900000-13000000	0.292846	-0.645744	-0.022594	1.24221
chr16-15100000-15200000	0.835638	-0.455381	-0.489828	4.44042
chr16-13500000-13600000	0.15288	-0.366224	-0.337703	1.17101
chr16-66500000-66600000	0.077723	0.48532	-0.084205	4.97064
chr16-3700000-3800000	0.752622	0.069698	-0.479425	5.00443
chr16-22700000-22800000	0.226561	-0.263267	-0.205019	1.79981
chr16-66800000-66900000	-0.11735	0.614311	-0.132507	2.59762
chr16-13000000-13100000	0.473875	-0.379555	0.143966	1.14572
chr16-75500000-75600000	-0.382037	0.42857	0.118992	2.87165
chr16-31300000-31400000	0.269237	-0.613209	-0.49828	1.41084
chr16-13200000-13300000	-0.084075	-0.642868	-0.140713	1.22554
chr16-68200000-68300000	0.083545	0.737574	-0.57497	6.36452
chr16-13300000-13400000	0.124517	-0.594697	0.179633	1.1289
chr16-5500000-5600000	0.431682	-0.289113	-0.160122	1.14043
chr16-73100000-73200000	-0.078733	0.439799	-0.370533	2.89967
chr16-15500000-15600000	0.903542	-0.591089	-0.317049	2.78081
chr16-73500000-73600000	-0.34731	-0.218308	0.048505	1.18513
chr16-9500000-9600000	0.186969	-0.566339	0.126539	1.06145
chr16-15000000-15100000	0.56214	-0.427145	-0.747879	1.95313
chr16-75600000-75700000	-0.095899	0.33706	-0.082566	4.04531
chr16-26800000-26900000	0.030366	-0.567372	-0.579502	1.449
chr16-13800000-13900000	-0.01518	-0.648444	-0.160654	1.1462
chr16-13900000-14000000	0.104523	-0.453569	0.15483	1.14486
chr16-19900000-20000000	0.255491	-0.744316	-0.111109	1.30342
chr16-90100000-90200000	0.496044	0.592052	0.216846	4.48081
chr16-18100000-18200000	0.436978	-0.93662	-0.038673	1.10004
chr16-14500000-14600000	0.124228	-0.539597	-0.624348	2.60919
chr16-25500000-25600000	0.225592	-0.712957	-0.375884	1.42072
chr16-14200000-14300000	0.093964	-0.328858	-0.414247	1.86509
chr16-49400000-49500000	-0.728583	-0.079827	0.025692	1.19663
chr16-14300000-14400000	0.411773	-0.248922	-0.252629	3.40805
chr16-14900000-15000000	0.620235	-0.757109	-0.873025	1.085
chr16-15200000-15300000	1.1461	-0.678134	-0.355462	2.31719
chr16-64100000-64200000	-0.364269	0.383556	-0.165734	1.31268
chr16-55300000-55400000	-0.376605	-0.137394	-0.403921	1.14173
chr16-51300000-51400000	-0.30784	-0.163962	-0.315748	1.53098
chr16-15300000-15400000	1.14816	-0.679418	-0.357608	1
chr16-64200000-64300000	-0.083863	0.337184	-0.405755	1.17109
chr16-60300000-60400000	-0.255985	-0.202477	-0.006109	1.09778
chr16-51600000-51700000	-0.165519	-0.022978	-0.016648	1.29386
chr16-19200000-19300000	0.333593	-0.51181	-0.261235	1.96775
chr16-68800000-68900000	0.095033	0.521748	-0.148074	2.95195
chr16-71000000-71100000	-0.014281	0.074316	-0.263277	1.56417
chr16-48200000-48300000	-0.173081	0.014201	-0.143589	2.53061
chr16-28500000-28600000	0.151908	-0.447317	-0.844713	3.73546
chr16-15600000-15700000	0.650533	-0.374298	-0.307871	2.52481
chr16-19700000-19800000	0.378024	-0.152873	-0.343415	3.61224
chr16-88400000-88500000	0.228307	0.407347	0.667785	7.0686
chr16-15700000-15800000	0.642457	-0.042215	-0.346587	3.26246
chr16-68700000-68800000	0.139126	0.441826	-0.465325	1.67469
chr16-19800000-19900000	0.487296	-0.476779	-0.328033	2.63498
chr16-77600000-77700000	-0.348356	0.04507	0.290242	1.29961
chr16-15800000-15900000	0.672839	-0.1534	-0.015253	2.05119
chr16-15900000-16000000	0.498942	-0.079156	-0.315817	3.05018
chr16-49700000-49800000	-0.613216	-0.170317	-0.475368	1.26476
chr16-85300000-85400000	0.092614	0.512099	0.334342	3.54249
chr16-1600000-1700000	0.830932	0.323048	-0.526692	4.46357
chr16-63700000-63800000	-0.349774	-0.137552	-0.238228	1.26118
chr16-34000000-34100000	0.034138	-0.490584	0.704233	1.59184
chr16-16000000-16100000	0.804447	-0.17321	-0.261792	4.31066
chr16-78800000-78900000	-0.511053	-0.189828	-0.160221	1.2208
chr16-54300000-54400000	-0.263666	0.036944	-0.129152	1.46977
chr16-16200000-16300000	0.821185	-0.754131	-0.209281	3.02625
chr16-30800000-30900000	0.336738	-0.07381	-0.897413	5.63686
chr16-1800000-1900000	0.770203	0.429588	-0.533264	7.72176
chr16-74000000-74100000	-0.312401	-0.167507	0.029208	1.12155
chr16-16300000-16400000	0.993359	-0.958231	-0.243343	1
chr16-76200000-76300000	-0.518193	0.21867	0.181168	1.09534
chr16-65400000-65500000	-0.21167	0.434246	-0.431978	1.46461
chr16-63600000-63700000	-0.461634	-0.027102	-0.591362	1.10406
chr16-16600000-16700000	0.998457	-0.956626	-0.246693	1.13511
chr16-52200000-52300000	-0.43604	-0.264794	-0.31658	1.15471
chr16-47600000-47700000	-0.258925	-0.055361	-0.46583	1.67344
chr16-8000000-8100000	0.030809	-0.553896	0.073174	1.16645
chr16-34100000-34200000	0.035455	-0.488858	0.706641	1.06436
chr16-27700000-27800000	0.129094	-0.401552	-0.624471	4.09193
chr16-16700000-16800000	0.995245	-0.956515	-0.246265	1.2678
chr16-16800000-16900000	0.706684	-0.759865	-0.189534	1.09376
chr16-16900000-17000000	0.454729	-0.490896	-0.10962	1.1228
chr16-62800000-62900000	-0.5775	0.199296	-0.185315	1.12841
chr16-500000-600000	0.781127	0.361662	-0.127409	6.53416
chr16-26600000-26700000	-0.116798	-0.742408	-0.218417	1.16681
chr16-71100000-71200000	-0.059796	-0.065885	0.035786	1.35237
chr16-82800000-82900000	0.141946	0.261728	-0.040338	1.52767
chr16-1700000-1800000	0.743347	0.315855	-0.208956	6.25887
chr16-66300000-66400000	-0.241016	0.526911	-0.186964	1.85045
chr16-17100000-17200000	0.26995	-0.353774	-0.239751	1.26801
chr16-59300000-59400000	-0.301818	0.211885	-0.068852	1.20701
chr16-17200000-17300000	0.475095	-0.486261	0.055304	1.56377
chr16-80000000-80100000	-0.265646	0.277684	-0.025878	1.6683
chr16-84800000-84900000	0.260321	0.5671	-0.067371	4.51209
chr16-59700000-59800000	-0.160149	0.135978	-0.456084	1.14975
chr16-75800000-75900000	-0.18194	0.146662	-0.036843	1.19093
chr16-57700000-57800000	-0.246947	0.41173	-0.429461	4.77729
chr16-17300000-17400000	0.3928	-0.661672	-0.28857	1.61131
chr16-8700000-8800000	0.287466	-0.386302	-0.315715	3.05044
chr16-53500000-53600000	-0.534234	0.158225	-0.221652	3.06609
chr16-17400000-17500000	0.498328	-0.313757	-0.209383	1.8032
chr16-17500000-17600000	0.27333	-0.516028	0.020627	2.28509
chr16-77500000-77600000	-0.196391	0.048261	-0.059977	1.46287
chr16-17600000-17700000	0.255909	-0.316147	-0.292574	2.59078
chr16-51700000-51800000	-0.461502	-0.25875	-0.128465	1.34479
chr16-24200000-24300000	0.174433	-0.365349	-0.261908	1.20549
chr16-17700000-17800000	0.300797	-0.313105	0.096275	1.13109
chr16-17900000-18000000	0.332496	-0.399022	-0.257065	1.30411
chr16-18300000-18400000	0.583769	-1.32604	-0.07146	1
chr16-89400000-89500000	0.42831	0.395418	0.312414	3.8449
chr16-89500000-89600000	0.313431	0.538376	0.143361	5.49086
chr16-89900000-90000000	0.373587	0.731088	0.258256	6.73988
chr16-65300000-65400000	0.010546	0.218414	-0.21843	1.94061
chr16-23100000-23200000	0.318318	-0.341731	-0.259113	2.65009
chr16-18500000-18600000	0.583556	-1.32825	-0.073823	1.50403
chr16-67100000-67200000	0.119603	0.502821	-0.498584	5.11119
chr16-58100000-58200000	-0.426971	0.39326	0.096197	2.51281
chr16-4400000-4500000	0.747008	0.15505	-0.019543	7.67751
chr16-83000000-83100000	-0.010948	0.235529	0.280195	1.57521
chr16-83600000-83700000	-0.090572	0.21979	0.399905	1.78884
chr16-89200000-89300000	0.182664	0.680339	0.278266	3.56887
chr16-18700000-18800000	0.583016	-1.32512	-0.078812	1.82417
chr16-74300000-74400000	-0.462562	0.358163	-0.253077	3.81365
chr16-83800000-83900000	0.051878	0.125393	0.29204	2.89595
chr16-61800000-61900000	-0.407739	-0.281826	-0.234862	1.14897
chr16-50400000-50500000	-0.545174	-0.03738	0.248569	1.81989
chr16-49800000-49900000	-0.561853	-0.346604	-0.164424	1.37133
chr16-29200000-29300000	-0.160815	-0.014491	-1.25628	2.43398
chr16-18800000-18900000	0.418688	-0.950951	-0.147776	3.89699
chr16-18900000-19000000	0.579312	-0.70253	-0.35164	1.97436
chr16-75900000-76000000	-0.275899	0.212415	-0.397706	1.49653
chr16-60000000-60100000	-0.522092	0.137578	0.220519	1.12513
chr16-19300000-19400000	0.112112	-0.418526	-0.522137	1.54609
chr16-84000000-84100000	0.190213	0.250628	0.154239	2.62638
chr16-66400000-66500000	0.05873	0.439096	-0.424744	2.25362
chr16-59400000-59500000	-0.501127	0.26104	-0.400158	1.30075
chr16-19500000-19600000	0.452184	-0.308218	-0.409421	3.74604
chr16-60400000-60500000	-0.329629	-0.057033	-0.361715	1.12482
chr16-19600000-19700000	0.516264	-0.298331	-0.031738	2.27294
chr16-24400000-24500000	0.241632	-0.601031	-0.455472	1.12085
chr16-200000-300000	0.979035	0.310953	0.053182	4.51523
chr16-25100000-25200000	0.278742	-0.422647	-0.622771	3.61381
chr16-2000000-2100000	0.727143	0.399521	-0.74166	10.9202
chr16-20000000-20100000	0.322545	-0.549538	0.195497	1.15575
chr16-77800000-77900000	-0.156261	0.171383	-0.047929	2.23279
chr16-20800000-20900000	0.496928	-0.260987	0.099989	3.74508
chr16-20100000-20200000	-0.007307	-0.598648	0.040643	1.12017
chr16-64300000-64400000	-0.422596	0.417964	-0.265376	1.25658
chr16-60100000-60200000	-0.568373	-0.070314	-0.105229	1.03857
chr16-20200000-20300000	0.117652	-0.3434	-0.201467	1.13725
chr16-77400000-77500000	-0.377341	0.064739	-0.380191	1.13025
chr16-86100000-86200000	0.019009	0.369023	0.405007	2.92119
chr16-33400000-33500000	-0.18308	-0.910412	0.210345	1.15812
chr16-88000000-88100000	0.070439	0.640334	0.496562	4.04054
chr16-28300000-28400000	0.330044	-0.565883	-0.867532	1.83457
chr16-20300000-20400000	0.400659	-0.328819	0.057308	1.17317
chr16-68300000-68400000	0.331333	0.47208	-0.521371	3.8806
chr16-20400000-20500000	0.444235	-0.713893	0.052998	1.26981
chr16-86700000-86800000	0.105396	0.280643	0.35905	3.29396
chr16-57600000-57700000	-0.048256	0.172077	-0.556389	2.44805
chr16-20500000-20600000	0.349608	-0.622941	0.421726	1
chr16-53300000-53400000	-0.41265	0.203061	-0.194342	2.17393
chr16-84200000-84300000	0.085025	0.499725	0.20941	3.14521
chr16-20600000-20700000	0.339268	-0.637132	0.030432	1.24816
chr16-77000000-77100000	-0.510623	0.105563	-0.009629	1.19477
chr16-600000-700000	1.08142	0.226422	-0.214112	7.99014
chr16-46700000-46800000	-0.221655	0.071659	-0.146612	2.9731
chr16-28600000-28700000	0.214634	-0.19617	-1.08681	1.51927
chr16-20700000-20800000	0.305188	-0.360002	-0.222886	2.74873
chr16-20900000-21000000	0.610981	-0.220606	-0.221139	3.5972
chr16-300000-400000	1.13638	0.169969	-0.041917	3.92837
chr16-2100000-2200000	0.962457	0.478899	-0.801402	5.76914
chr16-61700000-61800000	-0.400546	0.001598	-0.493812	1.09231
chr16-61100000-61200000	-0.45925	-0.2563	-0.275085	1.0847
chr16-50100000-50200000	-0.508261	0.31623	0.019632	3.53086
chr16-21300000-21400000	0.735992	-0.223906	0.250675	3.70022
chr16-23200000-23300000	0.301566	-0.686586	-0.086914	1.30695
chr16-21400000-21500000	0.80595	-0.241017	0.341905	0
chr16-72000000-72100000	-0.484625	0.210832	-0.229519	2.12356
chr16-81100000-81200000	-0.283712	0.474842	0.285251	2.52131
chr16-32300000-32400000	-0.458999	-1.08299	-0.272117	1.34933
chr16-27500000-27600000	0.127593	-0.424477	-0.616083	3.80949
chr16-21500000-21600000	0.805224	-0.240019	0.344903	1.89554
chr16-72700000-72800000	-0.319549	0.316912	-0.364712	1.38804
chr16-29600000-29700000	0.192454	0.130748	-1.31309	2.41628
chr16-27800000-27900000	0.472185	-0.377957	-0.568379	1.45221
chr16-89100000-89200000	0.156187	0.406731	0.457321	3.50368
chr16-21600000-21700000	0.507596	-0.183711	0.102622	3.24613
chr16-72800000-72900000	-0.042346	0.13819	-0.172139	3.12653
chr16-58500000-58600000	-0.444328	0.358264	-0.607205	3.21836
chr16-56400000-56500000	-0.287922	0.339245	-0.27677	3.87771
chr16-54600000-54700000	-0.639358	-0.174595	-0.084002	1.47448
chr16-54100000-54200000	-0.603563	0.03305	-0.111625	1.71621
chr16-21700000-21800000	0.640771	-0.361572	0.384039	1.28294
chr16-21900000-22000000	0.643089	-0.363298	0.386143	3.51603
chr16-87900000-88000000	0.225611	0.863758	0.255025	5.4263
chr16-5400000-5500000	0.082889	-0.402247	-0.082858	1.18256
chr16-74100000-74200000	-0.597937	0.049454	-0.082246	1.23345
chr16-30100000-30200000	0.356324	-0.242965	-1.08064	6.22692
chr16-2200000-2300000	0.845274	0.509899	-0.620158	7.85928
chr16-22800000-22900000	0.322089	-0.357178	0.126965	1.18089
chr16-22000000-22100000	0.521204	-0.327226	0.053502	3.00689
chr16-3100000-3200000	0.669608	0.328672	-0.309939	6.88013
chr16-9300000-9400000	0.235731	-0.582665	0.047543	1.19583
chr16-22300000-22400000	0.673202	-0.127039	0.083096	4.35826
chr16-53000000-53100000	-0.247552	0.039824	-0.355087	3.828
chr16-22500000-22600000	0.723107	-0.198625	0.380705	1.12967
chr16-22900000-23000000	0.10395	-0.37361	-0.165266	1.14955
chr16-31000000-31100000	0.608807	-0.040818	-0.60055	9.00201
chr16-2300000-2400000	0.533447	0.371187	-0.759417	3.98809
chr16-68100000-68200000	-0.116205	0.491571	-0.645991	3.64764
chr16-73800000-73900000	-0.392726	-0.277788	-0.257393	1.18236
chr16-28200000-28300000	0.29528	-0.331047	-0.640203	2.90581
chr16-30600000-30700000	0.535417	0.155631	-0.631361	6.83504
chr16-23000000-23100000	0.342484	-0.388517	0.121616	1.81103
chr16-61300000-61400000	-0.596935	-0.091632	-0.065612	1.13639
chr16-78100000-78200000	-0.128837	0.039279	-0.097203	2.45134
chr16-23300000-23400000	0.157046	-0.712986	-0.416653	1.43928
chr16-54700000-54800000	-0.351552	-0.228121	-0.327512	1.15521
chr16-23600000-23700000	0.351698	-0.361459	-0.591818	3.86121
chr16-50300000-50400000	-0.416432	0.270636	0.02943	4.39021
chr16-7400000-7500000	0.059604	-0.611378	-0.014664	1.08342
chr16-54500000-54600000	-0.392866	-0.248147	-0.353871	1.19343
chr16-23700000-23800000	0.413183	-0.562136	-0.254242	1.77568
chr16-49300000-49400000	-0.451766	-0.278352	0.212986	1.24242
chr16-25200000-25300000	0.239081	-0.704218	-0.363915	3.00279
chr16-23800000-23900000	0.329851	-0.516105	0.112973	1.11812
chr16-89800000-89900000	0.572632	0.633654	0.055166	3.20037
chr16-64900000-65000000	-0.32844	0.466184	-0.371348	1.5275
chr16-23900000-24000000	0.037163	-0.593727	-0.071602	1.17476
chr16-2400000-2500000	0.594622	0.300369	-0.498118	3.01321
chr16-9900000-10000000	0.131882	-0.379365	-0.287849	1.22994
chr16-24000000-24100000	0.221426	-0.344451	-0.293255	1.21464
chr16-8300000-8400000	0.182188	-0.672215	0.067247	1.18321
chr16-24100000-24200000	0.265551	-0.54055	0.029765	1.25944
chr16-71700000-71800000	-0.108662	0.372518	-0.454295	2.85244
chr16-73700000-73800000	-0.336679	-0.250516	0.10716	1.15788
chr16-24500000-24600000	0.378459	-0.211222	-0.409969	2.73548
chr16-4700000-4800000	0.77445	-0.082896	-0.006624	6.09366
chr16-24600000-24700000	0.31869	-0.454531	-0.709489	2.27789
chr16-24700000-24800000	0.336092	-0.217391	-0.466715	2.83901
chr16-24800000-24900000	0.461129	-0.522615	-0.352552	3.38721
chr16-86300000-86400000	0.054228	0.305345	0.422488	6.46348
chr16-24900000-25000000	0.441754	-0.165452	-0.375179	3.22689
chr16-51500000-51600000	-0.488464	-0.039499	-0.19492	1.96012
chr16-26100000-26200000	0.309111	-0.620697	0.103163	1.11012
chr16-2500000-2600000	0.848701	0.175001	-0.682821	7.76079
chr16-48300000-48400000	-0.13134	0.29078	0.102324	2.61562
chr16-4500000-4600000	0.568541	0.047508	-0.27586	4.92234
chr16-35100000-35200000	0.026662	-0.492908	0.504829	1.24934
chr16-27400000-27500000	0.392058	-0.321877	-0.349208	5.26459
chr16-87600000-87700000	0.227199	0.268673	0.586033	2.18172
chr16-25000000-25100000	0.368894	-0.090122	-0.715514	3.71027
chr16-70600000-70700000	-0.300628	0.674645	-0.105635	3.01419
chr16-52700000-52800000	-0.270367	-0.129957	-0.214319	1.15349
chr16-25300000-25400000	0.145127	-0.43003	-0.632388	1.22614
chr16-56200000-56300000	-0.286478	-0.099445	-0.325068	1.52088
chr16-25400000-25500000	0.077397	-0.400208	-0.25842	1.09909
chr16-25600000-25700000	0.004551	-0.654702	-0.062797	1.16761
chr16-85700000-85800000	0.228162	0.554157	0.301331	3.54372
chr16-54800000-54900000	-0.434487	-0.320094	0.014924	1.12868
chr16-54400000-54500000	-0.205799	0.034866	-0.506412	1.54629
chr16-27200000-27300000	0.187696	-0.263187	-0.705593	6.92218
chr16-25800000-25900000	0.320819	-0.542981	-0.350254	1.09811
chr16-25900000-26000000	-0.0251	-0.692691	-0.345136	1.10046
chr16-2600000-2700000	1.00373	0.362723	-0.857453	6.91861
chr16-72600000-72700000	-0.277392	0.144255	-0.036869	1.76394
chr16-26300000-26400000	0.092976	-0.378986	-0.479964	1.18008
chr16-66200000-66300000	-0.131102	0.317204	-0.491032	1.62392
chr16-26400000-26500000	-0.084984	-0.613388	-0.232839	1.12397
chr16-700000-800000	0.960804	0.389503	0.048607	8.44509
chr16-7100000-7200000	0.35499	-0.351792	0.074562	1.10485
chr16-57100000-57200000	-0.252254	0.543126	-0.302618	2.65733
chr16-26900000-27000000	0.132671	-0.349175	-0.297412	3.36549
chr16-2700000-2800000	0.778859	0.246168	-0.67345	4.32796
chr16-77300000-77400000	-0.157575	0.118212	-0.077705	1.24122
chr16-88600000-88700000	0.511798	0.59821	0.044504	4.1132
chr16-27100000-27200000	0.15412	-0.613417	-0.545615	2.94059
chr16-69900000-70000000	0.091641	0.708718	-0.561264	3.06212
chr16-6200000-6300000	0.440686	-0.386944	0.035951	1.15955
chr16-34400000-34500000	0.055502	-0.524781	0.31295	1.42518
chr16-56000000-56100000	-0.158703	-0.005343	-0.356413	1.11512
chr16-27300000-27400000	0.52473	-0.25246	-0.673857	5.28345
chr16-27900000-28000000	0.227315	-0.618804	-0.465996	1.15565
chr16-2800000-2900000	0.773262	0.435102	-0.48194	6.44491
chr16-64700000-64800000	-0.392087	0.359365	-0.302988	1.24227
chr16-28000000-28100000	0.202538	-0.346043	-0.65284	1.42965
chr16-82100000-82200000	-0.427584	0.024504	0.225631	2.26996
chr16-28400000-28500000	0.087346	-0.516276	-1.0605	2.74102
chr16-28900000-29000000	0.212596	-0.252877	-0.826721	4.87992
chr16-82900000-83000000	-0.208172	0.341302	-0.029381	1.51563
chr16-2900000-3000000	0.849326	0.135193	-0.450086	5.93927
chr16-6600000-6700000	0.29358	-0.750621	-0.09075	1.10058
chr16-29300000-29400000	0.186573	0.128529	-1.31622	1.76527
chr16-34200000-34300000	-0.069098	-0.508897	0.310832	1.28373
chr16-29400000-29500000	0.189084	0.12908	-1.3182	1.27152
chr16-8200000-8300000	-0.038229	-0.765226	-0.228484	1.16485
chr16-29500000-29600000	0.190262	0.129734	-1.31525	1.35035
chr16-29700000-29800000	0.166817	-0.060038	-1.08327	1.78553
chr16-34600000-34700000	0.094336	-0.569646	0.298892	1.20762
chr16-30700000-30800000	0.52222	-0.20136	-0.661406	7.53532
chr16-3000000-3100000	0.851971	0.424782	-0.508673	5.29166
chr16-29800000-29900000	0.391787	0.145721	-0.880096	8.18738
chr16-50600000-50700000	-0.457983	-0.04178	0.323382	1.4706
chr16-29900000-30000000	0.186333	-0.076956	-0.924155	5.53819
chr16-30000000-30100000	0.49199	0.025427	-0.914003	7.62584
chr16-58800000-58900000	-0.485399	-0.077066	-0.452019	1.23522
chr16-30300000-30400000	0.55975	0.038472	-0.917838	8.13831
chr16-63100000-63200000	-0.577081	0.094066	-0.19493	1.10636
chr16-30400000-30500000	0.519402	-0.182481	-0.716913	5.90743
chr16-67300000-67400000	0.00539	0.610922	-0.369617	4.38532
chr16-52800000-52900000	-0.445137	-0.165452	-0.540347	1.16683
chr16-30500000-30600000	0.81394	-0.026332	-0.637862	5.91955
chr16-30900000-31000000	0.478083	-0.273321	-0.774263	8.98767
chr16-62300000-62400000	-0.367264	-0.095486	-0.354574	1.11578
chr16-31100000-31200000	0.782471	-0.250842	-0.35129	6.02603
chr16-7300000-7400000	0.240943	-0.291536	0.046235	1.08933
chr16-55000000-55100000	-0.339293	-0.243033	0.016595	1.27312
chr16-80700000-80800000	-0.063244	0.194833	-0.001917	1.8222
chr16-31200000-31300000	0.448896	-0.337129	-0.304791	2.56981
chr16-31400000-31500000	0.459399	-0.271517	-0.541873	5.86277
chr16-62000000-62100000	-0.330673	-0.190708	0.096787	1.1868
chr16-31600000-31700000	-0.020653	-0.729029	-0.449096	1.12992
chr16-82000000-82100000	-0.168017	0.154813	0.020256	2.85104
chr16-48400000-48500000	-0.161057	0.511023	-0.180325	3.68555
chr16-31800000-31900000	0.11086	-0.750366	-0.46125	3.77559
chr16-31900000-32000000	-0.155604	-0.930964	-0.255638	1.22941
chr16-32100000-32200000	-0.459554	-1.0856	-0.2711	1.19954
chr16-85000000-85100000	0.302269	0.517532	-0.122654	6.14576
chr16-32400000-32500000	-0.313103	-0.883592	-0.19235	1.03566
chr16-65600000-65700000	0.038371	0.268986	-0.271038	1.61289
chr16-67400000-67500000	0.256783	0.508772	-0.246302	5.33028
chr16-87500000-87600000	0.038749	0.479517	0.456402	2.29481
chr16-32500000-32600000	-0.142829	-0.54868	-0.121714	1.01554
chr16-32900000-33000000	-0.348793	-1.08506	0.396889	1
chr16-3300000-3400000	0.69866	0.0371	-0.375802	5.92929
chr16-64800000-64900000	-0.160704	0.185182	-0.53943	1.54366
chr16-33000000-33100000	-0.351186	-1.08725	0.39694	1
chr16-75700000-75800000	-0.45614	0.421721	-0.155262	1.74099
chr16-80400000-80500000	-0.378457	0.178484	0.284406	1.28853
chr16-84400000-84500000	0.015036	0.26517	0.207896	2.52954
chr16-33200000-33300000	-0.353968	-1.08888	0.396592	1.66622
chr16-57200000-57300000	-0.000917	0.353507	-0.324134	4.07732
chr16-80800000-80900000	-0.418045	0.224717	0.112195	2.93362
chr16-33300000-33400000	-0.356443	-1.09096	0.396364	1.3055
chr16-62500000-62600000	-0.432751	-0.163806	-0.325817	1.13209
chr16-33600000-33700000	0.068079	-0.6876	0.745182	1.36281
chr16-60500000-60600000	-0.662365	-0.093951	-0.173174	1.13546
chr16-40800000-40900000	-0.228876	-0.476425	0.621981	0
chr16-33700000-33800000	0.066144	-0.687766	0.747778	1
chr16-75400000-75500000	-0.029528	0.304626	0.153303	3.27963
chr16-48600000-48700000	-0.229961	-0.111568	0.046192	3.39828
chr16-48000000-48100000	-0.224613	0.06674	0.176559	1.31325
chr16-33800000-33900000	0.068835	-0.687424	0.749553	2.24216
chr16-33900000-34000000	0.000934	-0.387282	0.501313	4.46409
chr16-61200000-61300000	-0.580171	0.105376	-0.40044	1.11501
chr16-3400000-3500000	0.617684	-0.120434	-0.162242	4.31874
chr16-7800000-7900000	-0.00671	-0.515723	0.010979	1.08234
chr16-81200000-81300000	-0.236954	0.136824	0.390158	2.21714
chr16-65800000-65900000	-0.142386	0.49985	-0.339718	1.37392
chr16-5600000-5700000	0.533871	-0.537539	0.097515	1.22173
chr16-74600000-74700000	-0.110794	0.447068	0.028197	3.00611
chr16-78600000-78700000	-0.202936	0.034668	0.412119	1.27128
chr16-54000000-54100000	-0.463088	0.198935	-0.416098	1.72703
chr16-34700000-34800000	0.293151	-0.328868	0.412169	1.23245
chr16-89600000-89700000	0.461509	0.59349	0.421231	5.85665
chr16-34800000-34900000	0.004365	-0.475182	0.369927	1.35324
chr16-53100000-53200000	-0.03657	0.352032	-0.44047	4.36171
chr16-4100000-4200000	0.491259	0.132232	-0.387775	3.28218
chr16-3500000-3600000	0.663889	0.107142	-0.438049	4.51554
chr16-55700000-55800000	-0.440841	-0.119448	-0.459454	1.33927
chr16-35000000-35100000	-0.192498	-0.676428	0.350881	1.29116
chr16-59000000-59100000	-0.484167	0.253647	-0.358701	1.40529
chr16-82200000-82300000	-0.080193	0.088587	0.339536	2.99359
chr16-35200000-35300000	-0.22979	-0.479285	0.620758	1.3005
chr16-3600000-3700000	0.666591	0.076948	-0.143895	3.20682
chr16-3900000-4000000	0.74432	0.09423	-0.563757	3.62065
chr16-400000-500000	0.952858	0.308432	-0.309359	6.11529
chr16-4000000-4100000	0.756791	0.152413	-0.243969	4.05037
chr16-4200000-4300000	0.726882	0.077756	-0.581531	3.25281
chr16-49900000-50000000	-0.384054	-0.244002	0.149935	1.23081
chr16-47500000-47600000	-0.141356	0.22967	-0.247121	1.81858
chr16-4600000-4700000	0.880493	-0.026	-0.330199	5.46162
chr16-46500000-46600000	-0.456375	-0.15256	0.290187	1.2314
chr16-46600000-46700000	-0.570241	0.059726	0.012119	2.06239
chr16-46900000-47000000	-0.3335	-0.019463	-0.652668	3.67316
chr16-52500000-52600000	-0.353437	-0.298131	-0.314191	1.12069
chr16-47000000-47100000	-0.669242	-0.02982	-0.450655	3.01385
chr16-47200000-47300000	-0.42789	-0.211741	-0.307833	1.66055
chr16-61000000-61100000	-0.475435	0.056354	-0.511293	1.11543
chr16-47400000-47500000	-0.237976	-0.00525	-0.518025	4.00566
chr16-56500000-56600000	0.057829	0.29511	-0.242675	2.68109
chr16-78700000-78800000	-0.220825	-0.09197	0.065042	1.50802
chr16-47700000-47800000	-0.481946	0.119236	-0.225086	2.02312
chr16-87400000-87500000	0.077206	0.748451	0.267518	4.7822
chr16-49500000-49600000	-0.678581	-0.287403	-0.298502	1.23892
chr16-85100000-85200000	0.369357	0.592138	0.236283	3.99089
chr16-47800000-47900000	-0.634908	-0.06178	0.059943	1.28897
chr16-47900000-48000000	-0.325059	-0.247316	0.001627	1.69344
chr16-6500000-6600000	0.192385	-0.406503	-0.217865	1.09887
chr16-48100000-48200000	-0.485658	0.236734	-0.027457	2.06507
chr16-77200000-77300000	-0.453085	0.285258	0.111212	3.57515
chr16-62700000-62800000	-0.244981	0.012932	-0.238039	1.12974
chr16-8500000-8600000	-0.074986	-0.683305	-0.217908	1.11934
chr16-48900000-49000000	-0.504861	-0.287222	-0.034873	2.14998
chr16-4900000-5000000	0.649666	-0.0608	-0.025862	3.18713
chr16-65000000-65100000	-0.213982	0.354205	-0.012953	1.7659
chr16-76100000-76200000	-0.463204	-0.158677	0.104302	1.1161
chr16-81800000-81900000	-0.317208	0.189169	0.079621	1.38707
chr16-89000000-89100000	0.335377	0.192085	0.508695	1.31605
chr16-58700000-58800000	-0.28781	0.271216	-0.542336	3.89465
chr16-49100000-49200000	-0.416417	-0.324325	-0.012405	1.114
chr16-5000000-5100000	0.595833	-0.354343	0.152933	2.48836
chr16-50200000-50300000	-0.485099	0.261221	-0.317555	3.24574
chr16-70000000-70100000	0.026114	0.788852	-0.912301	1.64526
chr16-50500000-50600000	-0.274266	-0.220419	0.078151	1.32121
chr16-50900000-51000000	0	0	0	1.2055
chr16-5100000-5200000	0.517277	-0.563806	0.404989	3.79036
chr16-51000000-51100000	-0.293118	-0.195334	-0.112891	1.27028
chr16-59200000-59300000	-0.46978	0.13302	-0.400481	1.19693
chr16-51200000-51300000	-0.589609	-0.288315	-0.10944	1.54656
chr16-6100000-6200000	0.094315	-0.540562	0.102476	1.13626
chr16-55500000-55600000	-0.471171	0.122784	0.136685	4.81756
chr16-51400000-51500000	-0.160445	0.092563	-0.086904	1.57503
chr16-51800000-51900000	-0.173164	-0.005783	-0.197495	1.65782
chr16-51900000-52000000	-0.431602	0.178781	-0.036405	3.06511
chr16-5200000-5300000	0.393274	-0.326978	0.112275	1.11455
chr16-52000000-52100000	-0.664417	-0.121843	0.06016	2.07865
chr16-63300000-63400000	-0.546004	0.334101	-0.27856	1.12015
chr16-52300000-52400000	-0.65398	-0.109779	-0.062238	1.14373
chr16-69100000-69200000	0.003517	0.484685	-0.529143	3.7424
chr16-5800000-5900000	0.363805	-0.519107	0.017179	1.14256
chr16-69700000-69800000	0.22591	0.586586	-0.537309	4.4563
chr16-52900000-53000000	-0.396216	-0.281569	-0.194009	1.25329
chr16-53400000-53500000	-0.330994	0.052	-0.537613	3.60919
chr16-5300000-5400000	0.223733	-0.654347	0.102301	1.19324
chr16-53200000-53300000	-0.369669	0.243781	-0.521385	2.0745
chr16-62600000-62700000	-0.571664	0.050818	-0.055183	1.15955
chr16-53800000-53900000	-0.141453	0.047929	-0.331693	2.04274
chr16-53900000-54000000	-0.290901	-0.028859	-0.661599	1.62266
chr16-63500000-63600000	-0.54096	0.187473	-0.28438	1.06485
chr16-58600000-58700000	-0.547336	0.499605	-0.335525	3.231
chr16-76300000-76400000	-0.604521	-0.078039	-0.042185	1.17555
chr16-56800000-56900000	0.030853	0.251556	-0.350602	2.74379
chr16-54200000-54300000	-0.455589	0.013975	-0.460474	1.3813
chr16-55100000-55200000	-0.470228	-0.282367	-0.337239	1.35682
chr16-55200000-55300000	-0.639089	-0.011753	-0.171359	1.13145
chr16-55400000-55500000	-0.438573	-0.24283	-0.035326	1.28431
chr16-64600000-64700000	-0.038574	0.445298	-0.217531	1.33886
chr16-55600000-55700000	-0.478814	-0.177515	-0.084552	1.31267
chr16-55900000-56000000	-0.408607	-0.212537	-0.19488	1.22729
chr16-63400000-63500000	-0.664324	0.21627	0.085017	1.19256
chr16-56100000-56200000	-0.148804	-0.089559	-0.004305	1.17114
chr16-83300000-83400000	0.155492	0.231666	0.031585	1.70767
chr16-56300000-56400000	-0.232748	0.076977	0.009879	2.80523
chr16-56900000-57000000	-0.11141	0.530365	-0.243003	3.97415
chr16-57400000-57500000	-0.04513	0.429705	-0.368009	3.67695
chr16-59500000-59600000	-0.115817	0.179803	-0.394349	1.38358
chr16-57500000-57600000	-0.177638	0.501122	-0.690125	4.49046
chr16-82600000-82700000	-0.215768	0.101757	0.34896	4.33414
chr16-58000000-58100000	-0.553792	0.485801	-0.226839	4.32193
chr16-58900000-59000000	-0.199632	0.042726	-0.207622	1.14816
chr16-5900000-6000000	0.204059	-0.296447	-0.217734	1.17298
chr16-59800000-59900000	-0.536729	0.135598	-0.496839	1.13496
chr16-6000000-6100000	0.337358	-0.269141	0.132694	1.15753
chr16-74800000-74900000	-0.393455	0.434017	-0.264808	1.38809
chr16-59900000-60000000	-0.545256	0.294874	-0.141174	1.25597
chr16-6300000-6400000	0.18855	-0.41579	0.283042	1.12155
chr16-60700000-60800000	-0.699561	-0.107491	-0.199875	1.07411
chr16-80200000-80300000	-0.332101	0.409251	0.102476	1.84841
chr16-60800000-60900000	-0.326853	-0.139063	-0.31309	1.04179
chr16-60900000-61000000	-0.568041	0.115131	-0.137084	1.04016
chr16-61500000-61600000	-0.585507	0.106596	-0.496643	1.145
chr16-63000000-63100000	-0.461947	0.115722	0.167394	1.14192
chr16-67800000-67900000	0.187214	0.668823	-0.451087	6.13
chr16-61600000-61700000	-0.581697	-0.085057	-0.166331	1.09289
chr16-61900000-62000000	-0.600111	0.014804	-0.10188	1.18093
chr16-62100000-62200000	-0.512197	0.130183	0.23376	1.26285
chr16-62200000-62300000	-0.563093	0.181041	-0.160527	1.14752
chr16-62900000-63000000	-0.667548	-0.145766	-0.039149	1.04028
chr16-88900000-89000000	0.254212	0.362844	0.784452	3.29178
chr16-63800000-63900000	-0.411162	-0.126264	0.139159	1.28579
chr16-63900000-64000000	-0.440195	0.045075	-0.208132	1.15819
chr16-64400000-64500000	-0.185861	0.158905	-0.131069	1.43754
chr16-64500000-64600000	-0.13798	0.218365	-0.508839	1.21367
chr16-65100000-65200000	-0.145143	0.110959	-0.312863	4.43127
chr16-65500000-65600000	-0.202614	0.497781	-0.076567	1.65964
chr16-65700000-65800000	-0.213919	0.183798	-0.549553	1.2701
chr16-69500000-69600000	0.24133	0.500323	-0.366109	3.2168
chr16-65900000-66000000	-0.076969	0.196601	-0.138439	1.36055
chr16-66700000-66800000	0.113405	0.437269	-0.291942	4.17735
chr16-86800000-86900000	0.038805	0.606895	0.323807	2.25706
chr16-66900000-67000000	-0.307706	0.732222	-0.427627	4.63638
chr16-67000000-67100000	0.001759	0.702437	-0.623017	3.43082
chr16-67500000-67600000	0.091143	0.837735	-0.251504	6.64824
chr16-70800000-70900000	-0.074059	0.214539	-0.572177	4.39038
chr16-76600000-76700000	-0.605289	0.056046	-0.083169	1.16356
chr16-67600000-67700000	-0.029538	0.691168	0.012179	2.75583
chr16-72400000-72500000	-0.162127	0.042906	0.014694	1.21471
chr16-67900000-68000000	0.266501	0.589048	-0.136948	7.72824
chr16-6800000-6900000	0.145	-0.749923	0.032718	1.17185
chr16-70400000-70500000	-0.154613	0.889013	-0.201668	6.2765
chr16-68000000-68100000	0.163752	0.599743	-0.47765	5.34021
chr16-68400000-68500000	0.175902	0.388729	-0.218125	2.5045
chr16-68500000-68600000	0.035525	0.454278	-0.483898	3.00854
chr16-68600000-68700000	0.244323	0.551312	-0.187233	1.65971
chr16-68900000-69000000	0.05365	0.418355	-0.502788	1.8301
chr16-6900000-7000000	0.363795	-0.478618	0.199097	1.11509
chr16-69200000-69300000	0.284847	0.509433	-0.306603	3.54274
chr16-69300000-69400000	0.023718	0.758115	-0.364951	5.82433
chr16-69600000-69700000	0.116098	0.286378	-0.581234	3.2089
chr16-70100000-70200000	-0.1887	0.583484	-0.634186	3.2287
chr16-70300000-70400000	0.100248	0.778292	-0.431765	3.9169
chr16-70500000-70600000	-0.026428	0.5779	-0.178491	4.35347
chr16-78500000-78600000	-0.423396	-0.200248	0.196453	1.22129
chr16-70700000-70800000	-0.185096	0.545792	-0.443098	8.89608
chr16-9600000-9700000	0.154646	-0.783513	-0.16594	1.14135
chr16-70900000-71000000	-0.309512	0.001232	-0.434055	1.84654
chr16-71200000-71300000	-0.330591	0.135283	-0.052197	1.16844
chr16-88300000-88400000	0.115972	0.666584	0.512684	7.03075
chr16-71400000-71500000	-0.355225	0.269322	0.087968	2.90747
chr16-71500000-71600000	-0.07422	0.194904	-0.115576	2.54917
chr16-71800000-71900000	0.070153	0.355382	-0.132043	4.28467
chr16-88800000-88900000	0.442829	0.517282	0.492101	8.63705
chr16-71900000-72000000	-0.171339	0.377986	-0.380304	3.6799
chr16-72100000-72200000	-0.149917	0.097986	-0.405263	3.24797
chr16-85500000-85600000	0.069824	0.80775	0.004086	4.55461
chr16-72200000-72300000	-0.319138	-0.094212	-0.117182	1.40616
chr16-72900000-73000000	-0.155516	0.439573	-0.352854	3.18782
chr16-73000000-73100000	-0.105759	0.449353	-0.005032	4.8727
chr16-73200000-73300000	-0.120532	0.191646	-0.094403	1.96301
chr16-73300000-73400000	-0.502228	0.141764	-0.036814	1.29052
chr16-73900000-74000000	-0.126786	-0.001025	-0.26871	1.2021
chr16-74400000-74500000	-0.267865	0.370906	-0.607171	3.24375
chr16-74500000-74600000	-0.159749	0.498791	-0.302967	2.3151
chr16-74700000-74800000	-0.055638	0.35283	-0.341065	3.56531
chr16-74900000-75000000	-0.085782	0.314578	-0.425674	1.9821
chr16-7500000-7600000	0.195169	-0.566442	0.328188	1.11897
chr16-75000000-75100000	0.098719	0.394776	-0.123632	3.53292
chr16-75100000-75200000	-0.114081	0.533387	0.104941	5.11298
chr16-75200000-75300000	-0.418796	0.583234	-0.140105	8.67299
chr16-79200000-79300000	-0.492693	0.116185	0.32795	1.20181
chr16-80300000-80400000	-0.041891	0.182973	0.081887	2.00526
chr16-76700000-76800000	-0.324144	0.031471	-0.346458	1.09508
chr16-76900000-77000000	-0.162197	0.0769	-0.100915	1.19518
chr16-7700000-7800000	0.049622	-0.51645	-0.354218	1.10074
chr16-77100000-77200000	-0.149675	0.023356	0.055749	1.108
chr16-77700000-77800000	-0.486541	0.29778	0.018851	2.31918
chr16-77900000-78000000	-0.462533	0.337651	0.028944	1.84874
chr16-78000000-78100000	-0.344031	0.020664	0.232948	1.52497
chr16-78300000-78400000	-0.545626	-0.047857	0.24132	1.59197
chr16-78400000-78500000	-0.203627	0.088923	0.308974	1.2544
chr16-78900000-79000000	-0.287833	-0.225528	0.139763	1.21498
chr16-7900000-8000000	0.276523	-0.634986	-0.203526	1.0788
chr16-79000000-79100000	-0.151692	0.012466	0.402563	1.19475
chr16-79400000-79500000	-0.335202	0.020079	0.31034	1.1868
chr16-79900000-80000000	-0.023784	0.241586	0.263371	1.25698
chr16-800000-900000	1.10779	0.084166	0.158931	3.39993
chr16-80100000-80200000	-0.082307	0.205007	0.29696	1.52972
chr16-80500000-80600000	-0.066048	0.04192	0.081168	2.20755
chr16-80600000-80700000	-0.217039	0.333523	0.298869	2.36986
chr16-80900000-81000000	-0.195022	-0.003436	0.345792	2.66103
chr16-8100000-8200000	0.330968	-0.688522	-0.13038	1.16102
chr16-81000000-81100000	0.03971	0.265612	0.218398	3.21848
chr16-81500000-81600000	-0.11695	0.333294	0.086321	4.24209
chr16-81700000-81800000	-0.167849	0.280099	0.423602	3.59932
chr16-81900000-82000000	-0.103496	-0.023473	0.324673	1.64893
chr16-82300000-82400000	-0.338008	-0.169135	0.209292	1.14744
chr16-82500000-82600000	-0.091354	0.123722	-0.023382	1.15841
chr16-82700000-82800000	-0.207495	0.334709	0.079044	2.01966
chr16-83500000-83600000	0.053735	0.171096	0.074026	2.24439
chr16-83900000-84000000	-0.065962	0.498601	0.254139	3.64089
chr16-84100000-84200000	0.023455	0.388271	-0.126062	3.91077
chr16-84300000-84400000	-0.183116	0.413811	0.414488	4.30741
chr16-84500000-84600000	0.001651	0.620618	0.090271	5.35878
chr16-84600000-84700000	0.270902	0.545316	-0.059291	5.38084
chr16-84700000-84800000	0.03131	0.57215	0.198071	3.84356
chr16-84900000-85000000	0.23071	0.621697	0.213257	2.65452
chr16-85600000-85700000	0.37053	0.688409	-0.015803	5.40615
chr16-85800000-85900000	-0.079221	0.429923	0.435954	4.81194
chr16-85900000-86000000	0.202171	0.242562	0.409588	1.45439
chr16-86000000-86100000	0.237494	0.337147	0.096914	1.67167
chr16-86200000-86300000	0.258053	0.48883	0.219265	4.41484
chr16-86500000-86600000	0.026474	0.275247	0.399684	7.19759
chr16-86600000-86700000	0.252298	0.398038	0.09026	5.73009
chr16-86900000-87000000	0.323516	0.488629	0.197521	3.78468
chr16-87000000-87100000	0.228731	0.302372	0.437564	2.36903
chr16-8800000-8900000	0.33264	-0.727593	-0.198225	3.09702
chr16-87100000-87200000	0.307668	0.439881	0.093278	1.7061
chr16-9200000-9300000	0.533634	-0.337787	0.077861	2.46348
chr16-87200000-87300000	0.223786	0.294019	0.358332	2.35252
chr16-87300000-87400000	-0.002325	0.493643	0.566658	3.8339
chr16-87700000-87800000	0.404917	0.400357	0.327625	3.24655
chr16-88500000-88600000	0.395832	0.472902	0.383396	4.23517
chr16-8900000-9000000	0.393908	-0.393175	-0.359627	5.69749
chr16-89300000-89400000	0.21351	0.376295	0.481453	9.24236
chr16-89700000-89800000	0.441777	0.78987	0.173531	7.38388
chr16-900000-1000000	0.865411	0.072801	-0.06131	3.02135
chr16-9100000-9200000	0.706295	-0.226518	-0.236819	4.44203
chr16-9400000-9500000	0.437123	-0.337276	0.275893	1.20247
chr16-9800000-9900000	0.171863	-0.470764	0.081511	1.16312
chr16-9700000-9800000	0.335134	-0.465196	-0.273174	1.18784
