chr16-59100000-59200000	-0.611924	0.095764	-0.040272	0.0400373
chr16-79600000-79700000	-0.317749	0.026083	0.353113	0.0592201
chr16-15400000-15500000	1.14701	-0.682216	-0.356448	0.0813774
chr16-66600000-66700000	-0.164458	0.621864	-0.300362	0.179965
chr16-73600000-73700000	-0.061135	-0.058112	0.231058	0.042083
chr16-48500000-48600000	-0.250061	0.25144	-0.02799	0.130389
chr16-31500000-31600000	0.305956	-0.634575	-0.57103	0.173362
chr16-11800000-11900000	0.773053	-0.199909	-0.242166	0.175347
chr16-46400000-46500000	-0.499858	-0.402566	0.558437	0.0444947
chr16-5700000-5800000	0.38984	-0.194298	0.217801	0.0411033
chr16-26000000-26100000	0.050699	-0.425723	-0.094591	0.0417551
chr16-17000000-17100000	0.150921	-0.443747	0.100953	0.044756
chr16-11400000-11500000	0.690206	-0.554113	-0.501599	0.111882
chr16-66000000-66100000	-0.103389	0.278273	-0.490288	0.0672497
chr16-57000000-57100000	-0.105428	0.362698	-0.549875	0.196742
chr16-71600000-71700000	-0.24815	0.023758	-0.409886	0.0644473
chr16-88100000-88200000	0.40314	0.64467	0.486564	0.10657
chr16-57800000-57900000	-0.400716	0.662007	-0.250027	0.173624
chr16-51100000-51200000	-0.483359	-0.141902	-0.441587	0.147861
chr16-48700000-48800000	-0.613943	-0.129667	-0.094879	0.0418881
chr16-22600000-22700000	0.453899	-0.257125	0.113685	0.0564212
chr16-100000-200000	0.836964	0.45313	-0.146521	0.336413
chr16-79100000-79200000	-0.376453	-0.229386	0.226722	0.0420871
chr16-17800000-17900000	0.253237	-0.665529	-0.041967	0.0556722
chr16-86400000-86500000	0.113691	0.513486	0.157534	0.198317
chr16-1500000-1600000	0.669399	0.188695	-0.715878	0.20631
chr16-19000000-19100000	0.657516	-0.513931	-0.04688	0.117443
chr16-11000000-11100000	0.489758	-0.356275	-0.247345	0.156551
chr16-19400000-19500000	0.306613	-0.665036	-0.329883	0.0588842
chr16-0-100000	0.925675	0.603375	-0.118441	0.0759693
chr16-6400000-6500000	0.456006	-0.429661	0.027003	0.0444805
chr16-10200000-10300000	0.131549	-0.421797	0.140021	0.053882
chr16-52400000-52500000	-0.304125	-0.169559	0.023202	0.0422196
chr16-32200000-32300000	-0.459854	-1.08316	-0.268994	0.0372808
chr16-14600000-14700000	0.501551	-0.490154	-0.615664	0.0789111
chr16-56700000-56800000	-0.276982	0.409459	-0.422	0.136681
chr16-3200000-3300000	0.755603	0.095591	-0.045772	0.160765
chr16-12000000-12100000	0.51885	-0.541236	0.10225	0.16434
chr16-67700000-67800000	0.280851	0.62894	-0.132157	0.159252
chr16-9000000-9100000	0.426017	-0.226071	-0.014192	0.116087
chr16-18200000-18300000	0.581281	-1.32399	-0.071112	0
chr16-34500000-34600000	0.280554	-0.34833	0.45821	0.0436348
chr16-25700000-25800000	-0.07449	-0.557354	-0.418837	0.0424688
chr16-10500000-10600000	0.543057	-0.6285	-0.166121	0.0449238
chr16-7200000-7300000	0.131879	-0.654078	0.144388	0.0434911
chr16-21100000-21200000	0.502037	-0.349442	-0.27844	0.116533
chr16-10100000-10200000	0.134127	-0.372366	-0.234208	0.0483033
chr16-14100000-14200000	0.399267	-0.212246	-0.25696	0.0994273
chr16-7600000-7700000	0.059179	-0.664526	-0.002315	0.0420982
chr16-12700000-12800000	0.214182	-0.56125	-0.256502	0.08834
chr16-1000000-1100000	0.738404	0.099701	0.17641	0.104353
chr16-21800000-21900000	0.643123	-0.360086	0.385703	0.0699323
chr16-1200000-1300000	1.05148	0.170115	-0.315069	0.0785419
chr16-78200000-78300000	-0.426143	-0.204867	-0.079781	0.0578905
chr16-81600000-81700000	-0.365665	0.535996	0.206593	0.143957
chr16-21200000-21300000	0.412308	-0.203736	0.052309	0.0625488
chr16-72500000-72600000	-0.090708	0.087187	-0.371543	0.0502523
chr16-58300000-58400000	-0.225356	0.008728	-0.194261	0.0476623
chr16-32800000-32900000	-0.349067	-1.08204	0.398018	0.0446914
chr16-10400000-10500000	0.437	-0.519262	0.180769	0.0593491
chr16-69800000-69900000	0.015963	0.770224	-0.304154	0.0826841
chr16-83200000-83300000	-0.146768	0.465146	0.006594	0.0596357
chr16-85400000-85500000	-0.106014	0.748749	0.257671	0.188736
chr16-65200000-65300000	-0.281539	0.416096	-0.111488	0.0509341
chr16-10300000-10400000	0.196239	-0.78244	-0.001012	0.0440152
chr16-81400000-81500000	-0.098467	0.219137	0.431805	0.13428
chr16-52100000-52200000	-0.630195	0.06685	-0.292862	0.0461311
chr16-49600000-49700000	-0.315698	-0.205013	-0.281332	0.0620465
chr16-7000000-7100000	0.150132	-0.635388	-0.078404	0.042557
chr16-56600000-56700000	-0.174664	0.510524	-0.115256	0.188999
chr16-12600000-12700000	0.364988	-0.258875	-0.116284	0.100528
chr16-76400000-76500000	-0.248014	-0.00082	-0.146238	0.0441648
chr16-50800000-50900000	-0.330319	-0.070287	0.190926	0.0624403
chr16-3800000-3900000	0.483346	-0.001465	-0.63749	0.113296
chr16-12100000-12200000	0.754646	-0.381811	-0.113301	0.120224
chr16-76000000-76100000	-0.536127	-0.009511	-0.232762	0.0394887
chr16-8600000-8700000	0.315977	-0.744824	-0.259749	0.0615851
chr16-27000000-27100000	0.393941	-0.606331	-0.218335	0.0679628
chr16-23400000-23500000	0.285165	-0.367748	-0.454552	0.113973
chr16-83700000-83800000	-0.099779	0.344108	0.046692	0.0636908
chr16-10000000-10100000	0.033116	-0.735864	-0.261531	0.0437014
chr16-18600000-18700000	0.583435	-1.32779	-0.07703	0.0372808
chr16-72300000-72400000	-0.497902	0.13486	0.129701	0.0610119
chr16-12400000-12500000	0.378068	-0.223035	0.06489	0.122324
chr16-58200000-58300000	-0.464439	0.294003	-0.247998	0.106727
chr16-32600000-32700000	-0.150877	-0.801794	0.163653	0.0464039
chr16-23500000-23600000	0.62257	-0.247949	-0.349853	0.147232
chr16-10600000-10700000	0.452054	-0.289461	0.014229	0.0816323
chr16-4800000-4900000	0.645463	-0.057801	-0.344533	0.189737
chr16-14700000-14800000	0.614776	-0.754531	-0.874288	0.162305
chr16-10700000-10800000	0.399035	-0.512048	-0.272824	0.0659717
chr16-83100000-83200000	0.121839	0.214376	-0.070129	0.0581145
chr16-61400000-61500000	-0.340496	-0.153835	-0.341637	0.039508
chr16-18000000-18100000	0.210217	-0.662385	-0.0213	0.0440972
chr16-12200000-12300000	0.479499	-0.124111	-0.034366	0.100724
chr16-14800000-14900000	0.617959	-0.755145	-0.874242	0.0372808
chr16-50000000-50100000	-0.366902	0.114613	0.309152	0.0922098
chr16-34300000-34400000	-0.125866	-0.732736	0.116493	0.0448057
chr16-27600000-27700000	0.43105	-0.219448	-0.578007	0.085561
chr16-16100000-16200000	0.882981	-0.426151	-0.376233	0.157657
chr16-14400000-14500000	0.422768	-0.388501	-0.607262	0.160086
chr16-49200000-49300000	-0.127673	-0.148779	0.096407	0.0433902
chr16-49000000-49100000	-0.477494	-0.081427	0.254422	0.0514912
chr16-47300000-47400000	-0.197824	0.018331	-0.157067	0.0553809
chr16-47100000-47200000	-0.674126	-0.039312	-0.07436	0.0666879
chr16-21000000-21100000	0.53631	-0.297242	0.103555	0.0589694
chr16-76500000-76600000	-0.344976	0.256052	0.109513	0.0443143
chr16-32000000-32100000	-0.459063	-1.08599	-0.267918	0.0421126
chr16-14000000-14100000	0.39869	-0.183918	0.115289	0.120551
chr16-90000000-90100000	0.445648	0.520223	0.020622	0.219721
chr16-58400000-58500000	-0.497715	0.227611	-0.244375	0.0723767
chr16-50700000-50800000	-0.581718	0.120152	-0.009083	0.0850507
chr16-67200000-67300000	0.288711	0.778225	-0.319224	0.307744
chr16-85200000-85300000	0.162949	0.707916	0.038408	0.307696
chr16-87800000-87900000	0.380232	0.641461	0.043961	0.205844
chr16-29000000-29100000	0.206747	-0.154026	-1.15653	0.0793502
chr16-12500000-12600000	0.393894	-0.617048	0.005119	0.093101
chr16-69400000-69500000	0.180157	0.623605	-0.071256	0.140409
chr16-70200000-70300000	0.055394	0.798178	-0.731455	0.241196
chr16-74200000-74300000	-0.226144	0.084381	-0.104356	0.0485019
chr16-76800000-76900000	-0.357596	-0.245552	-0.092467	0.0400922
chr16-8400000-8500000	0.287943	-0.557383	-0.257713	0.0407123
chr16-63200000-63300000	-0.374204	0.070288	-0.512452	0.0425157
chr16-52600000-52700000	-0.42662	-0.339942	0.049541	0.0446975
chr16-16500000-16600000	0.995635	-0.956733	-0.2451	0.0372808
chr16-10800000-10900000	0.34859	-0.72083	0.050957	0.0914743
chr16-69000000-69100000	0.181903	0.549102	-0.233064	0.0979986
chr16-81300000-81400000	-0.214382	0.350336	0.103817	0.102312
chr16-83400000-83500000	-0.083153	0.525271	0.017908	0.0644744
chr16-10900000-11000000	0.310346	-0.694661	-0.306774	0.0647302
chr16-66100000-66200000	0.011366	0.225452	-0.153103	0.0926242
chr16-26700000-26800000	0.24617	-0.708537	-0.308609	0.042072
chr16-22400000-22500000	0.725401	-0.196417	0.381315	0.077806
chr16-22200000-22300000	0.485481	-0.460975	0.083553	0.132617
chr16-13400000-13500000	0.265061	-0.28604	0.007604	0.0434901
chr16-26500000-26600000	0.24044	-0.769775	-0.32458	0.041255
chr16-79500000-79600000	-0.044051	-0.011884	0.085529	0.043385
chr16-1100000-1200000	0.914979	0.269483	-0.085457	0.0541041
chr16-1300000-1400000	0.974973	0.509624	-0.401872	0.167654
chr16-88700000-88800000	0.284659	0.708209	0.279247	0.238428
chr16-55800000-55900000	-0.72168	-0.316834	-0.363086	0.0413898
chr16-13100000-13200000	0.116371	-0.441232	0.093283	0.0441875
chr16-46800000-46900000	-0.372626	0.256518	-0.4132	0.104497
chr16-26200000-26300000	0.378165	-0.499708	-0.255997	0.0412348
chr16-11100000-11200000	0.446729	-0.057969	-0.034147	0.171864
chr16-19100000-19200000	0.430731	-0.21385	-0.043402	0.151478
chr16-60600000-60700000	-0.405499	-0.025346	-0.441704	0.042216
chr16-11200000-11300000	0.583247	-0.182855	-0.331436	0.144394
chr16-11300000-11400000	0.354897	-0.391285	-0.528059	0.115957
chr16-79800000-79900000	-0.276558	-0.037496	0.310073	0.0785216
chr16-59600000-59700000	-0.418522	0.297925	-0.208009	0.0695124
chr16-24300000-24400000	-0.059446	-0.647986	-0.265506	0.0462412
chr16-62400000-62500000	-0.564583	0.077281	-0.067754	0.0442025
chr16-33500000-33600000	0.041277	-0.652622	0.419109	0.0454888
chr16-22100000-22200000	0.473811	-0.330086	-0.282558	0.0520276
chr16-11500000-11600000	0.451116	-0.403817	-0.276646	0.0952178
chr16-82400000-82500000	-0.241658	0.15788	0.298777	0.0462276
chr16-64000000-64100000	-0.410979	0.143342	0.15773	0.0442208
chr16-60200000-60300000	-0.287027	-0.041877	-0.371786	0.0400917
chr16-48800000-48900000	-0.444429	-0.271897	-0.394348	0.0470892
chr16-4300000-4400000	0.980212	0.124017	-0.324113	0.273485
chr16-75300000-75400000	-0.066331	0.537618	-0.0906	0.139916
chr16-11600000-11700000	0.598723	-0.204851	-0.528878	0.118746
chr16-71300000-71400000	-0.193985	-0.035236	0.238958	0.116286
chr16-79300000-79400000	-0.587554	-0.195959	0.128598	0.0450691
chr16-79700000-79800000	-0.279515	0.269334	0.074407	0.0490496
chr16-53700000-53800000	-0.254713	0.189836	0.003189	0.0851226
chr16-13700000-13800000	0.093781	-0.426772	0.11469	0.0433902
chr16-88200000-88300000	0.223181	0.98964	0.60197	0.110984
chr16-53600000-53700000	-0.562282	0.060282	0.161099	0.053218
chr16-57300000-57400000	-0.239438	0.415464	-0.590561	0.0768571
chr16-13600000-13700000	-0.083432	-0.614042	-0.172859	0.0407942
chr16-31700000-31800000	0.103498	-0.709251	-0.09699	0.131933
chr16-28800000-28900000	0.433703	-0.082535	-0.818283	0.254216
chr16-28100000-28200000	0.393872	-0.057324	-0.466752	0.122164
chr16-11700000-11800000	0.466014	-0.026179	-0.270655	0.130323
chr16-6700000-6800000	0.088905	-0.42363	-0.165925	0.0436087
chr16-73400000-73500000	-0.138231	0.0553	-0.065214	0.0494944
chr16-54900000-55000000	-0.634422	0.000483	-0.040989	0.0648704
chr16-11900000-12000000	0.64287	-0.188503	0.088999	0.125511
chr16-34900000-35000000	0.130336	-0.767103	0.364802	0.0566047
chr16-1900000-2000000	0.727723	0.128201	-0.555421	0.110137
chr16-29100000-29200000	0.208937	-0.15221	-1.15497	0.0689195
chr16-12300000-12400000	0.360612	-0.375216	-0.275536	0.0855516
chr16-12800000-12900000	0.558259	-0.433724	-0.232716	0.114996
chr16-1400000-1500000	0.700406	0.505907	-0.597643	0.206475
chr16-57900000-58000000	-0.303685	0.410011	-0.468107	0.082107
chr16-12900000-13000000	0.292846	-0.645744	-0.022594	0.0463131
chr16-15100000-15200000	0.835638	-0.455381	-0.489828	0.165537
chr16-13500000-13600000	0.15288	-0.366224	-0.337703	0.0436562
chr16-66500000-66600000	0.077723	0.48532	-0.084205	0.185286
chr16-3700000-3800000	0.752622	0.069698	-0.479425	0.186575
chr16-22700000-22800000	0.226561	-0.263267	-0.205019	0.0670942
chr16-66800000-66900000	-0.11735	0.614311	-0.132507	0.0968283
chr16-13000000-13100000	0.473875	-0.379555	0.143966	0.0427095
chr16-75500000-75600000	-0.382037	0.42857	0.118992	0.107041
chr16-31300000-31400000	0.269237	-0.613209	-0.49828	0.0525974
chr16-13200000-13300000	-0.084075	-0.642868	-0.140713	0.0456877
chr16-68200000-68300000	0.083545	0.737574	-0.57497	0.237268
chr16-13300000-13400000	0.124517	-0.594697	0.179633	0.0420858
chr16-5500000-5600000	0.431682	-0.289113	-0.160122	0.0425158
chr16-73100000-73200000	-0.078733	0.439799	-0.370533	0.108113
chr16-15500000-15600000	0.903542	-0.591089	-0.317049	0.103672
chr16-73500000-73600000	-0.34731	-0.218308	0.048505	0.044182
chr16-9500000-9600000	0.186969	-0.566339	0.126539	0.0395707
chr16-15000000-15100000	0.56214	-0.427145	-0.747879	0.0728143
chr16-75600000-75700000	-0.095899	0.33706	-0.082566	0.150808
chr16-26800000-26900000	0.030366	-0.567372	-0.579502	0.0540277
chr16-13800000-13900000	-0.01518	-0.648444	-0.160654	0.0427313
chr16-13900000-14000000	0.104523	-0.453569	0.15483	0.0426797
chr16-19900000-20000000	0.255491	-0.744316	-0.111109	0.0485918
chr16-90100000-90200000	0.496044	0.592052	0.216846	0.167037
chr16-18100000-18200000	0.436978	-0.93662	-0.038673	0.0410103
chr16-14500000-14600000	0.124228	-0.539597	-0.624348	0.0972691
chr16-25500000-25600000	0.225592	-0.712957	-0.375884	0.0529608
chr16-14200000-14300000	0.093964	-0.328858	-0.414247	0.0695368
chr16-49400000-49500000	-0.728583	-0.079827	0.025692	0.0446107
chr16-14300000-14400000	0.411773	-0.248922	-0.252629	0.127066
chr16-14900000-15000000	0.620235	-0.757109	-0.873025	0.0404497
chr16-15200000-15300000	1.1461	-0.678134	-0.355462	0.0863866
chr16-64100000-64200000	-0.364269	0.383556	-0.165734	0.0489369
chr16-55300000-55400000	-0.376605	-0.137394	-0.403921	0.0425647
chr16-51300000-51400000	-0.30784	-0.163962	-0.315748	0.0570736
chr16-15300000-15400000	1.14816	-0.679418	-0.357608	0.0372808
chr16-64200000-64300000	-0.083863	0.337184	-0.405755	0.043658
chr16-60300000-60400000	-0.255985	-0.202477	-0.006109	0.0409261
chr16-51600000-51700000	-0.165519	-0.022978	-0.016648	0.048235
chr16-19200000-19300000	0.333593	-0.51181	-0.261235	0.0733595
chr16-68800000-68900000	0.095033	0.521748	-0.148074	0.110035
chr16-71000000-71100000	-0.014281	0.074316	-0.263277	0.0583181
chr16-48200000-48300000	-0.173081	0.014201	-0.143589	0.0943479
chr16-28500000-28600000	0.151908	-0.447317	-0.844713	0.13927
chr16-15600000-15700000	0.650533	-0.374298	-0.307871	0.0941389
chr16-19700000-19800000	0.378024	-0.152873	-0.343415	0.134673
chr16-88400000-88500000	0.228307	0.407347	0.667785	0.263495
chr16-15700000-15800000	0.642457	-0.042215	-0.346587	0.121623
chr16-68700000-68800000	0.139126	0.441826	-0.465325	0.0624323
chr16-19800000-19900000	0.487296	-0.476779	-0.328033	0.0982412
chr16-77600000-77700000	-0.348356	0.04507	0.290242	0.0484496
chr16-15800000-15900000	0.672839	-0.1534	-0.015253	0.0764701
chr16-15900000-16000000	0.498942	-0.079156	-0.315817	0.11372
chr16-49700000-49800000	-0.613216	-0.170317	-0.475368	0.0471542
chr16-85300000-85400000	0.092614	0.512099	0.334342	0.13208
chr16-1600000-1700000	0.830932	0.323048	-0.526692	0.166402
chr16-63700000-63800000	-0.349774	-0.137552	-0.238228	0.0470164
chr16-34000000-34100000	0.034138	-0.490584	0.704233	0.059345
chr16-16000000-16100000	0.804447	-0.17321	-0.261792	0.16079
chr16-78800000-78900000	-0.511053	-0.189828	-0.160221	0.0455121
chr16-54300000-54400000	-0.263666	0.036944	-0.129152	0.0547934
chr16-16200000-16300000	0.821185	-0.754131	-0.209281	0.112815
chr16-30800000-30900000	0.336738	-0.07381	-0.897413	0.210133
chr16-1800000-1900000	0.770203	0.429588	-0.533264	0.287884
chr16-74000000-74100000	-0.312401	-0.167507	0.029208	0.0418113
chr16-16300000-16400000	0.993359	-0.958231	-0.243343	0.0372808
chr16-76200000-76300000	-0.518193	0.21867	0.181168	0.0408353
chr16-65400000-65500000	-0.21167	0.434246	-0.431978	0.0546039
chr16-63600000-63700000	-0.461634	-0.027102	-0.591362	0.0411603
chr16-16600000-16700000	0.998457	-0.956626	-0.246693	0.042301
chr16-52200000-52300000	-0.43604	-0.264794	-0.31658	0.0430472
chr16-47600000-47700000	-0.258925	-0.055361	-0.46583	0.062384
chr16-8000000-8100000	0.030809	-0.553896	0.073174	0.0434852
chr16-34100000-34200000	0.035455	-0.488858	0.706641	0.0396804
chr16-27700000-27800000	0.129094	-0.401552	-0.624471	0.152549
chr16-16700000-16800000	0.995245	-0.956515	-0.246265	0.0472384
chr16-16800000-16900000	0.706684	-0.759865	-0.189534	0.0407765
chr16-16900000-17000000	0.454729	-0.490896	-0.10962	0.0418586
chr16-62800000-62900000	-0.5775	0.199296	-0.185315	0.0420665
chr16-500000-600000	0.781127	0.361662	-0.127409	0.243615
chr16-26600000-26700000	-0.116798	-0.742408	-0.218417	0.0435062
chr16-71100000-71200000	-0.059796	-0.065885	0.035786	0.0504136
chr16-82800000-82900000	0.141946	0.261728	-0.040338	0.0569778
chr16-1700000-1800000	0.743347	0.315855	-0.208956	0.233348
chr16-66300000-66400000	-0.241016	0.526911	-0.186964	0.0689839
chr16-17100000-17200000	0.26995	-0.353774	-0.239751	0.0472725
chr16-59300000-59400000	-0.301818	0.211885	-0.068852	0.0449975
chr16-17200000-17300000	0.475095	-0.486261	0.055304	0.058289
chr16-80000000-80100000	-0.265646	0.277684	-0.025878	0.0621874
chr16-84800000-84900000	0.260321	0.5671	-0.067371	0.168218
chr16-59700000-59800000	-0.160149	0.135978	-0.456084	0.0428714
chr16-75800000-75900000	-0.18194	0.146662	-0.036843	0.0443959
chr16-57700000-57800000	-0.246947	0.41173	-0.429461	0.178108
chr16-17300000-17400000	0.3928	-0.661672	-0.28857	0.0600747
chr16-8700000-8800000	0.287466	-0.386302	-0.315715	0.11372
chr16-53500000-53600000	-0.534234	0.158225	-0.221652	0.114302
chr16-17400000-17500000	0.498328	-0.313757	-0.209383	0.0672273
chr16-17500000-17600000	0.27333	-0.516028	0.020627	0.0851802
chr16-77500000-77600000	-0.196391	0.048261	-0.059977	0.0545464
chr16-17600000-17700000	0.255909	-0.316147	-0.292574	0.0965968
chr16-51700000-51800000	-0.461502	-0.25875	-0.128465	0.0501319
chr16-24200000-24300000	0.174433	-0.365349	-0.261908	0.0449416
chr16-17700000-17800000	0.300797	-0.313105	0.096275	0.0421667
chr16-17900000-18000000	0.332496	-0.399022	-0.257065	0.0486373
chr16-18300000-18400000	0.583769	-1.32604	-0.07146	0.0372808
chr16-89400000-89500000	0.42831	0.395418	0.312414	0.143343
chr16-89500000-89600000	0.313431	0.538376	0.143361	0.204705
chr16-89900000-90000000	0.373587	0.731088	0.258256	0.251249
chr16-65300000-65400000	0.010546	0.218414	-0.21843	0.072346
chr16-23100000-23200000	0.318318	-0.341731	-0.259113	0.0987859
chr16-18500000-18600000	0.583556	-1.32825	-0.073823	0.0560716
chr16-67100000-67200000	0.119603	0.502821	-0.498584	0.190546
chr16-58100000-58200000	-0.426971	0.39326	0.096197	0.0936838
chr16-4400000-4500000	0.747008	0.15505	-0.019543	0.286237
chr16-83000000-83100000	-0.010948	0.235529	0.280195	0.0587293
chr16-83600000-83700000	-0.090572	0.21979	0.399905	0.0666955
chr16-89200000-89300000	0.182664	0.680339	0.278266	0.13306
chr16-18700000-18800000	0.583016	-1.32512	-0.078812	0.0680067
chr16-74300000-74400000	-0.462562	0.358163	-0.253077	0.142166
chr16-83800000-83900000	0.051878	0.125393	0.29204	0.107951
chr16-61800000-61900000	-0.407739	-0.281826	-0.234862	0.042857
chr16-50400000-50500000	-0.545174	-0.03738	0.248569	0.0678656
chr16-49800000-49900000	-0.561853	-0.346604	-0.164424	0.0511255
chr16-29200000-29300000	-0.160815	-0.014491	-1.25628	0.0907109
chr16-18800000-18900000	0.418688	-0.950951	-0.147776	0.145275
chr16-18900000-19000000	0.579312	-0.70253	-0.35164	0.0736116
chr16-75900000-76000000	-0.275899	0.212415	-0.397706	0.055804
chr16-60000000-60100000	-0.522092	0.137578	0.220519	0.0419456
chr16-19300000-19400000	0.112112	-0.418526	-0.522137	0.0576376
chr16-84000000-84100000	0.190213	0.250628	0.154239	0.0978992
chr16-66400000-66500000	0.05873	0.439096	-0.424744	0.0840122
chr16-59400000-59500000	-0.501127	0.26104	-0.400158	0.0484907
chr16-19500000-19600000	0.452184	-0.308218	-0.409421	0.139624
chr16-60400000-60500000	-0.329629	-0.057033	-0.361715	0.0419438
chr16-19600000-19700000	0.516264	-0.298331	-0.031738	0.0847268
chr16-24400000-24500000	0.241632	-0.601031	-0.455472	0.0417831
chr16-200000-300000	0.979035	0.310953	0.053182	0.168326
chr16-25100000-25200000	0.278742	-0.422647	-0.622771	0.134711
chr16-2000000-2100000	0.727143	0.399521	-0.74166	0.407179
chr16-20000000-20100000	0.322545	-0.549538	0.195497	0.0430873
chr16-77800000-77900000	-0.156261	0.171383	-0.047929	0.083241
chr16-20800000-20900000	0.496928	-0.260987	0.099989	0.139617
chr16-20100000-20200000	-0.007307	-0.598648	0.040643	0.0417643
chr16-64300000-64400000	-0.422596	0.417964	-0.265376	0.0468356
chr16-60100000-60200000	-0.568373	-0.070314	-0.105229	0.0387185
chr16-20200000-20300000	0.117652	-0.3434	-0.201467	0.042396
chr16-77400000-77500000	-0.377341	0.064739	-0.380191	0.0421359
chr16-86100000-86200000	0.019009	0.369023	0.405007	0.108894
chr16-33400000-33500000	-0.18308	-0.910412	0.210345	0.0431984
chr16-88000000-88100000	0.070439	0.640334	0.496562	0.150645
chr16-28300000-28400000	0.330044	-0.565883	-0.867532	0.0683928
chr16-20300000-20400000	0.400659	-0.328819	0.057308	0.0437364
chr16-68300000-68400000	0.331333	0.47208	-0.521371	0.144673
chr16-20400000-20500000	0.444235	-0.713893	0.052998	0.0473395
chr16-86700000-86800000	0.105396	0.280643	0.35905	0.122819
chr16-57600000-57700000	-0.048256	0.172077	-0.556389	0.091271
chr16-20500000-20600000	0.349608	-0.622941	0.421726	0.0372808
chr16-53300000-53400000	-0.41265	0.203061	-0.194342	0.0810298
chr16-84200000-84300000	0.085025	0.499725	0.20941	0.117253
chr16-20600000-20700000	0.339268	-0.637132	0.030432	0.0465323
chr16-77000000-77100000	-0.510623	0.105563	-0.009629	0.044542
chr16-600000-700000	1.08142	0.226422	-0.214112	0.297892
chr16-46700000-46800000	-0.221655	0.071659	-0.146612	0.110827
chr16-28600000-28700000	0.214634	-0.19617	-1.08681	0.0566398
chr16-20700000-20800000	0.305188	-0.360002	-0.222886	0.102479
chr16-20900000-21000000	0.610981	-0.220606	-0.221139	0.134112
chr16-300000-400000	1.13638	0.169969	-0.041917	0.146446
chr16-2100000-2200000	0.962457	0.478899	-0.801402	0.215088
chr16-61700000-61800000	-0.400546	0.001598	-0.493812	0.0407224
chr16-61100000-61200000	-0.45925	-0.2563	-0.275085	0.0404381
chr16-50100000-50200000	-0.508261	0.31623	0.019632	0.131616
chr16-21300000-21400000	0.735992	-0.223906	0.250675	0.137917
chr16-23200000-23300000	0.301566	-0.686586	-0.086914	0.0487235
chr16-21400000-21500000	0.80595	-0.241017	0.341905	0
chr16-72000000-72100000	-0.484625	0.210832	-0.229519	0.0791659
chr16-81100000-81200000	-0.283712	0.474842	0.285251	0.0939692
chr16-32300000-32400000	-0.458999	-1.08299	-0.272117	0.0501879
chr16-27500000-27600000	0.127593	-0.424477	-0.616083	0.142031
chr16-21500000-21600000	0.805224	-0.240019	0.344903	0.070685
chr16-72700000-72800000	-0.319549	0.316912	-0.364712	0.0517545
chr16-29600000-29700000	0.192454	0.130748	-1.31309	0.090075
chr16-27800000-27900000	0.472185	-0.377957	-0.568379	0.0541377
chr16-89100000-89200000	0.156187	0.406731	0.457321	0.130641
chr16-21600000-21700000	0.507596	-0.183711	0.102622	0.121009
chr16-72800000-72900000	-0.042346	0.13819	-0.172139	0.116556
chr16-58500000-58600000	-0.444328	0.358264	-0.607205	0.119969
chr16-56400000-56500000	-0.287922	0.339245	-0.27677	0.144569
chr16-54600000-54700000	-0.639358	-0.174595	-0.084002	0.0549738
chr16-54100000-54200000	-0.603563	0.03305	-0.111625	0.0639799
chr16-21700000-21800000	0.640771	-0.361572	0.384039	0.0478289
chr16-21900000-22000000	0.643089	-0.363298	0.386143	0.131072
chr16-87900000-88000000	0.225611	0.863758	0.255025	0.202303
chr16-5400000-5500000	0.082889	-0.402247	-0.082858	0.0440836
chr16-74100000-74200000	-0.597937	0.049454	-0.082246	0.0459832
chr16-30100000-30200000	0.356324	-0.242965	-1.08064	0.232132
chr16-2200000-2300000	0.845274	0.509899	-0.620158	0.292988
chr16-22800000-22900000	0.322089	-0.357178	0.126965	0.0440227
chr16-22000000-22100000	0.521204	-0.327226	0.053502	0.112097
chr16-3100000-3200000	0.669608	0.328672	-0.309939	0.256492
chr16-9300000-9400000	0.235731	-0.582665	0.047543	0.0445815
chr16-22300000-22400000	0.673202	-0.127039	0.083096	0.162468
chr16-53000000-53100000	-0.247552	0.039824	-0.355087	0.142726
chr16-22500000-22600000	0.723107	-0.198625	0.380705	0.042115
chr16-22900000-23000000	0.10395	-0.37361	-0.165266	0.0428547
chr16-31000000-31100000	0.608807	-0.040818	-0.60055	0.335591
chr16-2300000-2400000	0.533447	0.371187	-0.759417	0.14868
chr16-68100000-68200000	-0.116205	0.491571	-0.645991	0.135962
chr16-73800000-73900000	-0.392726	-0.277788	-0.257393	0.0440792
chr16-28200000-28300000	0.29528	-0.331047	-0.640203	0.108333
chr16-30600000-30700000	0.535417	0.155631	-0.631361	0.2548
chr16-23000000-23100000	0.342484	-0.388517	0.121616	0.0675214
chr16-61300000-61400000	-0.596935	-0.091632	-0.065612	0.0423657
chr16-78100000-78200000	-0.128837	0.039279	-0.097203	0.0913916
chr16-23300000-23400000	0.157046	-0.712986	-0.416653	0.0536557
chr16-54700000-54800000	-0.351552	-0.228121	-0.327512	0.0430673
chr16-23600000-23700000	0.351698	-0.361459	-0.591818	0.143943
chr16-50300000-50400000	-0.416432	0.270636	0.02943	0.163693
chr16-7400000-7500000	0.059604	-0.611378	-0.014664	0.0403981
chr16-54500000-54600000	-0.392866	-0.248147	-0.353871	0.0444919
chr16-23700000-23800000	0.413183	-0.562136	-0.254242	0.0661977
chr16-49300000-49400000	-0.451766	-0.278352	0.212986	0.0463224
chr16-25200000-25300000	0.239081	-0.704218	-0.363915	0.111973
chr16-23800000-23900000	0.329851	-0.516105	0.112973	0.0416834
chr16-89800000-89900000	0.572632	0.633654	0.055166	0.119328
chr16-64900000-65000000	-0.32844	0.466184	-0.371348	0.056933
chr16-23900000-24000000	0.037163	-0.593727	-0.071602	0.0437961
chr16-2400000-2500000	0.594622	0.300369	-0.498118	0.112342
chr16-9900000-10000000	0.131882	-0.379365	-0.287849	0.0458482
chr16-24000000-24100000	0.221426	-0.344451	-0.293255	0.0452827
chr16-8300000-8400000	0.182188	-0.672215	0.067247	0.0441112
chr16-24100000-24200000	0.265551	-0.54055	0.029765	0.0469529
chr16-71700000-71800000	-0.108662	0.372518	-0.454295	0.106355
chr16-73700000-73800000	-0.336679	-0.250516	0.10716	0.0431665
chr16-24500000-24600000	0.378459	-0.211222	-0.409969	0.10197
chr16-4700000-4800000	0.77445	-0.082896	-0.006624	0.227187
chr16-24600000-24700000	0.31869	-0.454531	-0.709489	0.0849164
chr16-24700000-24800000	0.336092	-0.217391	-0.466715	0.105821
chr16-24800000-24900000	0.461129	-0.522615	-0.352552	0.126273
chr16-86300000-86400000	0.054228	0.305345	0.422488	0.240973
chr16-24900000-25000000	0.441754	-0.165452	-0.375179	0.120318
chr16-51500000-51600000	-0.488464	-0.039499	-0.19492	0.0730711
chr16-26100000-26200000	0.309111	-0.620697	0.103163	0.0413853
chr16-2500000-2600000	0.848701	0.175001	-0.682821	0.289336
chr16-48300000-48400000	-0.13134	0.29078	0.102324	0.097511
chr16-4500000-4600000	0.568541	0.047508	-0.27586	0.18351
chr16-35100000-35200000	0.026662	-0.492908	0.504829	0.0465735
chr16-27400000-27500000	0.392058	-0.321877	-0.349208	0.196271
chr16-87600000-87700000	0.227199	0.268673	0.586033	0.0813319
chr16-25000000-25100000	0.368894	-0.090122	-0.715514	0.138282
chr16-70600000-70700000	-0.300628	0.674645	-0.105635	0.112388
chr16-52700000-52800000	-0.270367	-0.129957	-0.214319	0.043002
chr16-25300000-25400000	0.145127	-0.43003	-0.632388	0.0457116
chr16-56200000-56300000	-0.286478	-0.099445	-0.325068	0.0567005
chr16-25400000-25500000	0.077397	-0.400208	-0.25842	0.0409744
chr16-25600000-25700000	0.004551	-0.654702	-0.062797	0.0435287
chr16-85700000-85800000	0.228162	0.554157	0.301331	0.132114
chr16-54800000-54900000	-0.434487	-0.320094	0.014924	0.0420772
chr16-54400000-54500000	-0.205799	0.034866	-0.506412	0.0576478
chr16-27200000-27300000	0.187696	-0.263187	-0.705593	0.258068
chr16-25800000-25900000	0.320819	-0.542981	-0.350254	0.0409381
chr16-25900000-26000000	-0.0251	-0.692691	-0.345136	0.0410282
chr16-2600000-2700000	1.00373	0.362723	-0.857453	0.257919
chr16-72600000-72700000	-0.277392	0.144255	-0.036869	0.0657618
chr16-26300000-26400000	0.092976	-0.378986	-0.479964	0.0439944
chr16-66200000-66300000	-0.131102	0.317204	-0.491032	0.0605421
chr16-26400000-26500000	-0.084984	-0.613388	-0.232839	0.0419015
chr16-700000-800000	0.960804	0.389503	0.048607	0.314848
chr16-7100000-7200000	0.35499	-0.351792	0.074562	0.0411898
chr16-57100000-57200000	-0.252254	0.543126	-0.302618	0.0990699
chr16-26900000-27000000	0.132671	-0.349175	-0.297412	0.125465
chr16-2700000-2800000	0.778859	0.246168	-0.67345	0.161327
chr16-77300000-77400000	-0.157575	0.118212	-0.077705	0.0462658
chr16-88600000-88700000	0.511798	0.59821	0.044504	0.153355
chr16-27100000-27200000	0.15412	-0.613417	-0.545615	0.109637
chr16-69900000-70000000	0.091641	0.708718	-0.561264	0.114161
chr16-6200000-6300000	0.440686	-0.386944	0.035951	0.0432194
chr16-34400000-34500000	0.055502	-0.524781	0.31295	0.0531297
chr16-56000000-56100000	-0.158703	-0.005343	-0.356413	0.0415718
chr16-27300000-27400000	0.52473	-0.25246	-0.673857	0.197001
chr16-27900000-28000000	0.227315	-0.618804	-0.465996	0.0430854
chr16-2800000-2900000	0.773262	0.435102	-0.48194	0.240284
chr16-64700000-64800000	-0.392087	0.359365	-0.302988	0.0463112
chr16-28000000-28100000	0.202538	-0.346043	-0.65284	0.0532992
chr16-82100000-82200000	-0.427584	0.024504	0.225631	0.084625
chr16-28400000-28500000	0.087346	-0.516276	-1.0605	0.102188
chr16-28900000-29000000	0.212596	-0.252877	-0.826721	0.181901
chr16-82900000-83000000	-0.208172	0.341302	-0.029381	0.0564991
chr16-2900000-3000000	0.849326	0.135193	-0.450086	0.22139
chr16-6600000-6700000	0.29358	-0.750621	-0.09075	0.04103
chr16-29300000-29400000	0.186573	0.128529	-1.31622	0.0658072
chr16-34200000-34300000	-0.069098	-0.508897	0.310832	0.047857
chr16-29400000-29500000	0.189084	0.12908	-1.3182	0.0474032
chr16-8200000-8300000	-0.038229	-0.765226	-0.228484	0.0434259
chr16-29500000-29600000	0.190262	0.129734	-1.31525	0.0503421
chr16-29700000-29800000	0.166817	-0.060038	-1.08327	0.0665607
chr16-34600000-34700000	0.094336	-0.569646	0.298892	0.0450201
chr16-30700000-30800000	0.52222	-0.20136	-0.661406	0.280916
chr16-3000000-3100000	0.851971	0.424782	-0.508673	0.197292
chr16-29800000-29900000	0.391787	0.145721	-0.880096	0.305223
chr16-50600000-50700000	-0.457983	-0.04178	0.323382	0.054824
chr16-29900000-30000000	0.186333	-0.076956	-0.924155	0.206461
chr16-30000000-30100000	0.49199	0.025427	-0.914003	0.284292
chr16-58800000-58900000	-0.485399	-0.077066	-0.452019	0.0460454
chr16-30300000-30400000	0.55975	0.038472	-0.917838	0.303373
chr16-63100000-63200000	-0.577081	0.094066	-0.19493	0.0412461
chr16-30400000-30500000	0.519402	-0.182481	-0.716913	0.220224
chr16-67300000-67400000	0.00539	0.610922	-0.369617	0.163486
chr16-52800000-52900000	-0.445137	-0.165452	-0.540347	0.0435068
chr16-30500000-30600000	0.81394	-0.026332	-0.637862	0.220683
chr16-30900000-31000000	0.478083	-0.273321	-0.774263	0.335066
chr16-62300000-62400000	-0.367264	-0.095486	-0.354574	0.0416078
chr16-31100000-31200000	0.782471	-0.250842	-0.35129	0.224658
chr16-7300000-7400000	0.240943	-0.291536	0.046235	0.0406111
chr16-55000000-55100000	-0.339293	-0.243033	0.016595	0.0474625
chr16-80700000-80800000	-0.063244	0.194833	-0.001917	0.0679327
chr16-31200000-31300000	0.448896	-0.337129	-0.304791	0.0957983
chr16-31400000-31500000	0.459399	-0.271517	-0.541873	0.218547
chr16-62000000-62100000	-0.330673	-0.190708	0.096787	0.0442392
chr16-31600000-31700000	-0.020653	-0.729029	-0.449096	0.0421328
chr16-82000000-82100000	-0.168017	0.154813	0.020256	0.106311
chr16-48400000-48500000	-0.161057	0.511023	-0.180325	0.137398
chr16-31800000-31900000	0.11086	-0.750366	-0.46125	0.140762
chr16-31900000-32000000	-0.155604	-0.930964	-0.255638	0.0458311
chr16-32100000-32200000	-0.459554	-1.0856	-0.2711	0.0447199
chr16-85000000-85100000	0.302269	0.517532	-0.122654	0.229102
chr16-32400000-32500000	-0.313103	-0.883592	-0.19235	0.0386024
chr16-65600000-65700000	0.038371	0.268986	-0.271038	0.0601263
chr16-67400000-67500000	0.256783	0.508772	-0.246302	0.198725
chr16-87500000-87600000	0.038749	0.479517	0.456402	0.0855661
chr16-32500000-32600000	-0.142829	-0.54868	-0.121714	0.03786
chr16-32900000-33000000	-0.348793	-1.08506	0.396889	0.0372808
chr16-3300000-3400000	0.69866	0.0371	-0.375802	0.221065
chr16-64800000-64900000	-0.160704	0.185182	-0.53943	0.0575431
chr16-33000000-33100000	-0.351186	-1.08725	0.39694	0.0372808
chr16-75700000-75800000	-0.45614	0.421721	-0.155262	0.0649074
chr16-80400000-80500000	-0.378457	0.178484	0.284406	0.0480393
chr16-84400000-84500000	0.015036	0.26517	0.207896	0.0942824
chr16-33200000-33300000	-0.353968	-1.08888	0.396592	0.0621347
chr16-57200000-57300000	-0.000917	0.353507	-0.324134	0.152008
chr16-80800000-80900000	-0.418045	0.224717	0.112195	0.109351
chr16-33300000-33400000	-0.356443	-1.09096	0.396364	0.0488247
chr16-62500000-62600000	-0.432751	-0.163806	-0.325817	0.0422052
chr16-33600000-33700000	0.068079	-0.6876	0.745182	0.0508145
chr16-60500000-60600000	-0.662365	-0.093951	-0.173174	0.0423309
chr16-40800000-40900000	-0.228876	-0.476425	0.621981	0
chr16-33700000-33800000	0.066144	-0.687766	0.747778	0.0372808
chr16-75400000-75500000	-0.029528	0.304626	0.153303	0.122249
chr16-48600000-48700000	-0.229961	-0.111568	0.046192	0.12669
chr16-48000000-48100000	-0.224613	0.06674	0.176559	0.0489556
chr16-33800000-33900000	0.068835	-0.687424	0.749553	0.0836678
chr16-33900000-34000000	0.000934	-0.387282	0.501313	0.166513
chr16-61200000-61300000	-0.580171	0.105376	-0.40044	0.0415675
chr16-3400000-3500000	0.617684	-0.120434	-0.162242	0.160998
chr16-7800000-7900000	-0.00671	-0.515723	0.010979	0.0403506
chr16-81200000-81300000	-0.236954	0.136824	0.390158	0.0826473
chr16-65800000-65900000	-0.142386	0.49985	-0.339718	0.0512221
chr16-5600000-5700000	0.533871	-0.537539	0.097515	0.0455472
chr16-74600000-74700000	-0.110794	0.447068	0.028197	0.1121
chr16-78600000-78700000	-0.202936	0.034668	0.412119	0.0473933
chr16-54000000-54100000	-0.463088	0.198935	-0.416098	0.0643813
chr16-34700000-34800000	0.293151	-0.328868	0.412169	0.0459466
chr16-89600000-89700000	0.461509	0.59349	0.421231	0.21835
chr16-34800000-34900000	0.004365	-0.475182	0.369927	0.0504488
chr16-53100000-53200000	-0.03657	0.352032	-0.44047	0.162588
chr16-4100000-4200000	0.491259	0.132232	-0.387775	0.122367
chr16-3500000-3600000	0.663889	0.107142	-0.438049	0.168342
chr16-55700000-55800000	-0.440841	-0.119448	-0.459454	0.0499291
chr16-35000000-35100000	-0.192498	-0.676428	0.350881	0.0481337
chr16-59000000-59100000	-0.484167	0.253647	-0.358701	0.052397
chr16-82200000-82300000	-0.080193	0.088587	0.339536	0.111616
chr16-35200000-35300000	-0.22979	-0.479285	0.620758	0.0484921
chr16-3600000-3700000	0.666591	0.076948	-0.143895	0.119556
chr16-3900000-4000000	0.74432	0.09423	-0.563757	0.134991
chr16-400000-500000	0.952858	0.308432	-0.309359	0.227981
chr16-4000000-4100000	0.756791	0.152413	-0.243969	0.150994
chr16-4200000-4300000	0.726882	0.077756	-0.581531	0.121255
chr16-49900000-50000000	-0.384054	-0.244002	0.149935	0.0458851
chr16-47500000-47600000	-0.141356	0.22967	-0.247121	0.0678048
chr16-4600000-4700000	0.880493	-0.026	-0.330199	0.203602
chr16-46500000-46600000	-0.456375	-0.15256	0.290187	0.0459052
chr16-46600000-46700000	-0.570241	0.059726	0.012119	0.0768799
chr16-46900000-47000000	-0.3335	-0.019463	-0.652668	0.136948
chr16-52500000-52600000	-0.353437	-0.298131	-0.314191	0.0417787
chr16-47000000-47100000	-0.669242	-0.02982	-0.450655	0.112365
chr16-47200000-47300000	-0.42789	-0.211741	-0.307833	0.0619011
chr16-61000000-61100000	-0.475435	0.056354	-0.511293	0.041584
chr16-47400000-47500000	-0.237976	-0.00525	-0.518025	0.149296
chr16-56500000-56600000	0.057829	0.29511	-0.242675	0.0999479
chr16-78700000-78800000	-0.220825	-0.09197	0.065042	0.0562349
chr16-47700000-47800000	-0.481946	0.119236	-0.225086	0.0754253
chr16-87400000-87500000	0.077206	0.748451	0.267518	0.178287
chr16-49500000-49600000	-0.678581	-0.287403	-0.298502	0.0461887
chr16-85100000-85200000	0.369357	0.592138	0.236283	0.148781
chr16-47800000-47900000	-0.634908	-0.06178	0.059943	0.048053
chr16-47900000-48000000	-0.325059	-0.247316	0.001627	0.0631313
chr16-6500000-6600000	0.192385	-0.406503	-0.217865	0.0409652
chr16-48100000-48200000	-0.485658	0.236734	-0.027457	0.0769856
chr16-77200000-77300000	-0.453085	0.285258	0.111212	0.133265
chr16-62700000-62800000	-0.244981	0.012932	-0.238039	0.0421176
chr16-8500000-8600000	-0.074986	-0.683305	-0.217908	0.0417296
chr16-48900000-49000000	-0.504861	-0.287222	-0.034873	0.08015
chr16-4900000-5000000	0.649666	-0.0608	-0.025862	0.118804
chr16-65000000-65100000	-0.213982	0.354205	-0.012953	0.0658234
chr16-76100000-76200000	-0.463204	-0.158677	0.104302	0.0416092
chr16-81800000-81900000	-0.317208	0.189169	0.079621	0.0517114
chr16-89000000-89100000	0.335377	0.192085	0.508695	0.0490622
chr16-58700000-58800000	-0.28781	0.271216	-0.542336	0.145246
chr16-49100000-49200000	-0.416417	-0.324325	-0.012405	0.0415289
chr16-5000000-5100000	0.595833	-0.354343	0.152933	0.092769
chr16-50200000-50300000	-0.485099	0.261221	-0.317555	0.121004
chr16-70000000-70100000	0.026114	0.788852	-0.912301	0.0613366
chr16-50500000-50600000	-0.274266	-0.220419	0.078151	0.0492557
chr16-50900000-51000000	0	0	0	0.044942
chr16-5100000-5200000	0.517277	-0.563806	0.404989	0.141313
chr16-51000000-51100000	-0.293118	-0.195334	-0.112891	0.0473573
chr16-59200000-59300000	-0.46978	0.13302	-0.400481	0.0446224
chr16-51200000-51300000	-0.589609	-0.288315	-0.10944	0.0576584
chr16-6100000-6200000	0.094315	-0.540562	0.102476	0.04236
chr16-55500000-55600000	-0.471171	0.122784	0.136685	0.179614
chr16-51400000-51500000	-0.160445	0.092563	-0.086904	0.0587167
chr16-51800000-51900000	-0.173164	-0.005783	-0.197495	0.0617986
chr16-51900000-52000000	-0.431602	0.178781	-0.036405	0.114273
chr16-5200000-5300000	0.393274	-0.326978	0.112275	0.0415498
chr16-52000000-52100000	-0.664417	-0.121843	0.06016	0.0774915
chr16-63300000-63400000	-0.546004	0.334101	-0.27856	0.0417576
chr16-52300000-52400000	-0.65398	-0.109779	-0.062238	0.0426392
chr16-69100000-69200000	0.003517	0.484685	-0.529143	0.139521
chr16-5800000-5900000	0.363805	-0.519107	0.017179	0.0425951
chr16-69700000-69800000	0.22591	0.586586	-0.537309	0.166157
chr16-52900000-53000000	-0.396216	-0.281569	-0.194009	0.0467221
chr16-53400000-53500000	-0.330994	0.052	-0.537613	0.134548
chr16-5300000-5400000	0.223733	-0.654347	0.102301	0.0444851
chr16-53200000-53300000	-0.369669	0.243781	-0.521385	0.0773191
chr16-62600000-62700000	-0.571664	0.050818	-0.055183	0.0432241
chr16-53800000-53900000	-0.141453	0.047929	-0.331693	0.0761523
chr16-53900000-54000000	-0.290901	-0.028859	-0.661599	0.0604942
chr16-63500000-63600000	-0.54096	0.187473	-0.28438	0.0396964
chr16-58600000-58700000	-0.547336	0.499605	-0.335525	0.120459
chr16-76300000-76400000	-0.604521	-0.078039	-0.042185	0.0438256
chr16-56800000-56900000	0.030853	0.251556	-0.350602	0.102288
chr16-54200000-54300000	-0.455589	0.013975	-0.460474	0.0515016
chr16-55100000-55200000	-0.470228	-0.282367	-0.337239	0.0505925
chr16-55200000-55300000	-0.639089	-0.011753	-0.171359	0.0421814
chr16-55400000-55500000	-0.438573	-0.24283	-0.035326	0.0478785
chr16-64600000-64700000	-0.038574	0.445298	-0.217531	0.0499126
chr16-55600000-55700000	-0.478814	-0.177515	-0.084552	0.0489365
chr16-55900000-56000000	-0.408607	-0.212537	-0.19488	0.0457532
chr16-63400000-63500000	-0.664324	0.21627	0.085017	0.0444568
chr16-56100000-56200000	-0.148804	-0.089559	-0.004305	0.043661
chr16-83300000-83400000	0.155492	0.231666	0.031585	0.0636595
chr16-56300000-56400000	-0.232748	0.076977	0.009879	0.104584
chr16-56900000-57000000	-0.11141	0.530365	-0.243003	0.148175
chr16-57400000-57500000	-0.04513	0.429705	-0.368009	0.137089
chr16-59500000-59600000	-0.115817	0.179803	-0.394349	0.0515873
chr16-57500000-57600000	-0.177638	0.501122	-0.690125	0.167414
chr16-82600000-82700000	-0.215768	0.101757	0.34896	0.161595
chr16-58000000-58100000	-0.553792	0.485801	-0.226839	0.161126
chr16-58900000-59000000	-0.199632	0.042726	-0.207622	0.0428045
chr16-5900000-6000000	0.204059	-0.296447	-0.217734	0.0437297
chr16-59800000-59900000	-0.536729	0.135598	-0.496839	0.0423121
chr16-6000000-6100000	0.337358	-0.269141	0.132694	0.0431536
chr16-74800000-74900000	-0.393455	0.434017	-0.264808	0.0517456
chr16-59900000-60000000	-0.545256	0.294874	-0.141174	0.0468213
chr16-6300000-6400000	0.18855	-0.41579	0.283042	0.041812
chr16-60700000-60800000	-0.699561	-0.107491	-0.199875	0.0400506
chr16-80200000-80300000	-0.332101	0.409251	0.102476	0.0689037
chr16-60800000-60900000	-0.326853	-0.139063	-0.31309	0.0388384
chr16-60900000-61000000	-0.568041	0.115131	-0.137084	0.0387775
chr16-61500000-61600000	-0.585507	0.106596	-0.496643	0.0426846
chr16-63000000-63100000	-0.461947	0.115722	0.167394	0.0425718
chr16-67800000-67900000	0.187214	0.668823	-0.451087	0.228512
chr16-61600000-61700000	-0.581697	-0.085057	-0.166331	0.0407426
chr16-61900000-62000000	-0.600111	0.014804	-0.10188	0.0440261
chr16-62100000-62200000	-0.512197	0.130183	0.23376	0.0470909
chr16-62200000-62300000	-0.563093	0.181041	-0.160527	0.0427784
chr16-62900000-63000000	-0.667548	-0.145766	-0.039149	0.0387826
chr16-88900000-89000000	0.254212	0.362844	0.784452	0.122712
chr16-63800000-63900000	-0.411162	-0.126264	0.139159	0.0479297
chr16-63900000-64000000	-0.440195	0.045075	-0.208132	0.0431783
chr16-64400000-64500000	-0.185861	0.158905	-0.131069	0.0536035
chr16-64500000-64600000	-0.13798	0.218365	-0.508839	0.0452467
chr16-65100000-65200000	-0.145143	0.110959	-0.312863	0.165204
chr16-65500000-65600000	-0.202614	0.497781	-0.076567	0.0618684
chr16-65700000-65800000	-0.213919	0.183798	-0.549553	0.0473505
chr16-69500000-69600000	0.24133	0.500323	-0.366109	0.119925
chr16-65900000-66000000	-0.076969	0.196601	-0.138439	0.0507237
chr16-66700000-66800000	0.113405	0.437269	-0.291942	0.155718
chr16-86800000-86900000	0.038805	0.606895	0.323807	0.0841461
chr16-66900000-67000000	-0.307706	0.732222	-0.427627	0.172852
chr16-67000000-67100000	0.001759	0.702437	-0.623017	0.12788
chr16-67500000-67600000	0.091143	0.837735	-0.251504	0.24782
chr16-70800000-70900000	-0.074059	0.214539	-0.572177	0.163681
chr16-76600000-76700000	-0.605289	0.056046	-0.083169	0.0433784
chr16-67600000-67700000	-0.029538	0.691168	0.012179	0.10275
chr16-72400000-72500000	-0.162127	0.042906	0.014694	0.0452855
chr16-67900000-68000000	0.266501	0.589048	-0.136948	0.28811
chr16-6800000-6900000	0.145	-0.749923	0.032718	0.0436846
chr16-70400000-70500000	-0.154613	0.889013	-0.201668	0.23398
chr16-68000000-68100000	0.163752	0.599743	-0.47765	0.199075
chr16-68400000-68500000	0.175902	0.388729	-0.218125	0.0933643
chr16-68500000-68600000	0.035525	0.454278	-0.483898	0.112151
chr16-68600000-68700000	0.244323	0.551312	-0.187233	0.0618741
chr16-68900000-69000000	0.05365	0.418355	-0.502788	0.0682304
chr16-6900000-7000000	0.363795	-0.478618	0.199097	0.0415705
chr16-69200000-69300000	0.284847	0.509433	-0.306603	0.132056
chr16-69300000-69400000	0.023718	0.758115	-0.364951	0.217143
chr16-69600000-69700000	0.116098	0.286378	-0.581234	0.119621
chr16-70100000-70200000	-0.1887	0.583484	-0.634186	0.12038
chr16-70300000-70400000	0.100248	0.778292	-0.431765	0.146026
chr16-70500000-70600000	-0.026428	0.5779	-0.178491	0.162288
chr16-78500000-78600000	-0.423396	-0.200248	0.196453	0.0455327
chr16-70700000-70800000	-0.185096	0.545792	-0.443098	0.331679
chr16-9600000-9700000	0.154646	-0.783513	-0.16594	0.04255
chr16-70900000-71000000	-0.309512	0.001232	-0.434055	0.0688511
chr16-71200000-71300000	-0.330591	0.135283	-0.052197	0.0435574
chr16-88300000-88400000	0.115972	0.666584	0.512684	0.262125
chr16-71400000-71500000	-0.355225	0.269322	0.087968	0.108394
chr16-71500000-71600000	-0.07422	0.194904	-0.115576	0.0950298
chr16-71800000-71900000	0.070153	0.355382	-0.132043	0.159717
chr16-88800000-88900000	0.442829	0.517282	0.492101	0.322107
chr16-71900000-72000000	-0.171339	0.377986	-0.380304	0.137167
chr16-72100000-72200000	-0.149917	0.097986	-0.405263	0.121093
chr16-85500000-85600000	0.069824	0.80775	0.004086	0.169823
chr16-72200000-72300000	-0.319138	-0.094212	-0.117182	0.0524216
chr16-72900000-73000000	-0.155516	0.439573	-0.352854	0.118851
chr16-73000000-73100000	-0.105759	0.449353	-0.005032	0.181673
chr16-73200000-73300000	-0.120532	0.191646	-0.094403	0.0731609
chr16-73300000-73400000	-0.502228	0.141764	-0.036814	0.0481089
chr16-73900000-74000000	-0.126786	-0.001025	-0.26871	0.0448113
chr16-74400000-74500000	-0.267865	0.370906	-0.607171	0.12093
chr16-74500000-74600000	-0.159749	0.498791	-0.302967	0.0863143
chr16-74700000-74800000	-0.055638	0.35283	-0.341065	0.132919
chr16-74900000-75000000	-0.085782	0.314578	-0.425674	0.0739085
chr16-7500000-7600000	0.195169	-0.566442	0.328188	0.0417156
chr16-75000000-75100000	0.098719	0.394776	-0.123632	0.131704
chr16-75100000-75200000	-0.114081	0.533387	0.104941	0.190618
chr16-75200000-75300000	-0.418796	0.583234	-0.140105	0.323347
chr16-79200000-79300000	-0.492693	0.116185	0.32795	0.0448044
chr16-80300000-80400000	-0.041891	0.182973	0.081887	0.0747563
chr16-76700000-76800000	-0.324144	0.031471	-0.346458	0.0408256
chr16-76900000-77000000	-0.162197	0.0769	-0.100915	0.0445553
chr16-7700000-7800000	0.049622	-0.51645	-0.354218	0.0410401
chr16-77100000-77200000	-0.149675	0.023356	0.055749	0.0413045
chr16-77700000-77800000	-0.486541	0.29778	0.018851	0.0864637
chr16-77900000-78000000	-0.462533	0.337651	0.028944	0.0689153
chr16-78000000-78100000	-0.344031	0.020664	0.232948	0.0568464
chr16-78300000-78400000	-0.545626	-0.047857	0.24132	0.0593473
chr16-78400000-78500000	-0.203627	0.088923	0.308974	0.0467687
chr16-78900000-79000000	-0.287833	-0.225528	0.139763	0.0452886
chr16-7900000-8000000	0.276523	-0.634986	-0.203526	0.0402177
chr16-79000000-79100000	-0.151692	0.012466	0.402563	0.044552
chr16-79400000-79500000	-0.335202	0.020079	0.31034	0.0442449
chr16-79900000-80000000	-0.023784	0.241586	0.263371	0.0468598
chr16-800000-900000	1.10779	0.084166	0.158931	0.126754
chr16-80100000-80200000	-0.082307	0.205007	0.29696	0.05703
chr16-80500000-80600000	-0.066048	0.04192	0.081168	0.0822993
chr16-80600000-80700000	-0.217039	0.333523	0.298869	0.0883565
chr16-80900000-81000000	-0.195022	-0.003436	0.345792	0.0992165
chr16-8100000-8200000	0.330968	-0.688522	-0.13038	0.0432837
chr16-81000000-81100000	0.03971	0.265612	0.218398	0.120006
chr16-81500000-81600000	-0.11695	0.333294	0.086321	0.158153
chr16-81700000-81800000	-0.167849	0.280099	0.423602	0.134189
chr16-81900000-82000000	-0.103496	-0.023473	0.324673	0.0614706
chr16-82300000-82400000	-0.338008	-0.169135	0.209292	0.0427834
chr16-82500000-82600000	-0.091354	0.123722	-0.023382	0.0431874
chr16-82700000-82800000	-0.207495	0.334709	0.079044	0.0752985
chr16-83500000-83600000	0.053735	0.171096	0.074026	0.0836711
chr16-83900000-84000000	-0.065962	0.498601	0.254139	0.135728
chr16-84100000-84200000	0.023455	0.388271	-0.126062	0.145796
chr16-84300000-84400000	-0.183116	0.413811	0.414488	0.16058
chr16-84500000-84600000	0.001651	0.620618	0.090271	0.199741
chr16-84600000-84700000	0.270902	0.545316	-0.059291	0.200602
chr16-84700000-84800000	0.03131	0.57215	0.198071	0.14329
chr16-84900000-85000000	0.23071	0.621697	0.213257	0.0989721
chr16-85600000-85700000	0.37053	0.688409	-0.015803	0.201557
chr16-85800000-85900000	-0.079221	0.429923	0.435954	0.179393
chr16-85900000-86000000	0.202171	0.242562	0.409588	0.0542204
chr16-86000000-86100000	0.237494	0.337147	0.096914	0.0623199
chr16-86200000-86300000	0.258053	0.48883	0.219265	0.164624
chr16-86500000-86600000	0.026474	0.275247	0.399684	0.268372
chr16-86600000-86700000	0.252298	0.398038	0.09026	0.213613
chr16-86900000-87000000	0.323516	0.488629	0.197521	0.141109
chr16-87000000-87100000	0.228731	0.302372	0.437564	0.0883184
chr16-8800000-8900000	0.33264	-0.727593	-0.198225	0.115479
chr16-87100000-87200000	0.307668	0.439881	0.093278	0.0636172
chr16-9200000-9300000	0.533634	-0.337787	0.077861	0.0918482
chr16-87200000-87300000	0.223786	0.294019	0.358332	0.087714
chr16-87300000-87400000	-0.002325	0.493643	0.566658	0.142931
chr16-87700000-87800000	0.404917	0.400357	0.327625	0.12104
chr16-88500000-88600000	0.395832	0.472902	0.383396	0.157926
chr16-8900000-9000000	0.393908	-0.393175	-0.359627	0.212389
chr16-89300000-89400000	0.21351	0.376295	0.481453	0.344566
chr16-89700000-89800000	0.441777	0.78987	0.173531	0.275279
chr16-900000-1000000	0.865411	0.072801	-0.06131	0.112647
chr16-9100000-9200000	0.706295	-0.226518	-0.236819	0.165643
chr16-9400000-9500000	0.437123	-0.337276	0.275893	0.0448273
chr16-9800000-9900000	0.171863	-0.470764	0.081511	0.0433596
chr16-9700000-9800000	0.335134	-0.465196	-0.273174	0.0442838
