chr17-10400000-10500000	0.315339	0.262699	-0.697649	1.10764
chr17-50800000-50900000	-0.244311	-0.015193	-0.64977	1.09258
chr17-45100000-45200000	-0.265692	-0.21174	0.508154	3.45411
chr17-14400000-14500000	0.358006	-0.081815	-0.529732	1.22642
chr17-10200000-10300000	0.086864	-0.029372	-0.501705	1.29816
chr17-67800000-67900000	-0.088866	-0.23342	-0.140541	1.83829
chr17-52600000-52700000	-0.240507	-0.047511	-0.584716	1.10777
chr17-43300000-43400000	-0.104946	-0.19166	0.361861	4.26344
chr17-3800000-3900000	0.408166	0.207832	0.014954	2.70168
chr17-36700000-36800000	-0.028393	0.361323	0.205976	1.45056
chr17-63800000-63900000	-0.001529	-0.404717	-0.20014	1.59088
chr17-12800000-12900000	0.202834	0.34818	-0.448625	2.28494
chr17-76600000-76700000	-0.15723	-0.113837	0.027269	2.15747
chr17-56800000-56900000	-0.116474	-0.398031	-0.29861	1.37185
chr17-3400000-3500000	0.291977	0.35561	-0.395373	2.74156
chr17-25500000-25600000	-0.288711	0.325916	-0.555355	1.92997
chr17-12600000-12700000	0.383497	0.023778	-0.457372	2.03774
chr17-70100000-70200000	-0.189348	-0.236198	-0.117432	3.63282
chr17-47300000-47400000	-0.281868	0.093625	0.176419	2.9854
chr17-72400000-72500000	-0.036952	-0.178342	-0.48644	1.35078
chr17-52800000-52900000	-0.266499	-0.046911	-0.701005	1.10593
chr17-76300000-76400000	0.084591	-0.386515	0.243626	7.55534
chr17-38500000-38600000	-0.122685	0.288412	0.22459	5.35539
chr17-10000000-10100000	0.167421	0.342264	-0.439323	3.55836
chr17-65600000-65700000	-0.209228	-0.28166	-0.102605	1.81772
chr17-70700000-70800000	0.079346	-0.41423	-0.412458	1.96238
chr17-8400000-8500000	0.250247	0.413678	-0.464494	2.1081
chr17-58600000-58700000	0.328448	-0.252759	0.087638	3.7358
chr17-38600000-38700000	-0.159738	0.030933	0.159219	7.97613
chr17-16600000-16700000	0.756783	0.435179	-0.368397	1
chr17-0-100000	0.246311	0.276983	0.066926	1.7763
chr17-36400000-36500000	-0.198466	0.548034	0.003992	1.74081
chr17-18400000-18500000	0.025069	0.903341	0.071638	1
chr17-46500000-46600000	-0.216651	0.064759	0.252526	3.89064
chr17-64800000-64900000	-0.18661	-0.175053	-0.208056	1.39578
chr17-11700000-11800000	0.031412	0.162604	-0.558745	1.25407
chr17-42200000-42300000	-0.124286	0.060033	0.255068	7.35225
chr17-37300000-37400000	0.093779	0.341558	0.207197	4.38282
chr17-26500000-26600000	-0.394405	0.35503	-0.24071	1.75758
chr17-20500000-20600000	-0.14759	0.695624	-0.489038	1.25101
chr17-71400000-71500000	-0.368718	-0.330352	-0.513237	1.31358
chr17-100000-200000	0.379486	0.319343	-0.122253	1.6601
chr17-47800000-47900000	0.278611	-0.021477	0.068908	2.67581
chr17-2400000-2500000	0.541762	0.461307	0.103914	4.0012
chr17-14300000-14400000	0.333524	0.188341	-0.538716	1.51844
chr17-5400000-5500000	0.069522	0.470896	-0.382832	5.27196
chr17-10500000-10600000	0.089329	0.310414	-0.5128	1.71108
chr17-56300000-56400000	-0.121469	-0.07998	-0.244845	1.46424
chr17-16700000-16800000	0.756265	0.433058	-0.365437	1.15182
chr17-10300000-10400000	0.259584	0.000907	-0.721848	1.13653
chr17-45300000-45400000	0.089485	-0.001175	0.236725	3.99445
chr17-69300000-69400000	-0.268689	-0.325306	-0.169398	1.40439
chr17-10100000-10200000	0.282463	0.135241	-0.605214	1.87431
chr17-12700000-12800000	0.094329	0.096556	-0.507778	1.33966
chr17-12100000-12200000	0.50022	-0.070722	-0.475702	1.65251
chr17-6800000-6900000	0.033371	0.45399	-0.467182	1.68064
chr17-18700000-18800000	0.005654	0.756664	-0.025623	3.3431
chr17-10700000-10800000	-0.101051	0.136419	-0.680861	1.24663
chr17-16300000-16400000	0.378315	0.205815	-0.082038	5.80634
chr17-61700000-61800000	0.389591	-0.441186	-0.029514	3.19557
chr17-14500000-14600000	0.42121	0.199725	-0.544083	1.20984
chr17-54300000-54400000	-0.055717	-0.289062	-0.415326	1.59112
chr17-14100000-14200000	0.431581	0.036642	-0.331934	1.68045
chr17-6600000-6700000	-0.009056	0.337351	-0.375874	1.98221
chr17-41700000-41800000	0.256248	0.038494	0.223381	3.46953
chr17-27200000-27300000	0.135877	0.055897	0.016529	5.65326
chr17-1400000-1500000	0.501167	0.144364	0.177298	4.49615
chr17-67100000-67200000	-0.304457	-0.318982	-0.280658	1.34794
chr17-25400000-25500000	-0.191474	0.13354	-0.775457	1.31918
chr17-25300000-25400000	-0.434051	0.159952	-0.689825	1.28677
chr17-1000000-1100000	0.424658	0.109235	0.202903	4.45401
chr17-5600000-5700000	0.220324	0.34388	-0.51855	2.00441
chr17-36500000-36600000	-0.02308	0.39332	0.075512	5.06737
chr17-16800000-16900000	0.52615	0.342067	-0.336096	2.42306
chr17-65200000-65300000	0.170981	-0.444237	-0.109414	3.23517
chr17-49000000-49100000	0.007826	-0.011082	-0.175534	5.39832
chr17-14200000-14300000	0.451184	0.345716	-0.342866	3.19915
chr17-34800000-34900000	-0.235671	0.321192	-0.324035	4.59794
chr17-63000000-63100000	-0.055156	-0.467733	0.075377	3.65776
chr17-12000000-12100000	0.404205	0.206688	-0.549828	1.49737
chr17-70000000-70100000	-0.348249	-0.208103	-0.379572	1.84135
chr17-58200000-58300000	0.641843	-0.413425	-0.182105	2.86735
chr17-50200000-50300000	-0.177144	0.066933	-0.632255	1.11514
chr17-36300000-36400000	-0.251839	0.799008	0.103825	1.31505
chr17-63700000-63800000	0.226109	-0.349944	-0.331466	1.46621
chr17-41800000-41900000	0.112158	0.254938	0.167631	4.02642
chr17-1200000-1300000	0.525225	0.191567	0.15537	2.18341
chr17-72600000-72700000	-0.047708	-0.133429	-0.430556	1.23678
chr17-38400000-38500000	-0.062729	0.015677	0.243672	5.61527
chr17-27800000-27900000	-0.078072	0.42681	0.028095	4.0783
chr17-10800000-10900000	0.132261	0.331246	-0.731173	1.16867
chr17-69200000-69300000	-0.027052	-0.462994	-0.132968	1.35777
chr17-72000000-72100000	-0.030411	-0.14159	-0.48787	1.21165
chr17-78600000-78700000	0.19558	-0.283417	0.269089	4.28044
chr17-45400000-45500000	0.104286	-0.248866	0.386851	3.01598
chr17-18600000-18700000	0.00238	0.758233	-0.025028	1.40758
chr17-10600000-10700000	0.184894	0.104203	-0.653808	3.26599
chr17-78000000-78100000	0.281754	-0.147844	-0.009561	3.76833
chr17-10900000-11000000	0.13338	0.043836	-0.711133	1.12728
chr17-11000000-11100000	-0.090396	0.209532	-0.736793	1.17508
chr17-66800000-66900000	-0.092986	-0.427351	-0.351907	1.60011
chr17-33100000-33200000	-0.117768	0.217022	-0.602422	1.26897
chr17-1100000-1200000	0.305272	0.363483	0.142689	2.67291
chr17-66000000-66100000	-0.279164	-0.531311	0.004417	2.91358
chr17-39400000-39500000	-0.247279	0.359052	0.153786	2.47169
chr17-3500000-3600000	0.120627	0.480714	-0.220478	5.29064
chr17-28400000-28500000	-0.255014	0.207625	0.150635	2.75716
chr17-11200000-11300000	0.208752	-0.02723	-0.663551	1.18865
chr17-62500000-62600000	0.32593	-0.274797	0.048831	3.99768
chr17-11300000-11400000	0.134917	0.220939	-0.564957	1.11749
chr17-15000000-15100000	0.347571	0.252101	-0.429023	1.35106
chr17-6100000-6200000	0.210015	0.070255	-0.578643	1.22859
chr17-75600000-75700000	-0.267481	-0.254354	0.003622	1.39869
chr17-48200000-48300000	0.212731	-0.046723	0.168812	10.8077
chr17-11100000-11200000	0.151852	0.233516	-0.592502	1.16318
chr17-62400000-62500000	0.443087	-0.394859	-0.165722	2.70509
chr17-79400000-79500000	0.417342	-0.216416	0.244537	5.96512
chr17-35600000-35700000	-0.219919	0.443902	-0.245577	1.84181
chr17-20000000-20100000	0.081192	0.471261	-0.294377	3.86517
chr17-15300000-15400000	0.476947	0.050762	-0.447598	2.63112
chr17-11400000-11500000	0.202645	-0.009891	-0.689505	1.1461
chr17-55400000-55500000	-0.2944	-0.034755	-0.259324	2.21238
chr17-48500000-48600000	0.007467	-0.031646	0.061423	3.99456
chr17-46600000-46700000	0.02814	0.094897	0.137673	12.1657
chr17-20400000-20500000	0.072873	0.826157	-0.563397	1.16216
chr17-15500000-15600000	0.704147	-0.014247	-0.536818	4.29937
chr17-9300000-9400000	0.415111	0.244627	-0.674971	1.80164
chr17-51500000-51600000	-0.189798	-0.249785	-0.642941	1.12664
chr17-31600000-31700000	-0.266424	0.136038	-0.348031	1.55931
chr17-15100000-15200000	0.528378	0.011102	-0.373295	3.71661
chr17-79200000-79300000	0.253608	-0.07065	0.103475	5.44092
chr17-42100000-42200000	0	0	0	6.2217
chr17-39600000-39700000	-0.007893	0.120854	0.352141	4.06848
chr17-31400000-31500000	-0.310785	0.06273	-0.402947	1.27337
chr17-1500000-1600000	0.498342	0.000179	-0.065233	4.98557
chr17-11500000-11600000	0.057679	0.201159	-0.593013	1.14195
chr17-8100000-8200000	0.409426	0.40444	-0.145886	5.94669
chr17-19700000-19800000	0.355127	0.517211	-0.253853	3.09032
chr17-15600000-15700000	0.805456	0.07579	-0.309631	1.58092
chr17-75400000-75500000	0.303537	-0.265088	0.060663	7.42844
chr17-5500000-5600000	-0.016377	0.192548	-0.461955	1.15318
chr17-15400000-15500000	0.705455	-0.011907	-0.534299	2.95028
chr17-55500000-55600000	-0.008618	-0.069361	-0.271896	3.52842
chr17-1300000-1400000	0.286845	0.343085	0.145924	7.05874
chr17-15200000-15300000	0.282005	0.028131	-0.236576	1.74336
chr17-51100000-51200000	-0.408335	-0.047358	-0.412566	1.11672
chr17-59700000-59800000	0.308015	-0.401874	-0.239281	1.39239
chr17-4100000-4200000	0.29698	0.217799	-0.035663	3.35208
chr17-26400000-26500000	-0.259805	0.123505	-0.257676	1.70104
chr17-80100000-80200000	0.34774	-0.398791	0.517719	7.99473
chr17-11600000-11700000	0.191464	-0.03544	-0.67028	1.18184
chr17-35000000-35100000	-0.150428	0.154856	-0.216345	1.52988
chr17-26800000-26900000	-0.086595	0.40267	-0.171853	3.25858
chr17-77100000-77200000	-0.384701	-0.113996	-0.254073	1.34157
chr17-11800000-11900000	0.305373	0.063321	-0.598957	1.53155
chr17-11900000-12000000	0.158415	0.273943	-0.425757	3.79914
chr17-43200000-43300000	-0.364697	-0.101203	0.482921	10.7109
chr17-25600000-25700000	-0.04077	0.203534	-0.510877	4.69686
chr17-12200000-12300000	0.493644	0.225657	-0.394311	1.87678
chr17-72700000-72800000	-0.262579	-0.282467	-0.282265	3.43718
chr17-7400000-7500000	0.287189	0.473036	-0.159411	8.84155
chr17-54100000-54200000	-0.114397	-0.102107	-0.50409	1.39714
chr17-1800000-1900000	0.222462	0.229307	-0.030232	1.83076
chr17-12300000-12400000	0.280615	0.125259	-0.296676	2.00814
chr17-9400000-9500000	0.144265	0.173897	-0.738445	2.20091
chr17-58400000-58500000	0.210862	-0.222743	-0.069417	3.99502
chr17-34100000-34200000	-0.185526	0.26586	-0.313654	2.50359
chr17-27700000-27800000	-0.294726	0.278263	0.045492	3.24211
chr17-12400000-12500000	0.30438	0.392014	-0.40218	2.03837
chr17-14800000-14900000	0.488119	0.189255	-0.472256	1.2576
chr17-74700000-74800000	-0.198875	-0.177112	0.246034	5.89268
chr17-76700000-76800000	-0.091975	-0.389999	0.009128	4.0253
chr17-8200000-8300000	0.24175	0.204077	-0.266106	3.70767
chr17-52000000-52100000	-0.204736	-0.238213	-0.475865	1.11172
chr17-38200000-38300000	-0.045371	0.105436	0.303467	7.82206
chr17-34200000-34300000	-0.439504	0.128316	-0.317536	1.65502
chr17-23700000-23800000	-0.307582	0.285329	-0.932341	0
chr17-14000000-14100000	0.504741	0.03539	-0.610128	1.45129
chr17-9200000-9300000	0.338054	0.321917	-0.424849	1.92985
chr17-58700000-58800000	0.254955	-0.483713	-0.069602	2.44054
chr17-12500000-12600000	0.222108	0.159576	-0.275096	2.4938
chr17-33900000-34000000	-0.119681	0.205072	-0.258052	3.97807
chr17-12900000-13000000	0.293941	0.06116	-0.424984	3.4962
chr17-20600000-20700000	-0.27598	0.502479	-0.701958	1.24306
chr17-13500000-13600000	0.470759	0.166619	-0.478577	3.29578
chr17-6700000-6800000	0.208272	0.241182	-0.534558	1.21301
chr17-13000000-13100000	0.169808	0.096745	-0.686342	1.85389
chr17-73200000-73300000	0.094426	-0.360358	0.071189	6.2617
chr17-57500000-57600000	0.216946	-0.225128	-0.291178	2.20515
chr17-33400000-33500000	-0.139042	0.209075	-0.39823	4.23717
chr17-13100000-13200000	0.361143	-0.037473	-0.536265	1.15607
chr17-48400000-48500000	-0.269437	-0.046014	0.152256	6.12765
chr17-13200000-13300000	0.420568	-0.024949	-0.240235	2.75124
chr17-60600000-60700000	0.15987	-0.593881	-0.116899	3.32546
chr17-13400000-13500000	0.267993	0.273617	-0.278509	2.99036
chr17-13300000-13400000	0.49495	0.21416	-0.378985	1.7966
chr17-20300000-20400000	0.075131	0.823914	-0.56524	1
chr17-13600000-13700000	0.407738	-0.096652	-0.497829	1.75397
chr17-62200000-62300000	0.090588	-0.166065	0.093736	4.29515
chr17-53200000-53300000	-0.260756	-0.310266	-0.453022	1.4132
chr17-75700000-75800000	-0.023475	-0.207842	-0.107953	1.38519
chr17-13700000-13800000	0.334023	0.062115	-0.273895	1.39608
chr17-60700000-60800000	0.325674	-0.384537	-0.154215	7.04273
chr17-2700000-2800000	0.483458	0.302032	-0.180328	3.22225
chr17-20200000-20300000	0.072187	0.823629	-0.567427	4.26757
chr17-13800000-13900000	0.398644	-0.027723	-0.524147	1.40891
chr17-13900000-14000000	0.416401	0.252956	-0.47295	2.70104
chr17-38100000-38200000	-0.131871	0.16869	0.045899	4.6733
chr17-14600000-14700000	0.190515	0.115414	-0.38297	1.70021
chr17-74000000-74100000	0.207646	-0.200138	0.183194	4.55235
chr17-52100000-52200000	-0.062323	-0.009584	-0.575236	1.14216
chr17-14700000-14800000	0.257396	0.342479	-0.560591	1.84507
chr17-14900000-15000000	0.285402	-0.026483	-0.42772	1.19837
chr17-51600000-51700000	-0.385543	-0.030734	-0.565813	1.05913
chr17-5100000-5200000	0.156989	0.433832	-0.120722	2.28444
chr17-59400000-59500000	0.212679	-0.410754	0.053953	8.69517
chr17-59600000-59700000	0.065023	-0.334772	-0.06403	1.39585
chr17-60500000-60600000	0.278027	-0.81941	-0.26907	1.85352
chr17-15700000-15800000	0.802657	0.078172	-0.309772	1.46235
chr17-55800000-55900000	-0.101704	-0.101781	-0.383452	1.40755
chr17-15800000-15900000	0.610339	0.113046	-0.22126	2.53031
chr17-2100000-2200000	0.302613	0.274157	0.054225	3.63759
chr17-7100000-7200000	0.36498	0.353564	-0.149474	8.03722
chr17-55900000-56000000	0.117972	-0.288292	-0.468332	9.25329
chr17-15900000-16000000	0.363349	0.278515	-0.218461	3.25888
chr17-54800000-54900000	0.022371	-0.394228	-0.336717	3.36557
chr17-30000000-30100000	-0.057145	0.113982	0.087711	4.53242
chr17-27400000-27500000	-0.17811	0.152818	0.001662	6.83638
chr17-1600000-1700000	0.363406	0.15846	0.114813	6.31077
chr17-56400000-56500000	-0.066963	-0.308212	-0.428942	4.22574
chr17-32700000-32800000	-0.016989	0.062149	-0.472612	1.22994
chr17-16000000-16100000	0.580226	0.109756	-0.168905	2.13751
chr17-67700000-67800000	-0.214858	-0.472449	-0.083847	2.11709
chr17-16100000-16200000	0.39675	0.312976	-0.089874	5.23769
chr17-21500000-21600000	0.054249	0.414511	-0.822612	1.17792
chr17-16200000-16300000	0.62485	0.258429	-0.236475	2.80721
chr17-70400000-70500000	-0.138624	-0.216281	-0.093003	3.29532
chr17-16400000-16500000	0.258856	0.34928	-0.295854	4.21259
chr17-52300000-52400000	-0.085739	-0.110357	-0.781173	1.13938
chr17-16500000-16600000	0.530009	0.345394	-0.359616	3.92448
chr17-47500000-47600000	-0.019178	-0.008119	0.108324	2.22238
chr17-21800000-21900000	0.250695	0.125085	-1.06264	1.11703
chr17-16900000-17000000	0.463057	0.135165	-0.117215	4.47124
chr17-31000000-31100000	-0.371244	0.08501	-0.505593	1.59498
chr17-1700000-1800000	0.197465	0.347971	0.216765	2.70892
chr17-7700000-7800000	0.239455	0.173492	-0.083778	7.4548
chr17-17000000-17100000	0.289263	0.32986	-0.150006	6.29674
chr17-75100000-75200000	-0.099995	-0.188633	0.064572	4.39587
chr17-57400000-57500000	-0.013705	-0.251643	-0.114248	2.92902
chr17-31700000-31800000	-0.113845	0.180329	-0.583057	1.31632
chr17-17100000-17200000	0.282902	0.051186	-0.202553	5.08745
chr17-79100000-79200000	0.014888	-0.201242	0.201078	3.02682
chr17-80700000-80800000	0.395185	-0.017012	0.203545	3.78977
chr17-46000000-46100000	-0.029378	0.173072	0.051306	4.49575
chr17-17200000-17300000	0.254483	0.348952	-0.113346	2.2993
chr17-40700000-40800000	0.162468	0.081834	0.472536	8.02108
chr17-31500000-31600000	-0.080574	0.074875	-0.562765	1.63876
chr17-800000-900000	0.33761	0.184591	0.126483	3.68195
chr17-28700000-28800000	-0.341985	0.044183	0.199701	2.44264
chr17-17300000-17400000	0.43344	0.182718	-0.213691	3.9756
chr17-17400000-17500000	0.447716	0.120415	0.050362	3.39012
chr17-39100000-39200000	-0.322971	0.313422	0.097012	2.12092
chr17-35100000-35200000	-0.434054	0.142147	-0.249813	1.27024
chr17-17500000-17600000	0.47222	0.085436	-0.224522	6.36032
chr17-44700000-44800000	0.188174	0.053295	0.742617	1.96097
chr17-39700000-39800000	-0.117318	0.372733	0.23477	3.75505
chr17-17600000-17700000	0.308894	0.31903	-0.165517	9.07067
chr17-700000-800000	0.482843	0.383336	0.193472	3.25441
chr17-48000000-48100000	0.25676	0.042966	0.211384	1.57183
chr17-66700000-66800000	-0.310269	-0.341526	-0.179278	1.89409
chr17-40000000-40100000	0.300577	0.027789	0.322028	5.5984
chr17-17700000-17800000	0.367911	0.038185	-0.083324	6.79561
chr17-17800000-17900000	0.35285	0.282065	0.034304	4.83795
chr17-17900000-18000000	0.424105	0.048857	-0.079834	4.52462
chr17-36200000-36300000	-0.246635	0.584419	-0.09958	2.21269
chr17-8800000-8900000	0.250247	0.21715	-0.353159	1.88579
chr17-18000000-18100000	0.250663	0.188894	0.09426	4.56124
chr17-50500000-50600000	-0.303286	-0.097196	-0.495273	1.06937
chr17-18100000-18200000	0.086101	0.382521	-0.036644	7.06276
chr17-27100000-27200000	-0.032824	0.274394	-0.034383	3.90099
chr17-69800000-69900000	-0.344668	-0.236012	-0.251538	1.50677
chr17-50000000-50100000	-0.145686	0.025147	-0.760677	1.14346
chr17-18200000-18300000	0.112624	0.638365	0.049995	3.87004
chr17-76000000-76100000	-0.072556	-0.275539	0.123026	3.30116
chr17-29100000-29200000	-0.687473	0.133781	0.060778	3.082
chr17-76500000-76600000	0.093584	-0.207237	-0.008223	1.8282
chr17-81000000-81100000	0.349073	-0.266796	0.261147	6.07313
chr17-5800000-5900000	0.011833	0.273511	-0.599572	1.18335
chr17-18300000-18400000	0.028717	0.903457	0.072093	1.68622
chr17-61300000-61400000	0.495371	-0.432399	-0.047621	2.18333
chr17-25700000-25800000	-0.237607	0.340612	-0.31119	2.6667
chr17-18500000-18600000	0.021518	0.904301	0.071614	1.37004
chr17-54400000-54500000	-0.132568	-0.172933	-0.672693	1.44579
chr17-52200000-52300000	0.12597	-0.225455	-0.624006	1.10761
chr17-50400000-50500000	-0.164451	-0.19118	-0.721569	1.11662
chr17-72500000-72600000	-0.305552	-0.055675	-0.470544	1.41524
chr17-18800000-18900000	0.19861	0.557684	-0.007065	4.7106
chr17-78100000-78200000	0.206661	-0.356917	0.154925	4.6601
chr17-18900000-19000000	0.296383	0.775539	-0.013576	5.58197
chr17-1900000-2000000	0.446353	0.137702	0.140564	8.94157
chr17-33300000-33400000	-0.397286	0.302199	-0.337598	3.36352
chr17-19100000-19200000	0.422697	0.504131	-0.108442	4.17289
chr17-68000000-68100000	-0.276649	-0.371088	-0.249797	1.35801
chr17-71200000-71300000	-0.319689	-0.323267	-0.239114	3.71031
chr17-200000-300000	0.561612	0.221566	0.073388	3.45636
chr17-68100000-68200000	-0.040217	-0.424889	-0.414861	2.10057
chr17-80600000-80700000	0.229651	-0.198204	0.321817	4.51902
chr17-55100000-55200000	-0.054136	-0.155518	-0.280845	2.75467
chr17-19200000-19300000	0.207747	0.343448	-0.147424	7.04343
chr17-68800000-68900000	-0.140688	-0.427306	-0.526734	1.72491
chr17-55000000-55100000	0.193909	-0.283998	-0.371309	2.41302
chr17-7500000-7600000	0.082348	0.36277	-0.00299	4.37446
chr17-19300000-19400000	0.083709	0.604646	-0.189705	2.36771
chr17-55700000-55800000	0.079886	-0.313511	-0.496001	3.26874
chr17-35800000-35900000	0.002826	0.282608	-0.080187	3.72879
chr17-19400000-19500000	0.2832	0.438589	-0.316796	1.70273
chr17-31800000-31900000	0.02909	-0.055788	-0.588876	1.22286
chr17-40200000-40300000	-0.203234	0.234896	0.283207	4.4083
chr17-3300000-3400000	0.292224	0.303203	-0.653898	1.10783
chr17-19500000-19600000	0.171902	0.177017	-0.290411	2.73385
chr17-44100000-44200000	-0.115049	-0.082043	0.378172	2.89867
chr17-19600000-19700000	0.052402	0.432821	-0.254175	2.4466
chr17-19800000-19900000	0.402666	0.342353	-0.485319	3.31547
chr17-47400000-47500000	-0.279306	-0.175255	0.132574	3.50215
chr17-19900000-20000000	0.345368	0.440161	-0.214567	1.92299
chr17-2000000-2100000	0.517049	0.213894	-0.100027	4.85681
chr17-59000000-59100000	0.346159	-0.37106	-0.330717	1.69988
chr17-73500000-73600000	-0.013253	-0.39879	0.083236	3.2884
chr17-20100000-20200000	0.051889	0.67998	-0.487	2.73704
chr17-20700000-20800000	-0.150513	0.715052	-0.567587	1.19094
chr17-77800000-77900000	-0.19201	-0.474409	0.025092	3.70222
chr17-79700000-79800000	0.403364	-0.306264	0.619892	5.47503
chr17-55600000-55700000	0.244328	-0.119641	-0.377511	3.10341
chr17-20800000-20900000	-0.070125	0.440044	-0.567065	3.19692
chr17-62100000-62200000	0.288535	-0.194405	-0.099964	2.56907
chr17-40600000-40700000	-0.050208	0.175041	0.290437	6.63131
chr17-79000000-79100000	0.245685	-0.035607	0.255964	5.57878
chr17-20900000-21000000	0.078832	0.344129	-0.344982	4.04384
chr17-56500000-56600000	0.200603	-0.235492	-0.357457	3.97705
chr17-21000000-21100000	-0.174916	0.461276	-0.294108	2.78226
chr17-27500000-27600000	-0.208955	0.431295	-0.015115	4.36027
chr17-34300000-34400000	-0.219666	0.285582	-0.401477	1.64314
chr17-21100000-21200000	0.075406	0.411036	-0.329501	5.83458
chr17-63300000-63400000	0.139322	-0.185524	-0.26549	1.73733
chr17-76100000-76200000	-0.280869	-0.096954	0.002341	3.07747
chr17-49100000-49200000	0.284158	-0.077319	-0.128877	2.84369
chr17-41000000-41100000	0.013313	0.377181	0.493551	1.72504
chr17-21200000-21300000	0.042498	0.113579	-0.35841	3.94685
chr17-61100000-61200000	0.259787	-0.612992	-0.099339	1.92796
chr17-21300000-21400000	-0.002643	0.321661	-0.561684	3.51544
chr17-21400000-21500000	0.053703	0.413999	-0.826214	2.44845
chr17-30200000-30300000	-0.294657	0.3968	-0.278547	2.44821
chr17-29200000-29300000	-0.462251	0.281146	-0.070588	3.8097
chr17-61200000-61300000	0.249136	-0.399939	0.046943	1.88668
chr17-3000000-3100000	0.05149	0.378235	-0.659927	1.19247
chr17-21600000-21700000	-0.102682	0.264694	-0.999733	1.05837
chr17-76200000-76300000	-0.150356	-0.328323	0.087404	2.78748
chr17-29700000-29800000	-0.302535	0.005564	0.025874	1.82204
chr17-21700000-21800000	0.131805	0.214781	-0.840944	1.18038
chr17-21900000-22000000	0.254874	-0.025427	-0.795131	1.17826
chr17-2200000-2300000	0.520777	0.198896	-0.105175	6.63041
chr17-69000000-69100000	0.191073	-0.234169	-0.402544	1.42744
chr17-51400000-51500000	0.022021	-0.095937	-0.765326	1.17054
chr17-22000000-22100000	0.172138	0.181312	-0.964618	1.57806
chr17-51000000-51100000	-0.14433	0.037945	-0.522234	1.12274
chr17-3700000-3800000	0.466437	0.14306	-0.276554	4.67697
chr17-35200000-35300000	-0.180145	0.087887	-0.228419	2.22184
chr17-22100000-22200000	-0.078089	0.202348	-0.831376	1.23328
chr17-22200000-22300000	-0.308624	0.284481	-0.928917	1.47987
chr17-2300000-2400000	0.342718	0.314956	0.095644	6.17736
chr17-51700000-51800000	-0.119785	-0.128694	-0.632573	1.18828
chr17-2500000-2600000	0.482987	0.299455	-0.132704	2.77924
chr17-59100000-59200000	0.474412	-0.214579	-0.121616	1.46619
chr17-36100000-36200000	-0.118872	0.36544	-0.124226	2.77183
chr17-72300000-72400000	-0.312677	-0.272507	-0.486491	1.34518
chr17-25200000-25300000	-0.30934	0.282103	-0.932519	2.28562
chr17-74600000-74700000	0.0106	-0.367514	0.220597	5.67763
chr17-47000000-47100000	0.145876	-0.291239	0.374186	6.33656
chr17-3200000-3300000	0.071793	0.403088	-0.569603	1.22168
chr17-25800000-25900000	-0.030703	0.218081	-0.290497	3.69736
chr17-29000000-29100000	-0.685419	0.131388	0.058885	1.9777
chr17-25900000-26000000	-0.234336	0.391989	-0.268291	4.26295
chr17-41200000-41300000	-0.276038	0.173631	0.366873	2.10958
chr17-2600000-2700000	0.225627	0.410566	-0.245224	3.73945
chr17-26000000-26100000	-0.327382	0.321487	-0.523845	1.14884
chr17-71000000-71100000	-0.402307	-0.286072	-0.257808	2.42714
chr17-51800000-51900000	-0.329518	-0.094248	-0.418647	1.12356
chr17-48600000-48700000	0.259159	0.090103	-0.024454	3.54207
chr17-26100000-26200000	-0.251756	0.204907	-0.307905	1.76062
chr17-68400000-68500000	-0.21459	-0.369075	-0.485966	1.22509
chr17-26200000-26300000	0.015134	0.196489	-0.376876	2.16829
chr17-26300000-26400000	-0.209462	0.36466	-0.356227	2.18322
chr17-26600000-26700000	-0.123864	0.434598	-0.255483	5.86547
chr17-53800000-53900000	0.04181	-0.122811	-0.518185	2.57459
chr17-26700000-26800000	-0.249504	0.155021	-0.233558	2.52144
chr17-400000-500000	0.650324	0.181417	0.201261	2.8471
chr17-26900000-27000000	-0.077119	0.179068	-0.004259	3.99312
chr17-47200000-47300000	-0.019331	0.00478	0.204541	3.60363
chr17-43600000-43700000	-0.523081	-0.240037	0.430331	2.46395
chr17-27000000-27100000	0.207793	0.159774	0.069906	8.05594
chr17-27300000-27400000	0.049916	0.334795	-0.033196	1.46459
chr17-65100000-65200000	-0.070532	-0.416984	0.039699	2.35236
chr17-58300000-58400000	0.348715	-0.35122	-0.250831	2.08165
chr17-49300000-49400000	0.163694	-0.233887	-0.598193	3.02461
chr17-27600000-27700000	-0.042195	0.324298	0.184655	3.23153
chr17-69700000-69800000	-0.059814	-0.249813	-0.321607	1.29251
chr17-9800000-9900000	0.166498	0.364993	-0.498262	1.9781
chr17-27900000-28000000	-0.160494	0.143104	-0.02326	5.18939
chr17-54700000-54800000	-0.09564	-0.140993	-0.32281	2.50465
chr17-2800000-2900000	0.37247	0.190064	-0.410714	3.94717
chr17-39000000-39100000	-0.35288	0.046718	0.176347	2.93737
chr17-28000000-28100000	-0.287676	-0.011748	0.16604	2.18076
chr17-42600000-42700000	-0.147725	-0.107269	0.299843	6.55112
chr17-9100000-9200000	0.227916	0.460347	-0.647575	2.54077
chr17-28100000-28200000	-0.371559	0.133029	-0.06857	2.21509
chr17-62800000-62900000	-0.062604	-0.722102	0.206538	1.63401
chr17-28200000-28300000	-0.254124	0.274831	0.121089	3.28008
chr17-68600000-68700000	-0.040199	-0.135635	-0.443431	1.22367
chr17-80000000-80100000	0.339112	-0.152212	0.511771	7.17445
chr17-35700000-35800000	-0.265143	0.301761	0.010756	3.47621
chr17-28300000-28400000	-0.435862	0.216872	-0.082213	1.34182
chr17-37100000-37200000	0.036124	0.275159	0.275143	2.00338
chr17-77500000-77600000	-0.6207	-0.443888	-0.175856	1.24365
chr17-35400000-35500000	-0.194259	0.035749	-0.255748	1.99042
chr17-28500000-28600000	-0.005375	0.305506	0.072243	1.98411
chr17-59500000-59600000	0.330857	-0.269296	-0.175136	2.07052
chr17-53400000-53500000	-0.32452	-0.131813	-0.511106	1.91027
chr17-77200000-77300000	-0.121011	-0.147063	-0.29202	1.267
chr17-4700000-4800000	0.182218	0.435479	-0.09352	4.11188
chr17-28600000-28700000	-0.274587	0.246244	0.013872	2.61303
chr17-51200000-51300000	-0.242185	-0.170879	-0.607957	1.07575
chr17-28800000-28900000	-0.468424	0.125214	-0.037621	2.88687
chr17-7300000-7400000	0.213151	0.203964	-0.060476	7.72361
chr17-28900000-29000000	-0.687102	0.129177	0.061294	3.98224
chr17-2900000-3000000	0.307645	0.260791	-0.656024	4.79795
chr17-29300000-29400000	-0.506578	0.073227	0.101121	2.64162
chr17-29400000-29500000	-0.320826	0.265487	0.034252	2.6575
chr17-56600000-56700000	-0.077286	-0.27799	-0.247664	1.61409
chr17-56200000-56300000	-0.14144	-0.320871	-0.395461	2.55354
chr17-41400000-41500000	-0.158632	-0.062509	0.237321	6.37449
chr17-70300000-70400000	-0.298676	-0.43462	-0.207894	4.21234
chr17-29500000-29600000	-0.123409	0.426091	-0.072932	1.95038
chr17-67300000-67400000	-0.327583	-0.312911	-0.293663	2.66193
chr17-47700000-47800000	0.103015	0.206989	0.148109	3.40442
chr17-29600000-29700000	-0.352498	0.292829	-0.016497	1.86473
chr17-29900000-30000000	-0.117084	0.182737	-0.158353	6.19964
chr17-29800000-29900000	-0.351155	0.272872	0.010086	5.54009
chr17-300000-400000	0.7525	0.271355	0.255615	1.89952
chr17-54200000-54300000	0.142255	-0.21918	-0.586626	2.97052
chr17-30100000-30200000	-0.243992	0.3011	-0.015128	3.04555
chr17-76400000-76500000	-0.131419	-0.336581	0.094443	3.17733
chr17-5200000-5300000	0.084201	0.478871	-0.383548	2.35503
chr17-4600000-4700000	0.307371	0.224624	-0.006324	4.44919
chr17-41500000-41600000	-0.020257	0.193004	0.249635	3.0187
chr17-30300000-30400000	-0.473164	0.609973	-0.250791	3.11315
chr17-74800000-74900000	0.088325	-0.112151	0.144454	2.56146
chr17-54600000-54700000	0.061057	-0.212173	-0.538034	3.5604
chr17-4800000-4900000	0.436404	0.333502	-0.017771	9.54653
chr17-38700000-38800000	-0.031454	0.258393	0.281568	5.68063
chr17-32400000-32500000	-0.068566	0.08412	-0.460249	1.12612
chr17-70600000-70700000	-0.081604	-0.273116	-0.206618	1.99497
chr17-30400000-30500000	-0.580193	0.346658	-0.23561	3.3548
chr17-41100000-41200000	-0.023387	0.110145	0.42822	6.11598
chr17-30500000-30600000	-0.386399	0.197809	-0.175971	1.93016
chr17-4000000-4100000	0.296753	0.488592	-0.054693	4.3845
chr17-32800000-32900000	-0.235465	0.103091	-0.300684	1.24535
chr17-49900000-50000000	-0.342061	-0.038026	-0.559599	1.08846
chr17-45000000-45100000	0.016965	-0.155007	0.429373	3.52108
chr17-32100000-32200000	-0.117952	0.155306	-0.580853	1.18522
chr17-36800000-36900000	-0.007947	0.164634	-0.001496	5.57438
chr17-30600000-30700000	-0.119072	0.294007	-0.229527	3.60926
chr17-30700000-30800000	-0.399821	0.208671	-0.271637	2.76486
chr17-8000000-8100000	0.225042	0.213429	-0.062845	6.91971
chr17-30800000-30900000	-0.120501	0.188673	-0.364057	3.6143
chr17-30900000-31000000	-0.154002	0.093624	-0.648013	1.2736
chr17-3100000-3200000	0.23172	0.481192	-0.719189	1.0929
chr17-9500000-9600000	0.292482	0.04727	-0.512467	1.46118
chr17-57300000-57400000	0.175817	-0.302206	-0.3445	1.52511
chr17-4300000-4400000	0.220064	0.441557	0.120916	1.60366
chr17-31100000-31200000	-0.191396	0.28902	-0.414186	2.14513
chr17-46100000-46200000	0.140252	-0.028573	0.203234	6.80173
chr17-31200000-31300000	-0.045534	0.092121	-0.552114	3.19658
chr17-31300000-31400000	-0.272832	0.287576	-0.580626	1.63339
chr17-31900000-32000000	-0.141505	0.161693	-0.604691	1.21588
chr17-45500000-45600000	0.146683	-0.165526	0.677239	2.00621
chr17-43700000-43800000	-0.417789	-0.217685	0.231448	1.25841
chr17-32000000-32100000	-0.358745	0.217914	-0.440397	1.17587
chr17-36600000-36700000	-0.233635	0.557122	0.139517	8.61234
chr17-34000000-34100000	-0.32364	0.069677	-0.177988	2.0273
chr17-32200000-32300000	-0.348131	0.18792	-0.412165	1.1705
chr17-32300000-32400000	-0.229639	0.205408	-0.666488	1.24679
chr17-34400000-34500000	-0.350518	0.165792	-0.581969	1.428
chr17-32500000-32600000	-0.337481	0.064182	-0.349257	2.77224
chr17-56000000-56100000	0.035417	-0.182238	-0.261839	6.14505
chr17-61500000-61600000	0.428955	-0.175556	0.002433	5.36399
chr17-32600000-32700000	-0.267651	0.168905	-0.582888	1.70064
chr17-32900000-33000000	-0.200963	0.160511	-0.565226	1.26509
chr17-48300000-48400000	-0.014923	-0.08545	0.227052	6.29593
chr17-71700000-71800000	-0.172051	-0.279152	-0.433661	1.2265
chr17-46400000-46500000	0.035074	-0.019707	0.266484	1.28293
chr17-33000000-33100000	-0.120967	-0.029709	-0.759324	1.20621
chr17-6300000-6400000	0.275348	0.412286	-0.377108	2.89159
chr17-33200000-33300000	-0.349653	0.075019	-0.548845	3.76386
chr17-40500000-40600000	0.101192	0.340566	0.443461	4.41419
chr17-33500000-33600000	-0.357777	0.037035	-0.296007	3.48892
chr17-53700000-53800000	-0.158489	-0.293323	-0.60335	1.28325
chr17-33600000-33700000	-0.489263	0.29431	-0.275193	2.32807
chr17-37200000-37300000	0.135795	0.407736	0.48463	2.69913
chr17-68200000-68300000	-0.318905	-0.346299	-0.355079	1.16183
chr17-33700000-33800000	-0.469902	0.006871	-0.303391	3.62984
chr17-80200000-80300000	0.163361	-0.209216	0.448054	5.09539
chr17-57000000-57100000	-0.01048	-0.389498	-0.380376	1.73343
chr17-33800000-33900000	-0.386897	0.275859	-0.386323	2.59788
chr17-34900000-35000000	-0.380707	0.300744	-0.093269	5.1126
chr17-46700000-46800000	0.264146	-0.002239	0.284213	1.4111
chr17-66600000-66700000	-0.314964	-0.115486	-0.34258	1.28476
chr17-35300000-35400000	-0.389484	0.051726	-0.040729	2.41522
chr17-64300000-64400000	0.174678	-0.496618	-0.068743	2.27037
chr17-35500000-35600000	-0.163845	0.212614	-0.053672	1.5958
chr17-35900000-36000000	-0.267729	0.304229	-0.139777	2.68992
chr17-52700000-52800000	-0.022259	-0.200248	-0.692402	1.09878
chr17-67500000-67600000	0.121709	-0.320661	-0.493156	1.97821
chr17-3600000-3700000	0.276913	0.265984	-0.115654	3.26621
chr17-36000000-36100000	-0.075664	0.126803	-0.001119	2.93781
chr17-36900000-37000000	0.017621	0.389873	0.197556	6.54289
chr17-37000000-37100000	-0.234201	0.301777	0.271933	6.83484
chr17-68700000-68800000	-0.284592	-0.251934	-0.343524	1.4025
chr17-37400000-37500000	-0.123335	0.239889	0.033327	1.9953
chr17-77600000-77700000	-0.518473	-0.338932	0.065503	1.32913
chr17-55300000-55400000	-0.488402	-0.232054	-0.275494	2.66858
chr17-73300000-73400000	-0.112405	-0.154653	0.083251	3.61627
chr17-37500000-37600000	0.090074	0.322942	0.18584	2.8316
chr17-600000-700000	0.269496	0.253978	0.078625	5.42824
chr17-57700000-57800000	0.30929	-0.170613	-0.129072	2.73153
chr17-44300000-44400000	0.190163	0.053008	0.740914	3.79466
chr17-37600000-37700000	-0.150196	0.248599	0.328239	3.76305
chr17-68300000-68400000	-0.146334	-0.120279	-0.358116	1.68755
chr17-73800000-73900000	0.247862	-0.171362	0.222781	6.82002
chr17-53500000-53600000	-0.272222	0.074721	-0.322175	1.56184
chr17-75500000-75600000	-0.000131	-0.293209	-0.002285	1.8421
chr17-48100000-48200000	-0.01882	0.10491	0.15191	8.82911
chr17-37700000-37800000	-0.382707	0.151189	0.174559	3.85474
chr17-37800000-37900000	-0.138388	0.188556	0.311308	4.53151
chr17-37900000-38000000	-0.337457	0.095478	0.142992	3.92254
chr17-45800000-45900000	0.259189	0.040343	0.32792	2.30232
chr17-38000000-38100000	-0.236642	0.327731	0.270957	3.94346
chr17-38300000-38400000	0.223233	0.037642	0.279657	3.5878
chr17-38800000-38900000	-0.219118	0.045535	0.232697	5.51897
chr17-74300000-74400000	0.033806	-0.228507	0.212879	4.16184
chr17-38900000-39000000	-0.178659	0.287176	0.125369	2.11796
chr17-3900000-4000000	0.211854	0.236925	-0.177543	3.20542
chr17-55200000-55300000	-0.276026	-0.100828	-0.458057	1.55286
chr17-5300000-5400000	0.192618	0.256278	-0.236782	4.64433
chr17-39200000-39300000	-0.325787	0.169774	0.345968	2.81355
chr17-80500000-80600000	0.195491	-0.092747	0.083198	5.17993
chr17-39300000-39400000	-0.178606	0.397594	0.402784	1.49605
chr17-53600000-53700000	-0.350464	-0.193768	-0.425368	1.84034
chr17-53300000-53400000	-0.033063	-0.124395	-0.478425	1.70985
chr17-44000000-44100000	-0.266382	-0.015792	0.130845	2.09242
chr17-39500000-39600000	-0.07688	0.133264	0.09629	3.31065
chr17-62600000-62700000	0.174128	-0.472061	0.125088	4.59947
chr17-8300000-8400000	0.112903	0.461097	-0.224404	4.33044
chr17-39800000-39900000	0.161807	0.280198	0.268034	4.30508
chr17-39900000-40000000	0.027079	0.114596	0.442346	6.90999
chr17-44200000-44300000	0.103819	-0.058065	0.46657	3.15877
chr17-40100000-40200000	0.029018	0.099116	0.330654	5.70058
chr17-40300000-40400000	-0.259845	-0.022189	0.363988	3.67288
chr17-57600000-57700000	0.456519	-0.352749	-0.27822	4.91215
chr17-42300000-42400000	0.123831	0.151052	0.328087	1.91768
chr17-40400000-40500000	-0.051142	0.163641	0.307344	3.96552
chr17-80400000-80500000	0.076598	-0.090963	0.333291	4.96245
chr17-57100000-57200000	0.23086	-0.396614	-0.213872	2.59233
chr17-42700000-42800000	-0.340476	0.017827	0.198849	3.06139
chr17-40800000-40900000	0.178879	0.322639	0.322844	5.62959
chr17-71100000-71200000	-0.429087	-0.172553	-0.023363	3.13571
chr17-46900000-47000000	0.109288	-0.069787	0.20751	4.22794
chr17-40900000-41000000	-0.08989	0.260317	0.286749	5.67457
chr17-43100000-43200000	-0.346763	0.164071	0.382023	6.50707
chr17-63500000-63600000	0.043939	-0.383521	0.006055	1.98681
chr17-41600000-41700000	0.148333	0.153826	0.450239	6.22898
chr17-41300000-41400000	-0.086176	0.00787	0.492609	4.58151
chr17-41900000-42000000	-0.06139	0.200169	0.357284	3.48178
chr17-4200000-4300000	0.329394	0.449982	-0.163059	3.34109
chr17-74200000-74300000	-0.192377	-0.184445	0.034708	4.32874
chr17-42000000-42100000	-0.079536	-0.067089	0.265689	4.68923
chr17-73400000-73500000	0.164662	-0.203972	2.9e-05	4.58115
chr17-48800000-48900000	0.016866	0.106523	-0.011034	2.15503
chr17-71500000-71600000	-0.084406	-0.362687	-0.583011	1.22519
chr17-42400000-42500000	-0.161765	0.219799	0.35359	4.41231
chr17-42500000-42600000	0.047257	0.063448	0.402685	3.18361
chr17-75200000-75300000	0.070088	-0.272599	0.290959	6.21673
chr17-42800000-42900000	-0.177788	-0.040841	0.415043	2.93199
chr17-66300000-66400000	-0.158359	-0.304789	-0.088141	3.62793
chr17-42900000-43000000	-0.039759	0.209171	0.436911	4.0547
chr17-45200000-45300000	-0.194453	-0.089626	0.266783	3.39322
chr17-43000000-43100000	-0.19369	0.2309	0.17529	3.08676
chr17-43400000-43500000	-0.345987	-0.074222	0.3518	3.42245
chr17-63200000-63300000	-0.030329	-0.375313	-0.126511	1.98498
chr17-43500000-43600000	-0.522532	-0.243444	0.429057	2.17577
chr17-45600000-45700000	-0.011219	-0.350649	0.523412	2.27286
chr17-43800000-43900000	-0.366722	-0.005743	0.116087	1.2931
chr17-43900000-44000000	-0.294359	0.23389	-0.012213	1.91827
chr17-4400000-4500000	0.223588	0.30102	-0.131016	3.37468
chr17-69100000-69200000	0.028293	-0.485313	-0.414312	1.53767
chr17-74400000-74500000	0.288208	-0.287843	0.082307	5.1337
chr17-44600000-44700000	0.191373	0.052882	0.744385	1
chr17-59300000-59400000	-0.04178	-0.35433	0.022598	3.69952
chr17-46300000-46400000	-0.225141	-0.088168	0.143186	1.51638
chr17-44800000-44900000	0.141161	0.073507	0.552314	2.56114
chr17-44900000-45000000	-0.062583	0.093022	0.337455	1.94453
chr17-4500000-4600000	0.292821	0.513906	0.034451	1.87085
chr17-77700000-77800000	-0.231344	-0.259929	0.173252	3.0356
chr17-5000000-5100000	0.444139	0.493812	-0.138412	4.80048
chr17-61800000-61900000	0.218544	-0.207788	-0.055559	4.00246
chr17-45700000-45800000	0.04997	-0.151171	0.333933	3.4819
chr17-4900000-5000000	0.173236	0.407028	-0.116046	5.30003
chr17-45900000-46000000	0.044428	-0.068961	0.169666	4.39248
chr17-60900000-61000000	0.285549	-0.35369	0.068262	2.5606
chr17-46200000-46300000	-0.062135	0.091661	0.052415	1.8863
chr17-57800000-57900000	0.448623	-0.428564	-0.138251	3.01806
chr17-64700000-64800000	0.08006	-0.249683	-0.25524	2.24277
chr17-46800000-46900000	0.125156	0.192172	0.148444	1.7289
chr17-47100000-47200000	-0.125885	-0.22187	0.316364	3.81854
chr17-52400000-52500000	-0.32695	-0.039366	-0.64126	1.1546
chr17-47600000-47700000	0.249495	0.001999	0.21175	2.25109
chr17-47900000-48000000	-0.001837	-0.004477	0.114927	2.34077
chr17-48700000-48800000	0.133216	-0.164928	-0.040474	5.68945
chr17-71300000-71400000	-0.150123	-0.498403	-0.375892	5.15892
chr17-48900000-49000000	-0.245407	0.058918	-0.096853	3.82383
chr17-49200000-49300000	0.351242	-0.176495	-0.403787	4.22729
chr17-49400000-49500000	-0.089465	-0.114267	-0.715548	1.35753
chr17-78400000-78500000	0.143715	-0.207097	0.072547	4.27306
chr17-49500000-49600000	-0.333627	-0.138651	-0.572807	1.18143
chr17-50300000-50400000	-0.362974	-0.118987	-0.516487	1.08157
chr17-49600000-49700000	-0.072903	-0.088599	-0.651813	1.18179
chr17-49700000-49800000	-0.328186	0.022527	-0.604473	1.14955
chr17-49800000-49900000	-0.064413	-0.068609	-0.514352	1.18409
chr17-500000-600000	0.474094	0.325984	0.26087	3.62878
chr17-58100000-58200000	0.513404	-0.271467	0.075441	4.13645
chr17-50100000-50200000	-0.057986	-0.204565	-0.652328	1.39166
chr17-58000000-58100000	0.690122	-0.400897	-0.016244	3.424
chr17-50600000-50700000	-0.121165	-0.097361	-0.720116	1.07293
chr17-50700000-50800000	-0.035386	0.017098	-0.454299	1.09807
chr17-50900000-51000000	-0.044178	-0.218305	-0.63583	1.11144
chr17-51300000-51400000	-0.044428	-0.371998	-0.672925	1.14511
chr17-51900000-52000000	-0.365317	-0.163588	-0.694744	1.15603
chr17-54500000-54600000	-0.187845	-0.101466	-0.41112	1.75019
chr17-52500000-52600000	-0.181149	-0.233886	-0.792271	1.06602
chr17-52900000-53000000	-0.033197	-0.210253	-0.633674	1.6257
chr17-53000000-53100000	-0.302278	-0.231028	-0.499062	2.59805
chr17-53100000-53200000	-0.027186	-0.313838	-0.609115	1.34968
chr17-53900000-54000000	-0.242619	-0.110592	-0.459655	1.37332
chr17-58800000-58900000	0.493876	-0.398565	-0.218189	1.75853
chr17-70200000-70300000	-0.017421	-0.417604	-0.25361	1.621
chr17-54000000-54100000	-0.190044	-0.300466	-0.654392	1.17217
chr17-65500000-65600000	-0.092544	-0.503222	-0.233679	2.31044
chr17-54900000-55000000	-0.027991	-0.104857	-0.314725	4.13396
chr17-56100000-56200000	0.131064	-0.32019	-0.512333	2.93108
chr17-69400000-69500000	-0.141248	-0.340376	-0.435244	2.10869
chr17-56700000-56800000	0.167014	-0.356982	-0.355121	2.63977
chr17-56900000-57000000	-0.194969	-0.174818	-0.449657	1.16849
chr17-5700000-5800000	0.133628	0.12968	-0.382034	1.64442
chr17-57200000-57300000	0.447972	-0.221889	-0.247255	3.36038
chr17-57900000-58000000	0.458121	-0.212402	0.022711	3.5208
chr17-58500000-58600000	0.512595	-0.198688	-0.125033	2.23278
chr17-58900000-59000000	0.284161	-0.328758	-0.045671	1.85623
chr17-5900000-6000000	0.234127	0.119973	-0.632475	1.28805
chr17-59200000-59300000	0.230781	-0.310507	-0.033266	2.5276
chr17-75000000-75100000	-0.326719	-0.319063	0.186863	3.17658
chr17-59800000-59900000	0.114591	-0.531042	-0.111918	1.84731
chr17-59900000-60000000	0.302416	-0.312944	-0.19368	1.92078
chr17-6000000-6100000	-0.005417	0.212881	-0.531667	1.18059
chr17-60000000-60100000	0.439042	-0.307037	0.057089	3.07183
chr17-60100000-60200000	0.254155	-0.463559	-0.082153	3.06507
chr17-73100000-73200000	0.342827	-0.277489	-0.034949	5.38342
chr17-60200000-60300000	0.214711	-0.438957	-0.367241	1.57924
chr17-64200000-64300000	0.44331	-0.481207	-0.176085	3.06054
chr17-80300000-80400000	0.005907	-0.355099	0.278815	2.64306
chr17-60300000-60400000	0.446817	-0.561843	-0.515941	1.09926
chr17-60400000-60500000	0.308517	-0.523482	-0.367853	1.26605
chr17-9900000-10000000	0.33809	0.135395	-0.573581	1.98966
chr17-60800000-60900000	0.450709	-0.140178	-0.045123	2.78692
chr17-73700000-73800000	0.119703	-0.060817	-0.008218	5.15105
chr17-8500000-8600000	0.432874	0.216176	-0.336887	2.80796
chr17-61000000-61100000	0.457101	-0.401991	-0.133896	3.21314
chr17-61400000-61500000	0.386032	-0.281844	-0.271462	2.76636
chr17-61600000-61700000	0.213537	-0.296041	0.15586	4.2691
chr17-69600000-69700000	-0.033593	-0.451946	-0.542205	1.59655
chr17-61900000-62000000	0.46578	-0.32394	-0.014359	7.06492
chr17-6200000-6300000	0.044926	0.26261	-0.47185	1.33331
chr17-67200000-67300000	-0.163188	-0.557827	-0.338516	1.40393
chr17-62000000-62100000	0.228032	-0.346822	0.123766	2.5899
chr17-62300000-62400000	0.202949	-0.267487	-0.107659	3.21982
chr17-62700000-62800000	0.146893	-0.706348	0.102244	4.68551
chr17-62900000-63000000	-0.05969	-0.724198	0.207345	3.55528
chr17-63100000-63200000	0.214088	-0.380929	0.052616	3.51533
chr17-63400000-63500000	0.00943	-0.431125	-0.275903	1.42615
chr17-9600000-9700000	0.049896	0.125586	-0.640596	1.35646
chr17-63600000-63700000	0.031937	-0.542156	-0.237329	1.51746
chr17-63900000-64000000	-0.274286	-0.506945	-0.245304	1.56039
chr17-65900000-66000000	-0.036353	-0.416126	-0.044341	3.31272
chr17-6400000-6500000	-0.012066	0.376756	-0.406274	4.11976
chr17-64000000-64100000	0.010567	-0.451738	-0.276054	1.73554
chr17-64100000-64200000	0.268758	-0.443823	-0.436506	2.33743
chr17-66500000-66600000	-0.172859	-0.364842	-0.388329	3.52043
chr17-75800000-75900000	-0.242793	-0.066078	-0.020591	2.03697
chr17-79800000-79900000	0.28847	-0.249337	0.401836	9.65927
chr17-64400000-64500000	0.236971	-0.371487	-0.300252	3.28727
chr17-79600000-79700000	0.238065	-0.202802	0.369954	7.69396
chr17-64500000-64600000	0.068985	-0.436302	-0.096414	2.831
chr17-66400000-66500000	0.094005	-0.374745	-0.246928	3.92326
chr17-64600000-64700000	0.337209	-0.368372	-0.194085	2.22157
chr17-73000000-73100000	0.142863	-0.452682	-0.132975	6.356
chr17-64900000-65000000	0.096149	-0.237377	-0.170804	2.10593
chr17-6500000-6600000	0.247202	0.263586	-0.427108	4.80969
chr17-65000000-65100000	-0.058706	-0.476502	-0.227037	1.84262
chr17-65300000-65400000	0.236828	-0.566757	-0.367342	3.49915
chr17-65400000-65500000	0.136849	-0.385897	-0.164576	2.40091
chr17-65700000-65800000	-0.087464	-0.504026	0.051148	2.58527
chr17-65800000-65900000	0.043987	-0.700341	-0.056009	2.40577
chr17-66100000-66200000	-0.407602	-0.510953	-0.277309	1.65268
chr17-66200000-66300000	-0.27618	-0.501337	0.002555	4.17965
chr17-66900000-67000000	-0.349824	-0.347237	-0.265972	1.90256
chr17-67000000-67100000	-0.258465	-0.340965	-0.550347	1.45353
chr17-67400000-67500000	-0.098548	-0.468881	-0.350204	1.53975
chr17-67600000-67700000	-0.08406	-0.444617	-0.315818	2.19189
chr17-79900000-80000000	0.5034	-0.065039	0.309366	6.01284
chr17-67900000-68000000	-0.359143	-0.124906	-0.153161	1.77334
chr17-68500000-68600000	0.065037	-0.378982	-0.553784	1.24781
chr17-68900000-69000000	-0.084516	-0.198566	-0.369162	1.57558
chr17-6900000-7000000	0.073727	0.418777	-0.178083	5.41586
chr17-69500000-69600000	0.14643	-0.27247	-0.394227	1.62205
chr17-7800000-7900000	0.082302	0.356872	-0.229964	5.1991
chr17-8600000-8700000	0.144363	0.197014	-0.334448	2.15106
chr17-69900000-70000000	-0.070973	-0.273044	-0.358003	2.09584
chr17-7000000-7100000	0.152545	0.213798	-0.334752	2.9984
chr17-72200000-72300000	-0.170761	-0.082553	-0.346683	2.51044
chr17-78700000-78800000	-0.047871	-0.187911	0.175326	5.47088
chr17-78800000-78900000	0.188711	-0.174902	0.018039	7.06664
chr17-70500000-70600000	-0.285754	-0.469352	-0.146874	2.79246
chr17-74100000-74200000	-0.057442	-0.308272	0.208661	2.88882
chr17-70800000-70900000	-0.052926	-0.245378	-0.213381	1.79887
chr17-72800000-72900000	0.006913	-0.243875	-0.300778	3.37717
chr17-70900000-71000000	-0.206563	-0.462841	-0.160276	2.13694
chr17-71600000-71700000	0.044659	-0.119799	-0.509742	1.29371
chr17-77300000-77400000	-0.26435	-0.111918	-0.070665	1.22901
chr17-71800000-71900000	-0.413919	-0.13021	-0.405051	1.23561
chr17-71900000-72000000	-0.25335	-0.309487	-0.536244	1.24074
chr17-73900000-74000000	0.483172	-0.11251	0.121987	4.83903
chr17-7200000-7300000	0.089912	0.449335	-0.096891	7.86856
chr17-72100000-72200000	-0.250605	-0.322453	-0.516149	1.44695
chr17-72900000-73000000	0.298284	-0.320035	-0.302584	5.20596
chr17-73600000-73700000	-0.138256	-0.152315	0.002408	4.63435
chr17-74500000-74600000	0.14691	-0.103306	0.251273	4.79369
chr17-74900000-75000000	-0.172259	-0.158253	0.055042	1.53441
chr17-75300000-75400000	0.070815	-0.399959	0.019905	11.0336
chr17-75900000-76000000	-0.293102	-0.339384	-0.033127	2.00111
chr17-7600000-7700000	0.334663	0.43102	-0.129277	2.27247
chr17-76800000-76900000	-0.306938	-0.219208	0.0341	7.13637
chr17-78300000-78400000	0.144774	0.012777	0.271106	4.84541
chr17-76900000-77000000	-0.109009	-0.396673	0.109767	5.70654
chr17-77000000-77100000	-0.244887	-0.166516	-0.000479	4.24066
chr17-77400000-77500000	-0.388122	-0.323425	-0.205706	1.2954
chr17-77900000-78000000	0.078166	-0.352221	0.023152	3.73233
chr17-78200000-78300000	-4.7e-05	-0.224007	0.271221	5.16681
chr17-78500000-78600000	0.433452	-0.204943	0.17251	4.21072
chr17-78900000-79000000	-0.020095	-0.095757	0.185536	4.94599
chr17-7900000-8000000	0.087149	0.415946	0.062165	1.9545
chr17-79300000-79400000	0.181835	-0.12348	0.361417	8.76425
chr17-79500000-79600000	0.295531	0.037298	0.245713	5.23944
chr17-80800000-80900000	0.341825	-0.201695	0.056243	5.13113
chr17-80900000-81000000	0.452464	-0.041695	0.266096	3.03386
chr17-81100000-81200000	0.416084	-0.341196	0.478736	5.27549
chr17-8700000-8800000	0.202914	0.125883	-0.618575	1.89854
chr17-8900000-9000000	0.109669	0.14843	-0.612905	1.25739
chr17-900000-1000000	0.49307	0.004025	-0.045013	5.14971
chr17-9000000-9100000	0.348695	0.231017	-0.520405	1.59752
chr17-9700000-9800000	0.296716	0.12291	-0.510803	1.94412
