chr12-46000000-46100000	-0.468571	0.050428	-0.004934	1.77223
chr12-104300000-104400000	0.165068	0.373769	0.55065	5.04354
chr12-66100000-66200000	-0.39079	-0.035026	0.091862	2.73387
chr12-17400000-17500000	0.028173	-0.204035	-0.276786	1.23168
chr12-26400000-26500000	-0.229375	-0.433754	0.279429	2.47949
chr12-103100000-103200000	0.156119	0.275427	0.117267	1.20302
chr12-100300000-100400000	0.447826	0.374763	0.081549	1.84457
chr12-22700000-22800000	0.438989	-0.350701	-0.058876	3.57601
chr12-9100000-9200000	0.561078	-0.284781	-0.168226	3.2933
chr12-59000000-59100000	-0.290727	0.172466	0.169486	1.52224
chr12-51400000-51500000	-0.357213	0.033416	0.512744	4.05526
chr12-115500000-115600000	-0.182019	0.360414	0.401108	1.89498
chr12-1700000-1800000	0.136681	-0.463434	0.503671	3.9359
chr12-66700000-66800000	-0.25269	0.296658	-0.097791	1.54675
chr12-82800000-82900000	0.122028	0.255896	0.061996	1.78508
chr12-5300000-5400000	0.364165	-0.425306	0.147164	2.13531
chr12-105500000-105600000	-0.16964	0.13483	0.518006	3.5101
chr12-125500000-125600000	0.006519	0.372264	0.353358	2.88702
chr12-75500000-75600000	-0.057828	0.145929	-0.042178	1.18827
chr12-105100000-105200000	0.003882	0.383475	0.332043	1.88561
chr12-102100000-102200000	0.222708	0.193818	0.311467	1.97484
chr12-100100000-100200000	0.405032	0.42332	0.033045	1.18243
chr12-1500000-1600000	0.182354	-0.317176	0.557579	3.48812
chr12-127500000-127600000	0.279965	0.595779	0.060384	1.14362
chr12-108100000-108200000	0.049235	0.619352	0.260751	3.48394
chr12-123500000-123600000	-0.345632	0.284709	0.571918	2.62836
chr12-100700000-100800000	0.285071	0.142643	0.106634	1.77825
chr12-88100000-88200000	0.469007	0.242234	0.071724	1.86416
chr12-97100000-97200000	0.228389	0.137803	0.134613	1.4112
chr12-129500000-129600000	0.260556	0.508278	-0.113782	1.18529
chr12-57000000-57100000	-0.305103	-0.106236	0.395566	6.15179
chr12-104100000-104200000	0.309003	0.276791	0.404314	2.55122
chr12-80300000-80400000	0.37191	0.219219	0.381944	3.55917
chr12-3300000-3400000	0.22075	-0.62145	0.280043	4.36237
chr12-99400000-99500000	0.221453	0.202398	0.068193	1.20257
chr12-101500000-101600000	0.135977	0.543772	0.16386	1.92376
chr12-112500000-112600000	-0.246635	0.36136	0.563918	4.43769
chr12-17000000-17100000	0.367365	-0.179326	-0.200172	1.1839
chr12-103500000-103600000	0.182958	0.31424	0.097775	1.11051
chr12-15100000-15200000	0.06351	-0.322264	-0.048889	2.21954
chr12-80700000-80800000	0.336874	-0.04799	0.179071	1.65464
chr12-40500000-40600000	-0.240721	-0.123353	-0.29608	1.25034
chr12-100000-200000	0.134771	-0.619026	0.703023	2.45259
chr12-15800000-15900000	0.125485	-0.51637	0.158583	1.67236
chr12-17100000-17200000	0.124975	-0.346093	-0.252915	1.24444
chr12-59500000-59600000	-0.409429	0.253564	-0.113348	1.55876
chr12-44100000-44200000	-0.354661	-0.058709	-0.239781	3.34264
chr12-13500000-13600000	0.420861	-0.230005	-0.218929	1.26043
chr12-116500000-116600000	-0.001376	0.249653	0.405291	1.76784
chr12-7100000-7200000	0.251162	-0.490446	0.382522	3.01888
chr12-116300000-116400000	0.132117	0.520676	0.355501	1.57692
chr12-19500000-19600000	0.098955	-0.612117	0.005724	3.10186
chr12-26200000-26300000	-0.187842	-0.325056	0.202448	3.03257
chr12-125100000-125200000	0.091304	0.0896	0.659432	4.61615
chr12-82400000-82500000	0.404461	0.325489	-0.255705	1.19183
chr12-59400000-59500000	-0.2771	-0.001823	0.017554	2.20488
chr12-26300000-26400000	-0.096506	-0.2485	0.468964	2.44411
chr12-102500000-102600000	0.238494	0.472482	0.285699	2.63578
chr12-131100000-131200000	0.44969	0.347809	0.072067	1.22234
chr12-102300000-102400000	0.359046	0.237646	0.311512	2.48822
chr12-108300000-108400000	0.178152	0.282918	0.167184	1.22061
chr12-17500000-17600000	0.3084	-0.180378	-0.379078	1.17178
chr12-53400000-53500000	-0.456706	-0.155697	0.206832	9.02384
chr12-130700000-130800000	0.224714	0.645254	-0.116112	1.18518
chr12-97400000-97500000	0.386512	0.213527	0.012556	1.21253
chr12-100500000-100600000	0.505294	0.399257	0.085728	3.09934
chr12-79200000-79300000	0.343585	-0.023449	0.192081	2.15882
chr12-33200000-33300000	0.157281	0.034333	-0.511244	1.12095
chr12-0-100000	0.135767	-0.61967	0.704756	4.60721
chr12-93100000-93200000	0.195233	-0.058771	0.399872	1.71986
chr12-104000000-104100000	0.345842	0.475853	0.168134	1.39723
chr12-70500000-70600000	-0.08933	0.144031	-0.074544	1.24117
chr12-100800000-100900000	0.052721	0.333847	0.048541	1.20564
chr12-14600000-14700000	0.307513	-0.428298	-0.109375	1.6578
chr12-38800000-38900000	0.209152	0.042591	-0.287065	1.14597
chr12-10200000-10300000	0.267187	-0.472013	-0.095614	1.43507
chr12-72300000-72400000	-0.14151	0.381756	0.005812	2.88356
chr12-65500000-65600000	-0.317474	-0.00434	0.029793	3.66521
chr12-27500000-27600000	-0.047973	-0.244466	0.184527	2.11346
chr12-132000000-132100000	-0.091661	0.631085	0.050965	1.17702
chr12-100400000-100500000	0.453519	0.543127	0.335218	1.70229
chr12-100000000-100100000	0.153158	0.410471	-0.126325	1.60421
chr12-61100000-61200000	0.190851	0.083222	-0.287475	1.09713
chr12-104800000-104900000	0.083732	0.24176	0.326113	2.33178
chr12-124600000-124700000	-0.130416	0.373157	0.307835	1.34217
chr12-102600000-102700000	0.413356	0.257785	0.145972	1.29184
chr12-108400000-108500000	0.188403	0.430442	-0.096196	1.13825
chr12-10500000-10600000	0.555024	-0.202434	-0.167379	1.80775
chr12-90500000-90600000	0.353171	0.000702	0.231666	1.41358
chr12-106200000-106300000	0.195778	0.311915	0.399835	1.45695
chr12-9800000-9900000	0.203019	-0.53079	-0.080427	3.09774
chr12-123800000-123900000	-0.142202	0.140887	0.615925	4.7504
chr12-5000000-5100000	0.068267	-0.187715	-0.045904	1.21814
chr12-104400000-104500000	-0.031842	0.149876	0.534857	3.83125
chr12-38100000-38200000	0.071477	-0.050094	-0.413285	1.07
chr12-102200000-102300000	0.150786	0.445937	0.435753	4.07176
chr12-132800000-132900000	-0.102124	0.626633	0.127979	1.4603
chr12-1000000-1100000	0.106244	-0.573696	0.527429	3.88055
chr12-25300000-25400000	0.071739	-0.398319	0.470012	2.63844
chr12-2400000-2500000	0.182736	-0.368843	0.354856	3.72682
chr12-7400000-7500000	0.410436	-0.224998	-0.195432	1.21509
chr12-121000000-121100000	-0.305965	0.366507	0.556465	3.00627
chr12-96500000-96600000	0.024158	0.110971	0.48505	3.11971
chr12-47700000-47800000	-0.317549	-0.203327	0.198417	1.74588
chr12-105200000-105300000	-0.237744	0.266628	0.450785	1.3885
chr12-116400000-116500000	0.262648	0.292836	0.529204	2.14797
chr12-70200000-70300000	-0.02553	0.367392	-0.338373	1.60365
chr12-113800000-113900000	0.024982	0.598612	0.399264	2.19652
chr12-21200000-21300000	0.13068	-0.342856	-0.413132	1.16094
chr12-23000000-23100000	0.261759	-0.144673	-0.157916	1.25921
chr12-69000000-69100000	-0.476007	0.112795	0.021839	3.15957
chr12-104600000-104700000	-0.02149	0.170678	0.551751	4.03656
chr12-111000000-111100000	-0.221123	0.395611	0.550963	2.99104
chr12-115400000-115500000	0.017524	0.474795	0.568234	1.4097
chr12-63200000-63300000	-0.267726	0.206174	-0.316852	1.73853
chr12-106400000-106500000	-0.061045	0.164477	0.580494	3.13898
chr12-74700000-74800000	0.243839	0.113335	-0.129512	1.31253
chr12-70700000-70800000	0.119932	0.304478	-0.386167	1.71638
chr12-3800000-3900000	0.447958	-0.389401	0.093372	2.05333
chr12-108200000-108300000	0.167501	0.530738	-0.002611	1.41536
chr12-120800000-120900000	-0.266595	0.327644	0.503028	3.56791
chr12-83400000-83500000	0.198507	0.384154	-0.188018	1.14101
chr12-67200000-67300000	0.169392	0.152536	-0.159769	1.19019
chr12-43800000-43900000	-0.109883	-0.032985	-0.089449	1.22718
chr12-21000000-21100000	0.072417	-0.302896	-0.367924	1.13759
chr12-85200000-85300000	0.039385	0.377425	-0.002344	1.27503
chr12-38200000-38300000	0.248586	0.129998	-0.285036	1.02056
chr12-10800000-10900000	0.145681	-0.404065	0.182964	2.4909
chr12-76800000-76900000	-0.130626	0.029104	0.238406	1.78591
chr12-32000000-32100000	-0.291463	-0.369499	-0.311719	1.8691
chr12-102000000-102100000	0.462	0.289195	0.131283	3.25823
chr12-14000000-14100000	0.277024	-0.181241	-0.098837	1.18905
chr12-78600000-78700000	0.249729	0.153851	0.317817	2.00184
chr12-90000000-90100000	0.14069	-0.044884	0.430338	1.59308
chr12-67600000-67700000	-0.275622	0.369437	-0.185041	4.38263
chr12-61400000-61500000	-0.116282	0.2069	-0.416478	1.2592
chr12-119800000-119900000	0.281529	0.382307	0.064968	1.17985
chr12-14700000-14800000	0.028535	-0.339873	-0.173237	1.40837
chr12-58000000-58100000	-0.516303	-0.100681	0.160103	3.835
chr12-121600000-121700000	-0.034744	0.294116	0.543475	3.01325
chr12-14800000-14900000	0.284151	-0.216039	-0.078996	1.22324
chr12-5600000-5700000	0.018347	-0.397977	0.226316	3.18784
chr12-100200000-100300000	0.210511	0.194098	0.058056	1.25442
chr12-117400000-117500000	-0.061695	0.434636	0.25491	2.61646
chr12-117600000-117700000	0.25465	0.434685	0.301027	2.40824
chr12-50000000-50100000	-0.33217	-0.194307	0.37856	4.90284
chr12-124400000-124500000	0.197116	0.311709	0.546166	3.30821
chr12-133400000-133500000	-0.23422	0.57249	0.481378	6.72472
chr12-94400000-94500000	0.168066	0.107373	0.652309	1.99626
chr12-105600000-105700000	0.108085	0.141746	0.629352	4.14617
chr12-25000000-25100000	0.027049	-0.362809	0.342707	2.72925
chr12-8400000-8500000	0.736476	-0.445756	-0.355708	1.11661
chr12-94700000-94800000	0.162653	0.093234	0.636339	1.22776
chr12-133800000-133900000	-0.308635	0.888837	0.007337	1.38911
chr12-50800000-50900000	-0.239152	-0.325117	0.619915	2.88586
chr12-105000000-105100000	0.052241	0.10995	0.436557	1.836
chr12-70600000-70700000	-0.157508	0.34269	-0.30209	4.14692
chr12-10300000-10400000	0.181722	-0.486593	0.19771	2.93574
chr12-65400000-65500000	-0.179618	0.265437	-0.049116	1.14632
chr12-49700000-49800000	-0.192397	-0.15555	0.497491	3.20345
chr12-43000000-43100000	-0.157518	-0.058106	0.008635	1.56916
chr12-41100000-41200000	0.106663	-0.021432	-0.174264	1.1401
chr12-125200000-125300000	-0.173168	0.217426	0.676468	3.52423
chr12-18800000-18900000	0.303737	-0.354472	0.17474	1.51959
chr12-10000000-10100000	0.351354	-0.21638	0.007115	1.47066
chr12-87100000-87200000	0.56476	0.285119	0.138331	1.41807
chr12-67400000-67500000	0.110145	0.098161	-0.204988	1.41633
chr12-43700000-43800000	-0.40212	0.053302	-0.084667	2.35857
chr12-49300000-49400000	-0.270746	-0.180025	0.290659	3.6442
chr12-45800000-45900000	-0.316058	-0.040567	-0.172441	2.13711
chr12-101600000-101700000	0.139535	0.248787	0.230653	2.26287
chr12-106800000-106900000	0.40174	0.239637	0.277141	1.66684
chr12-108600000-108700000	0.065484	0.249893	0.086951	1.51688
chr12-49500000-49600000	-0.509413	-0.208471	0.406623	4.9435
chr12-85700000-85800000	0.30809	0.310031	-0.148536	1.09064
chr12-102400000-102500000	0.067005	0.232097	0.347183	2.87374
chr12-89500000-89600000	0.233586	-0.058886	0.529788	1.90972
chr12-101200000-101300000	0.198049	0.211649	0.133692	1.68642
chr12-34300000-34400000	0.04788	-0.116425	-0.530852	1.32524
chr12-131400000-131500000	-0.038154	0.540469	0.036061	1.29787
chr12-100600000-100700000	0.441958	0.248023	0.34584	2.6022
chr12-83000000-83100000	0.174792	0.365735	-0.20333	1.76837
chr12-87200000-87300000	0.547579	0.0038	0.049805	1.19309
chr12-100900000-101000000	0.293351	0.498338	0.071945	1.87984
chr12-106900000-107000000	0.173937	0.43257	0.258302	1.43851
chr12-50500000-50600000	-0.514373	0.12083	0.399167	4.40018
chr12-10100000-10200000	0.148938	-0.376106	0.143682	2.1158
chr12-129200000-129300000	-0.040396	0.437005	0.117603	2.49123
chr12-101400000-101500000	0.217907	0.275639	0.042687	2.15996
chr12-126200000-126300000	0.211249	0.468472	0.228917	1.20405
chr12-89900000-90000000	0.43956	-0.025608	0.392634	3.19813
chr12-32500000-32600000	-0.008072	-0.47205	0.037976	1.85213
chr12-101000000-101100000	0.511932	0.306497	0.163752	1.49372
chr12-133200000-133300000	-0.07977	0.454785	0.303267	3.75361
chr12-39600000-39700000	-0.002095	-0.102266	-0.327035	1.17856
chr12-11800000-11900000	0.227256	-0.354147	0.389671	3.58903
chr12-101100000-101200000	0.273367	0.471732	0.256011	2.37769
chr12-64300000-64400000	-0.273438	-0.00308	-0.002348	2.4145
chr12-600000-700000	-0.196927	-0.3678	0.532338	3.26048
chr12-55600000-55700000	-0.109161	0.128783	-0.244119	1.10867
chr12-33000000-33100000	0.068072	-0.07847	-0.476365	1.89376
chr12-103700000-103800000	0.252159	0.284112	0.039977	1.14858
chr12-133100000-133200000	-0.326212	0.52986	0.432138	3.4666
chr12-2700000-2800000	0.308244	-0.346991	0.29403	2.7944
chr12-101300000-101400000	0.496781	0.275278	0.153719	1.91077
chr12-110700000-110800000	0.000776	0.15595	0.692071	4.37714
chr12-101700000-101800000	0.378848	0.221847	0.040855	1.82117
chr12-24700000-24800000	-0.241217	-0.22258	-0.076603	3.30516
chr12-33700000-33800000	0.058055	-0.144207	-0.419866	1.13978
chr12-13700000-13800000	0.015167	-0.1499	-0.264645	1.23726
chr12-47200000-47300000	-0.506583	0.054501	0.234444	2.23899
chr12-120400000-120500000	-0.049938	0.34778	0.27153	1.18321
chr12-121400000-121500000	-0.369793	0.507225	0.457176	2.45583
chr12-101800000-101900000	0.40622	0.535488	0.039286	3.90771
chr12-101900000-102000000	0.182525	0.354305	0.053328	1.1641
chr12-104700000-104800000	-0.137805	0.420478	0.445768	2.71908
chr12-102700000-102800000	0.111516	0.291484	0.123881	1.31178
chr12-30200000-30300000	0.02751	-0.406582	-0.194446	1.48979
chr12-111800000-111900000	-0.025269	0.384241	0.685339	6.48449
chr12-23200000-23300000	0.070459	-0.182895	-0.371222	1.24031
chr12-102800000-102900000	0.373932	0.166367	0.061998	2.38116
chr12-83500000-83600000	0.15281	0.200725	0.056485	1.10752
chr12-92600000-92700000	0.405755	0.001463	0.278575	2.67638
chr12-58800000-58900000	-0.342628	0.235675	0.043817	1.88728
chr12-110000000-110100000	-0.037589	0.419515	0.328805	2.4946
chr12-119000000-119100000	0.047471	0.393584	0.10616	1.18527
chr12-104900000-105000000	0.222822	0.289345	0.587316	2.15082
chr12-102900000-103000000	0.093123	0.247645	0.160329	2.4754
chr12-72700000-72800000	-0.190213	0.385263	0.095958	2.05238
chr12-103800000-103900000	0.365948	0.555621	0.010977	1.27252
chr12-107200000-107300000	-0.014632	0.25906	0.377066	1.56356
chr12-63300000-63400000	-0.116664	0.258158	-0.069035	1.98863
chr12-58500000-58600000	-0.183365	0.218504	-0.382659	1.2508
chr12-16800000-16900000	0.033118	-0.212529	-0.224258	1.18532
chr12-103600000-103700000	0.109055	0.494596	-0.117958	1.19473
chr12-76600000-76700000	-0.299893	0.229686	0.298774	2.42936
chr12-9900000-10000000	0.112364	-0.322838	0.124877	1.89807
chr12-34100000-34200000	-0.015087	-0.056088	-0.651943	1.60216
chr12-127200000-127300000	0.030835	0.381306	0.086279	1.16382
chr12-21300000-21400000	0.089905	-0.175198	-0.162278	1.10013
chr12-25700000-25800000	-0.204878	-0.451185	0.100001	1.64083
chr12-127400000-127500000	0.130483	0.345302	0.094577	1.16011
chr12-130000000-130100000	0.195474	0.430282	-0.156835	1.23975
chr12-78100000-78200000	0.334128	0.305963	0.016314	1.33396
chr12-103400000-103500000	0.419737	0.245013	-0.068661	1.1031
chr12-107000000-107100000	0.429057	0.299485	0.247282	1.25411
chr12-103000000-103100000	-0.04202	0.511434	0.098478	1.27386
chr12-103200000-103300000	0.14347	0.445419	-0.143377	1.2363
chr12-103300000-103400000	0.333088	0.481933	0.09708	1.22997
chr12-20300000-20400000	0.222969	-0.243687	-0.011139	1.19005
chr12-77800000-77900000	0.040611	0.217684	-0.066323	1.28416
chr12-84200000-84300000	0.18888	0.30757	-0.251006	1.29074
chr12-37900000-38000000	0.420104	0.040327	-0.674838	1.19151
chr12-103900000-104000000	0.06923	0.561002	0.061683	1.37171
chr12-70300000-70400000	-0.07337	0.225943	-0.062861	1.63211
chr12-94800000-94900000	0.001119	0.17435	0.406042	2.57639
chr12-110800000-110900000	-0.019897	0.324563	0.941581	4.26865
chr12-21800000-21900000	0.292733	-0.383014	-0.153273	2.28544
chr12-94000000-94100000	0.202863	-0.134651	0.624293	3.21826
chr12-41000000-41100000	0.143961	0.118131	-0.439382	1.25988
chr12-92100000-92200000	0.33228	0.223093	0.363295	1.37119
chr12-25800000-25900000	-0.20174	-0.270137	0.327575	1.80441
chr12-105400000-105500000	0.114869	0.020291	0.464837	2.62037
chr12-121800000-121900000	0.000536	0.050118	0.66679	3.56017
chr12-49100000-49200000	-0.199421	-0.118168	0.354648	5.10375
chr12-128800000-128900000	0.141206	0.44377	0.135226	1.19224
chr12-34200000-34300000	-0.131194	-0.332826	-0.656103	1.25677
chr12-10400000-10500000	0.427536	-0.418986	0.014957	1.69245
chr12-23600000-23700000	0.206853	-0.19003	-0.023248	1.22529
chr12-85500000-85600000	0.33956	0.258728	-0.21765	1.16005
chr12-129000000-129100000	0.198933	0.578241	0.207393	1.16965
chr12-104200000-104300000	0.014291	0.21457	0.357613	2.71665
chr12-114800000-114900000	0.337054	0.246082	0.447734	5.75887
chr12-117000000-117100000	-0.156855	0.348118	0.422259	1.83968
chr12-131800000-131900000	0.446664	0.538758	0.049307	1.19611
chr12-110400000-110500000	0.03254	0.457828	0.587583	4.44788
chr12-31100000-31200000	-0.141959	-0.418466	-0.082296	2.37938
chr12-104500000-104600000	0.005731	0.430816	0.667125	3.01451
chr12-117300000-117400000	0.055973	0.326594	0.49334	2.70008
chr12-108500000-108600000	0.252938	0.451626	0.189523	1.17956
chr12-11500000-11600000	0.433291	-0.440928	-0.144611	1.46238
chr12-64700000-64800000	-0.308059	0.38082	-0.106856	3.1337
chr12-105300000-105400000	0.013978	0.284861	0.602006	3.42425
chr12-57600000-57700000	-0.515784	0.029949	0.431673	4.99306
chr12-118700000-118800000	-0.11939	0.493665	0.414297	2.26313
chr12-119300000-119400000	0.377534	0.339115	0.101078	1.14436
chr12-105700000-105800000	-0.055899	0.251985	0.41377	3.15314
chr12-16600000-16700000	0.066059	-0.248081	-0.237241	1.20908
chr12-45600000-45700000	-0.38256	-0.041383	-0.157517	3.19867
chr12-105800000-105900000	0.096715	-0.006923	0.494883	2.62583
chr12-105900000-106000000	0.366022	0.107451	0.431113	2.02615
chr12-10600000-10700000	0.350732	-0.418972	-0.153131	1.18875
chr12-14500000-14600000	0.362477	-0.439749	0.183953	2.18271
chr12-45100000-45200000	0.00476	0.034366	-0.4644	1.18742
chr12-112000000-112100000	0.227837	0.3415	0.735179	3.51089
chr12-130600000-130700000	0.054048	0.639885	0.130746	1.26435
chr12-83800000-83900000	0.458102	0.302236	0.047913	1.08554
chr12-52100000-52200000	-0.231668	-0.121304	0.459272	2.67628
chr12-7800000-7900000	0.289644	-0.269543	0.025873	1.21056
chr12-106000000-106100000	0.168197	0.322377	0.481426	1.90305
chr12-89200000-89300000	0.25434	-0.120333	0.358306	1.50951
chr12-7300000-7400000	0.224893	-0.446264	-0.077461	3.21568
chr12-106100000-106200000	0.15522	0.023234	0.45653	1.67318
chr12-131500000-131600000	0.187272	0.66405	0.190014	1.32749
chr12-48700000-48800000	-0.324462	0.164444	-0.227422	3.23473
chr12-99500000-99600000	0.077147	0.473121	0.091094	1.15794
chr12-42200000-42300000	-0.100734	0.242756	-0.300001	1.15718
chr12-106300000-106400000	-0.090791	0.308445	0.324507	2.78067
chr12-75200000-75300000	0.25555	0.17473	-0.248901	1.53577
chr12-62500000-62600000	-0.131494	0.313502	-0.258619	1.22561
chr12-113300000-113400000	0.333198	0.523639	0.113402	1.90307
chr12-48300000-48400000	-0.376416	-0.109013	0.090069	2.1216
chr12-106500000-106600000	0.20903	0.263536	0.642562	4.16797
chr12-7200000-7300000	0.388891	-0.496426	0.156779	4.48324
chr12-106600000-106700000	0.013237	0.38656	0.436093	5.19622
chr12-16400000-16500000	0.317063	-0.265565	-0.316659	1.34714
chr12-3200000-3300000	0.265982	-0.373526	0.339324	4.92884
chr12-30100000-30200000	0.007166	-0.176997	-0.369252	1.67352
chr12-92000000-92100000	0.248491	-0.026841	0.219112	1.2022
chr12-108800000-108900000	0.337369	0.334603	0.25959	1.19033
chr12-120200000-120300000	0.042521	0.342148	0.432151	1.54522
chr12-11400000-11500000	0.3049	-0.272145	-0.359149	1.25909
chr12-84300000-84400000	0.37656	0.1161	-0.140419	1.16468
chr12-106700000-106800000	0.282695	0.303293	0.558138	2.91652
chr12-58400000-58500000	-0.148227	0.101512	-0.103814	1.25843
chr12-3000000-3100000	-0.120495	-0.578582	0.440625	3.59226
chr12-76100000-76200000	-0.200215	0.017492	0.354906	1.8986
chr12-87000000-87100000	0.556393	-0.010886	0.217842	1.41228
chr12-16100000-16200000	0.271088	-0.302697	0.038531	2.19134
chr12-74600000-74700000	0.193548	0.30788	-0.362019	1.1231
chr12-92200000-92300000	0.372078	-0.078635	0.351187	1.28151
chr12-54000000-54100000	-0.449779	-0.173805	0.236729	4.1659
chr12-78300000-78400000	0.398859	-0.040157	0.293847	1.70164
chr12-10700000-10800000	0.03888	-0.42359	-0.097552	2.96596
chr12-14300000-14400000	0.17446	-0.392659	-0.228981	1.77592
chr12-59800000-59900000	-0.290765	-0.016708	-0.317493	1.36102
chr12-107100000-107200000	0.186761	0.463599	0.287822	2.90912
chr12-60700000-60800000	-0.409054	0.269151	-0.026836	1.42197
chr12-107300000-107400000	0.283407	0.207734	0.419792	4.16309
chr12-129900000-130000000	-0.04144	0.49373	0.025419	1.16222
chr12-124300000-124400000	-0.043835	0.17595	0.465651	1.45468
chr12-132700000-132800000	-0.299165	0.825317	0.183226	1.27278
chr12-67700000-67800000	-0.234914	0.29364	0.101512	1.52758
chr12-107400000-107500000	0.399917	0.468139	0.477529	2.52374
chr12-107500000-107600000	0.383894	0.216963	0.307401	1.44988
chr12-75600000-75700000	0.065282	0.22147	-0.314378	1.30742
chr12-107600000-107700000	0.087902	0.228937	0.369763	1.57092
chr12-120100000-120200000	-0.131543	0.543735	0.287578	2.72865
chr12-125300000-125400000	-0.078993	0.503234	0.649765	4.30378
chr12-107700000-107800000	0.152627	0.51077	0.389007	2.00826
chr12-61500000-61600000	0.190461	0.180821	-0.402418	1.13632
chr12-107800000-107900000	0.23156	0.209473	0.364603	2.45578
chr12-107900000-108000000	0.150108	0.411162	0.166259	1.90505
chr12-2600000-2700000	0.082968	-0.175317	0.359612	1.63297
chr12-108000000-108100000	0.317904	0.528614	0.4008	2.72373
chr12-128200000-128300000	-0.016732	0.519272	-0.01765	1.17512
chr12-116600000-116700000	-0.287099	0.307281	0.444378	1.54317
chr12-39500000-39600000	0.209684	0.118399	-0.360965	1.18553
chr12-130100000-130200000	0.066651	0.653949	0.012437	1.16088
chr12-88700000-88800000	0.384858	-0.169352	0.49994	1.88556
chr12-66500000-66600000	-0.347839	0.12265	-0.102208	4.05597
chr12-93000000-93100000	0.408286	0.102612	0.551518	1.62482
chr12-108700000-108800000	0.305441	0.37847	-0.03095	1.78983
chr12-108900000-109000000	0.03874	0.257383	0.338025	3.79229
chr12-121900000-122000000	-0.300544	0.107494	0.676722	3.71915
chr12-55900000-56000000	-0.1919	0.034854	-0.400209	1.11003
chr12-10900000-11000000	0.083412	-0.506126	-0.106475	1.37081
chr12-4200000-4300000	0.396387	-0.335356	0.102049	3.0718
chr12-109000000-109100000	0.195177	0.239232	0.58787	4.40966
chr12-124800000-124900000	0.150669	0.387686	0.589425	8.8943
chr12-46400000-46500000	-0.20926	-0.064538	0.218472	1.4993
chr12-109100000-109200000	-0.029487	0.409319	0.524586	4.75167
chr12-17800000-17900000	0.435744	-0.190633	-0.217166	1.22557
chr12-79100000-79200000	0.484971	0.104288	-0.053942	1.18396
chr12-26000000-26100000	-0.139144	-0.234545	0.180869	1.60474
chr12-119100000-119200000	0.18674	0.537715	-0.118401	1.14075
chr12-5200000-5300000	0.094389	-0.327439	0.185113	2.66206
chr12-109200000-109300000	0.196866	0.563478	0.413334	6.34007
chr12-87400000-87500000	0.398382	0.059012	0.181917	1.42004
chr12-68500000-68600000	-0.122277	0.084325	-0.230113	1.18133
chr12-109300000-109400000	-0.08291	0.530745	0.508335	1.57458
chr12-2300000-2400000	-0.025198	-0.553736	0.418666	4.63412
chr12-63800000-63900000	-0.091925	0.398027	-0.336972	1.26592
chr12-109400000-109500000	-0.150859	0.694057	0.256861	3.47821
chr12-43100000-43200000	-0.329354	-0.136453	-0.221454	2.15653
chr12-71100000-71200000	-0.073289	0.167507	-0.074229	1.27358
chr12-4100000-4200000	0.373727	-0.427208	-0.177661	2.62109
chr12-109500000-109600000	0.029439	0.564063	0.463153	2.94094
chr12-1300000-1400000	-0.250244	-0.322859	0.322712	1.82691
chr12-62300000-62400000	0.04717	0.288662	-0.361047	1.07023
chr12-95000000-95100000	-0.038661	0.105057	0.376119	1.78414
chr12-62000000-62100000	0.083814	0.307011	-0.322592	1.17479
chr12-59100000-59200000	-0.42735	0.134543	-0.099437	1.85232
chr12-53000000-53100000	-0.236653	0.118824	0.155763	1.22967
chr12-116100000-116200000	0.089353	0.296677	0.349259	1.19825
chr12-127100000-127200000	0.086213	0.611727	-0.104008	1.17797
chr12-3400000-3500000	0.247196	-0.355761	0.110411	3.53978
chr12-109600000-109700000	-0.058581	0.566294	0.178426	1.86686
chr12-112800000-112900000	0.301243	0.471958	0.675108	4.28334
chr12-114000000-114100000	0.034547	0.558765	-0.035029	1.15437
chr12-115800000-115900000	0.130633	0.307729	0.48566	1.66306
chr12-128400000-128500000	0.008961	0.492969	0.021244	1.2851
chr12-111400000-111500000	0.114876	0.350008	0.148487	1.18752
chr12-118400000-118500000	-0.089014	0.499444	0.179506	4.27954
chr12-122600000-122700000	-0.293826	0.066046	0.769768	3.59141
chr12-79900000-80000000	0.447055	-0.038409	0.416095	2.46985
chr12-400000-500000	-0.201736	-0.432335	0.544327	2.78169
chr12-109700000-109800000	0.215576	0.543097	0.302991	1.45485
chr12-117100000-117200000	0.10072	0.422652	0.574233	2.17615
chr12-19200000-19300000	0.060667	-0.358214	0.285469	2.46349
chr12-57300000-57400000	-0.247039	-0.096431	0.400866	2.34369
chr12-122300000-122400000	-0.336206	0.217369	0.656724	4.35164
chr12-41400000-41500000	-0.083354	0.168296	-0.339234	1.18948
chr12-113600000-113700000	0.018903	0.527222	0.368213	4.26708
chr12-54300000-54400000	-0.299271	0.142442	0.186901	1.27096
chr12-109800000-109900000	-0.069157	0.43044	0.338257	3.84582
chr12-68200000-68300000	-0.264861	0.140479	-0.084354	1.60583
chr12-20100000-20200000	0.24778	-0.333298	-0.025615	1.37707
chr12-40000000-40100000	0.256402	0.12115	-0.331029	1.29158
chr12-13200000-13300000	0.235256	-0.35011	0.082163	3.3392
chr12-15300000-15400000	0.223062	-0.272982	-0.104298	1.46062
chr12-19300000-19400000	0.011219	-0.51128	0.028215	1.6428
chr12-75800000-75900000	0.132599	0.142008	0.113156	2.42812
chr12-109900000-110000000	-0.121762	0.140563	0.407992	4.39752
chr12-3700000-3800000	0.200171	-0.259951	0.118336	1.40166
chr12-1100000-1200000	0.196958	-0.34399	0.668869	2.92237
chr12-22200000-22300000	-0.138168	-0.293913	-0.261496	1.68877
chr12-22100000-22200000	0.077672	-0.51299	-0.213951	3.05015
chr12-46200000-46300000	-0.188024	-0.0808	0.11644	1.5414
chr12-133300000-133400000	-0.244362	0.282928	0.480626	5.3042
chr12-11000000-11100000	-0.141899	-0.402587	-0.274158	1.51711
chr12-95500000-95600000	0.092764	-0.013173	0.562452	2.64579
chr12-28000000-28100000	-0.167696	-0.200734	0.047397	1.64646
chr12-110100000-110200000	0.19725	0.524411	0.457703	1.65827
chr12-121700000-121800000	-0.241706	0.1638	0.72088	3.64597
chr12-20800000-20900000	0.060935	-0.30547	-0.346527	1.16889
chr12-127700000-127800000	-0.000197	0.331422	0.066744	1.93158
chr12-110200000-110300000	0.377675	0.30711	0.553139	2.33417
chr12-12700000-12800000	0.20584	-0.346785	0.506633	4.21795
chr12-23700000-23800000	0.149932	-0.466602	-0.13323	1.21512
chr12-55300000-55400000	-0.211517	0.250842	-0.19599	1.3445
chr12-123300000-123400000	0.085309	0.003432	0.704445	5.59865
chr12-80200000-80300000	0.319958	-0.080261	0.424624	1.82246
chr12-51300000-51400000	-0.275725	-0.220051	0.644497	2.38026
chr12-51200000-51300000	-0.448089	-0.31152	0.474769	1.8104
chr12-110300000-110400000	0.109979	0.192897	0.658059	4.81767
chr12-82100000-82200000	0.175067	0.175791	0.034404	1.20771
chr12-93600000-93700000	0.164249	-0.120254	0.510403	1.7511
chr12-24200000-24300000	0.096168	-0.330247	0.129866	1.70511
chr12-110500000-110600000	-0.044162	0.297486	0.819139	2.7651
chr12-126700000-126800000	0.158542	0.428835	-0.143524	1.16472
chr12-58200000-58300000	-0.355654	-0.035556	-0.014984	6.65495
chr12-110600000-110700000	-0.220516	0.298089	0.602827	2.09634
chr12-110900000-111000000	0.002764	0.267613	0.663819	3.80623
chr12-40300000-40400000	-0.112287	0.09064	-0.360963	1.37365
chr12-111500000-111600000	0.151509	0.571692	0.327824	1.20293
chr12-57100000-57200000	-0.296497	0.157454	0.261645	3.54938
chr12-11100000-11200000	0.051702	-0.556204	-0.094425	1.50796
chr12-111100000-111200000	-0.010779	0.489682	0.363769	2.38466
chr12-22800000-22900000	0.172728	-0.216344	-0.135696	1.49497
chr12-66000000-66100000	-0.320768	0.079764	0.358182	4.03291
chr12-4500000-4600000	0.155521	-0.361212	-0.161318	1.20464
chr12-113700000-113800000	-0.24575	0.461222	0.413063	3.36195
chr12-32400000-32500000	-0.306347	-0.390421	0.031659	1.94836
chr12-21400000-21500000	0.344573	-0.187838	-0.302157	1.10893
chr12-50400000-50500000	-0.437631	-0.168125	0.34022	3.52052
chr12-132200000-132300000	-0.149996	0.483583	0.284288	3.90014
chr12-90800000-90900000	0.449166	0.040872	-0.077102	1.14766
chr12-111200000-111300000	0.182655	0.417382	0.56527	1.32584
chr12-90400000-90500000	0.195421	-0.101373	0.477583	1.48177
chr12-98000000-98100000	0.417841	0.351419	-0.118187	1.12958
chr12-53200000-53300000	-0.385442	0.088132	0.254221	3.32751
chr12-113500000-113600000	0.14183	0.69746	0.161118	1.46791
chr12-15200000-15300000	0.034144	-0.239701	-0.340182	1.31245
chr12-60400000-60500000	-0.265723	-0.006912	-0.191128	1.2662
chr12-111300000-111400000	0.183032	0.579088	0.306161	1.34799
chr12-124500000-124600000	-0.07535	0.180093	0.531066	2.00144
chr12-4700000-4800000	0.429383	-0.195293	-0.016669	3.0533
chr12-42700000-42800000	-0.30957	-0.097182	-0.216367	2.45582
chr12-47500000-47600000	-0.304206	-0.165122	0.185851	2.07524
chr12-111600000-111700000	0.100913	0.286518	0.274397	1.21938
chr12-111700000-111800000	0.220508	0.43736	0.505326	1.5451
chr12-121300000-121400000	-0.27283	0.246912	0.503818	2.78955
chr12-126300000-126400000	0.038574	0.378475	0.007153	1.30273
chr12-132300000-132400000	0.058091	0.651151	0.412859	4.78736
chr12-38900000-39000000	-0.0362	0.176654	-0.408191	1.1128
chr12-111900000-112000000	0.065144	0.129665	0.666627	2.58283
chr12-117900000-118000000	0.246417	0.572453	0.030974	1.23062
chr12-73700000-73800000	0.409792	0.214012	-0.263075	1.20816
chr12-15700000-15800000	0.292909	-0.315374	0.038237	1.83009
chr12-20400000-20500000	0.158632	-0.202762	-0.295307	1.2608
chr12-60600000-60700000	-0.355641	-0.021115	-0.062707	1.6757
chr12-51600000-51700000	-0.354028	0.018166	0.508699	4.88267
chr12-39000000-39100000	0.048807	-0.106032	-0.365827	1.07706
chr12-11200000-11300000	-0.208349	-0.500973	-0.186478	1.51799
chr12-46700000-46800000	-0.160773	-0.173733	0.378338	6.52975
chr12-124700000-124800000	0.025669	0.178214	0.409987	2.03368
chr12-700000-800000	0.011501	-0.525186	0.431389	3.06316
chr12-6500000-6600000	-0.207797	-0.539872	0.440841	5.20338
chr12-123100000-123200000	-0.041131	-0.108968	0.748822	2.19219
chr12-112100000-112200000	0.108293	0.264158	0.461172	3.17892
chr12-93800000-93900000	0.084822	-0.034142	0.548295	3.59105
chr12-69500000-69600000	-0.207368	0.410957	-0.060577	1.45186
chr12-112200000-112300000	0.199335	0.163424	0.692569	3.55081
chr12-114600000-114700000	-0.014352	0.478098	0.102001	1.41718
chr12-63100000-63200000	-0.196786	0.037986	-0.066308	2.5761
chr12-56700000-56800000	-0.399995	0.077464	0.372692	5.36102
chr12-92700000-92800000	0.581618	0.066417	0.517856	1.3543
chr12-112300000-112400000	0.100041	0.415225	0.559796	1.8307
chr12-97500000-97600000	0.124058	0.356304	-0.053096	1.25279
chr12-4000000-4100000	0.335378	-0.168601	-0.048235	1.1961
chr12-119400000-119500000	0.141311	0.395436	-0.076664	1.11521
chr12-133600000-133700000	-0.261972	0.553859	0.315973	6.28959
chr12-67000000-67100000	0.112312	0.130134	-0.039504	1.47715
chr12-41500000-41600000	0.171566	0.076567	-0.218877	1.10192
chr12-112400000-112500000	-0.053582	0.157973	0.551649	3.41687
chr12-23100000-23200000	0.024389	-0.325022	-0.115294	1.40735
chr12-70400000-70500000	0.136947	0.176653	-0.273576	1.2336
chr12-6400000-6500000	-0.208011	-0.34833	0.228526	6.96308
chr12-112600000-112700000	0.015344	0.30861	0.438201	3.81353
chr12-76200000-76300000	-0.265655	0.303186	0.391586	2.43114
chr12-98200000-98300000	0.349404	0.393107	-0.122213	1.16152
chr12-112700000-112800000	0.288087	0.250995	0.481393	2.10637
chr12-112900000-113000000	0.204638	0.459232	0.372711	2.23566
chr12-59200000-59300000	-0.23744	0.026644	0.111968	1.48465
chr12-42300000-42400000	-0.06656	-0.00286	-0.131374	1.43295
chr12-24300000-24400000	-0.186029	-0.214982	0.144572	2.05176
chr12-11300000-11400000	0.013195	-0.280217	-0.261184	2.80055
chr12-132500000-132600000	-0.134534	0.304153	0.34576	4.31885
chr12-128700000-128800000	0.427065	0.455438	0.028785	1.20517
chr12-34600000-34700000	0.24823	-0.092589	-0.197253	1.01147
chr12-1200000-1300000	-0.053094	-0.319504	0.51509	2.18001
chr12-128000000-128100000	0.309506	0.362228	0.196842	2.06649
chr12-83300000-83400000	0.457196	0.23125	-0.11324	1.2708
chr12-69800000-69900000	-0.316435	0.471144	0.021222	2.65741
chr12-113200000-113300000	0.151526	0.404617	-0.089145	1.33017
chr12-122200000-122300000	-0.150518	0.031795	0.784744	7.81591
chr12-89100000-89200000	0.322217	0.132685	0.508787	1.54602
chr12-65800000-65900000	-0.264823	-0.090919	0.086453	2.20988
chr12-113000000-113100000	0.283987	0.616762	0.115724	1.13198
chr12-89000000-89100000	0.528744	-0.027836	0.375172	1.36334
chr12-68400000-68500000	0.170702	0.164238	-0.18693	1.88114
chr12-48800000-48900000	-0.106157	-0.005643	-0.133286	1.25921
chr12-19600000-19700000	0.000746	-0.376563	0.184846	2.18311
chr12-118500000-118600000	0.041469	0.558452	0.448605	3.56603
chr12-113100000-113200000	0.050419	0.451813	0.194665	1.16516
chr12-65600000-65700000	-0.354329	0.280524	-0.054545	3.54084
chr12-63000000-63100000	-0.312539	0.147699	0.182006	2.81265
chr12-49900000-50000000	-0.262987	-0.054398	0.626639	3.69301
chr12-45000000-45100000	-0.041361	0.057916	-0.168952	1.06646
chr12-43600000-43700000	-0.311903	-0.218685	-0.201163	2.81097
chr12-54700000-54800000	-0.388734	-0.069064	0.034859	4.87538
chr12-32100000-32200000	-0.176415	-0.280573	-0.069278	2.2162
chr12-113400000-113500000	0.209275	0.535194	0.385319	1.7847
chr12-131000000-131100000	0.277559	0.596118	0.093006	1.15941
chr12-113900000-114000000	0.163181	0.412855	0.185787	1.21455
chr12-15900000-16000000	0.293384	-0.363993	0.001054	2.72348
chr12-48400000-48500000	-0.277281	0.099285	0.270911	2.51837
chr12-46100000-46200000	-0.401813	-0.232164	-0.023436	4.11654
chr12-24500000-24600000	0.087492	-0.318343	0.3985	1.87274
chr12-114100000-114200000	0.150255	0.458833	0.209561	1.61475
chr12-59600000-59700000	-0.110378	0.209077	-0.087346	1.11326
chr12-39300000-39400000	0.19361	0.067067	-0.430135	1.14965
chr12-28500000-28600000	0.132837	-0.541038	0.171146	1.37296
chr12-133500000-133600000	-0.077405	0.380812	0.381981	4.85299
chr12-130400000-130500000	-0.039924	0.4305	0.039438	1.24849
chr12-54600000-54700000	-0.337255	-0.011524	0.301261	4.10133
chr12-114200000-114300000	0.357075	0.523079	0.423787	2.27774
chr12-114300000-114400000	0.241643	0.274036	0.280418	2.71333
chr12-128100000-128200000	0.216994	0.650571	0.130057	1.42965
chr12-127300000-127400000	0.15823	0.477116	-0.172898	1.1913
chr12-61800000-61900000	0.142721	0.270712	-0.412862	1.11031
chr12-114400000-114500000	0.318513	0.535383	0.132005	1.98727
chr12-130200000-130300000	0.202137	0.504091	-0.198388	1.25273
chr12-90300000-90400000	0.441618	-0.099375	0.326298	1.54176
chr12-31000000-31100000	-0.084745	-0.187618	-0.246914	1.57054
chr12-114500000-114600000	0.175117	0.272301	0.148321	1.21967
chr12-20500000-20600000	0.067666	-0.196202	-0.010084	1.36533
chr12-20700000-20800000	-0.191621	-0.338497	-0.163492	1.42659
chr12-99700000-99800000	0.445154	0.339195	-0.036188	1.22872
chr12-68600000-68700000	-0.107051	0.283081	0.01061	1.58954
chr12-68100000-68200000	-0.204495	0.413408	-0.188703	2.03581
chr12-55200000-55300000	-0.150886	0.041448	-0.401069	1.18042
chr12-28400000-28500000	0.341483	-0.366404	0.283302	1.4167
chr12-13300000-13400000	-0.036391	-0.358929	0.068126	3.78015
chr12-31300000-31400000	-0.210765	-0.436234	-0.390922	1.36935
chr12-114700000-114800000	0.223919	0.446997	0.255422	2.01755
chr12-60900000-61000000	-0.114267	0.342561	-0.345989	1.18134
chr12-46900000-47000000	-0.388562	-0.296833	0.239871	3.12345
chr12-132900000-133000000	-0.219986	0.600899	0.384012	1.71809
chr12-114900000-115000000	0.428648	0.512895	0.363882	1.50348
chr12-117200000-117300000	-0.05944	0.58281	0.389109	2.3634
chr12-124000000-124100000	-0.280708	0.363208	0.627393	5.25807
chr12-45200000-45300000	0.128142	0.087301	-0.206606	1.15457
chr12-115000000-115100000	0.156736	0.598041	0.264147	1.52605
chr12-117800000-117900000	0.16585	0.364842	0.228874	1.20514
chr12-66800000-66900000	0.050988	0.330029	-0.155272	1.43179
chr12-115100000-115200000	-0.14293	0.608448	0.350544	6.18977
chr12-15000000-15100000	0.318809	-0.27739	-0.193782	1.6213
chr12-115200000-115300000	0.014183	0.493257	0.573985	3.0264
chr12-115300000-115400000	0.098713	0.563053	0.30202	2.49839
chr12-115600000-115700000	0.094117	0.249992	0.430177	1.46496
chr12-89600000-89700000	0.375403	-0.050914	0.271693	2.42181
chr12-115700000-115800000	-0.120406	0.436606	0.422862	2.11416
chr12-200000-300000	0.086125	-0.454277	0.500123	3.1009
chr12-24800000-24900000	-0.214352	-0.488268	0.061193	1.5482
chr12-115900000-116000000	-0.047668	0.229712	0.254988	1.2464
chr12-11600000-11700000	0.142075	-0.476906	-0.092849	1.65482
chr12-45400000-45500000	-0.07505	0.04794	-0.170065	1.27039
chr12-119200000-119300000	0.166985	0.540444	0.179739	1.13038
chr12-87800000-87900000	0.452705	-0.023733	0.265804	1.27266
chr12-27800000-27900000	0.171423	-0.389648	0.487163	2.94834
chr12-118800000-118900000	0.113032	0.674224	0.318896	3.50901
chr12-85300000-85400000	0.225625	0.136229	-0.024167	1.89306
chr12-56200000-56300000	-0.468565	0.152365	0.121703	5.57988
chr12-25600000-25700000	-0.158526	-0.308783	0.343768	1.61564
chr12-116000000-116100000	-0.094101	0.524717	0.291818	1.60285
chr12-116800000-116900000	-0.080804	0.152736	0.48905	3.3639
chr12-29600000-29700000	0.005286	-0.184997	-0.043076	2.52427
chr12-116200000-116300000	-0.013099	0.44351	0.102592	1.24424
chr12-62700000-62800000	-0.413895	0.238815	-0.106011	1.59804
chr12-116700000-116800000	-0.088657	0.397246	0.663365	2.50343
chr12-116900000-117000000	0.054092	0.366918	0.612211	2.11851
chr12-73000000-73100000	-0.060726	0.387259	-0.143812	1.30825
chr12-11700000-11800000	0.045856	-0.338941	0.163999	1.68015
chr12-20200000-20300000	0.006859	-0.344657	-0.200217	1.40722
chr12-24000000-24100000	0.081824	-0.228172	-0.018053	1.34496
chr12-75700000-75800000	0.283647	0.101531	-0.12949	2.76775
chr12-31800000-31900000	-0.185743	-0.306046	0.039226	3.38114
chr12-122700000-122800000	0.002845	0.006797	0.776334	3.67368
chr12-117500000-117600000	0.04982	0.315129	0.501827	1.75744
chr12-84800000-84900000	0.51753	0.201572	-0.061102	1.15733
chr12-117700000-117800000	0.375196	0.413162	0.018706	1.17041
chr12-54800000-54900000	-0.276707	0.208885	0.066325	5.58451
chr12-54400000-54500000	-0.385614	0.074373	-0.098973	1.9292
chr12-12500000-12600000	-0.177734	-0.409917	0.388625	3.46157
chr12-118000000-118100000	-0.020568	0.437628	0.011924	1.13787
chr12-126600000-126700000	-0.03718	0.550405	0.048868	1.17287
chr12-40600000-40700000	-0.121623	0.163581	-0.273234	1.56686
chr12-118300000-118400000	0.155619	0.599934	0.315148	1.27131
chr12-28100000-28200000	0.093284	-0.307747	0.118695	2.51962
chr12-118100000-118200000	0.178575	0.659396	-0.021627	1.30913
chr12-75400000-75500000	0.240229	0.120286	-0.089284	1.0874
chr12-69700000-69800000	-0.363648	0.173453	0.069027	2.25177
chr12-52300000-52400000	-0.382236	0.006575	0.468121	4.32053
chr12-32300000-32400000	-0.144713	-0.223332	0.210255	1.79642
chr12-18100000-18200000	0.086101	-0.327224	-0.247579	1.16872
chr12-118200000-118300000	0.32812	0.434885	0.123888	1.49816
chr12-123400000-123500000	-0.183554	0.043622	0.597904	6.02531
chr12-14200000-14300000	0.369334	-0.16379	-0.281372	1.22955
chr12-16000000-16100000	0.325338	-0.477247	0.281371	3.8061
chr12-30500000-30600000	-0.005804	-0.264391	-0.213266	2.10053
chr12-118600000-118700000	-0.016928	0.631995	0.167049	2.613
chr12-118900000-119000000	0.128141	0.65212	0.004669	1.23798
chr12-11900000-12000000	0.065817	-0.353436	0.159279	2.8531
chr12-119500000-119600000	0.040133	0.613977	0.11477	1.16384
chr12-56500000-56600000	-0.407276	0.108264	0.321899	6.87454
chr12-119600000-119700000	0.278302	0.431843	0.151802	3.45422
chr12-30300000-30400000	0.19928	-0.188932	-0.105708	1.39523
chr12-119700000-119800000	0.013459	0.294688	0.123966	1.1479
chr12-119900000-120000000	0.051245	0.570817	0.029592	1.14172
chr12-56000000-56100000	-0.367922	0.062187	-0.1379	1.8609
chr12-12000000-12100000	-0.213156	-0.454196	0.207499	2.21082
chr12-27200000-27300000	-0.081547	-0.611387	0.295401	1.43382
chr12-129600000-129700000	0.176326	0.264911	0.034016	1.17377
chr12-16500000-16600000	0.170641	-0.519113	-0.223388	3.12172
chr12-94300000-94400000	-0.053837	-0.009369	0.48502	2.06117
chr12-49200000-49300000	-0.432107	0.04967	0.251818	5.69143
chr12-41700000-41800000	0.018847	0.041567	-0.359022	1.18365
chr12-30600000-30700000	-0.216717	-0.273739	-0.423298	1.41497
chr12-96200000-96300000	0.110858	0.129218	0.383784	2.34721
chr12-98700000-98800000	0.154458	0.263589	0.098116	1.51464
chr12-120000000-120100000	0.143768	0.399971	0.263276	1.18725
chr12-64500000-64600000	-0.412552	0.137524	0.185193	3.29281
chr12-42100000-42200000	-0.046252	-0.036778	-0.24707	1.10755
chr12-122500000-122600000	-0.138657	-0.082339	0.912271	5.56857
chr12-120300000-120400000	0.038603	0.627355	0.349895	1.7732
chr12-28700000-28800000	0.179578	-0.177609	-0.022474	1.66588
chr12-120500000-120600000	0.181774	0.288045	0.47043	5.15587
chr12-120600000-120700000	-0.098891	0.301567	0.407047	8.73242
chr12-120700000-120800000	-0.099511	0.135856	0.652315	4.41379
chr12-120900000-121000000	-0.142876	0.166346	0.700015	4.47561
chr12-126900000-127000000	0.019419	0.436971	0.017289	1.28312
chr12-128900000-129000000	0.396474	0.526883	-0.021616	1.16124
chr12-63600000-63700000	-0.069049	0.271364	-0.096432	1.66072
chr12-43500000-43600000	-0.262825	-0.055877	0.049557	1.25141
chr12-18300000-18400000	0.33895	-0.241969	-0.133032	1.13785
chr12-18700000-18800000	0.024528	-0.437142	0.189592	1.23347
chr12-76400000-76500000	-0.217156	0.285884	0.235815	4.79257
chr12-89800000-89900000	0.369518	0.038449	0.689975	2.45552
chr12-56600000-56700000	-0.503219	-0.120898	0.195954	6.89013
chr12-52200000-52300000	-0.474859	-0.250521	0.339357	3.45805
chr12-12100000-12200000	0.073376	-0.456896	0.250275	1.89307
chr12-98300000-98400000	0.207972	0.211384	0.068968	1.24079
chr12-132600000-132700000	-0.272327	0.566274	0.303295	3.71865
chr12-62200000-62300000	-0.039424	0.208108	-0.08365	1.14042
chr12-130500000-130600000	0.19714	0.535857	-0.117838	1.32842
chr12-55100000-55200000	0.001631	0.294216	-0.439538	1.1223
chr12-46800000-46900000	-0.449878	-0.077654	0.402899	2.51196
chr12-121100000-121200000	-0.071207	0.333252	0.73511	3.71443
chr12-58300000-58400000	-0.427484	0.24428	-0.127368	2.82786
chr12-50300000-50400000	-0.333887	-0.007504	0.541054	2.17836
chr12-121200000-121300000	-0.040542	0.093387	0.573068	1.87171
chr12-22000000-22100000	-0.084404	-0.349688	-0.050686	1.48846
chr12-51500000-51600000	-0.629978	0.056316	0.432716	2.8443
chr12-51100000-51200000	-0.263524	-0.123422	0.574886	3.50904
chr12-121500000-121600000	-0.306791	0.221977	0.5119	1.54787
chr12-13800000-13900000	0.290802	-0.156232	-0.176809	1.10476
chr12-95100000-95200000	0.210432	0.099983	0.217063	1.45109
chr12-47400000-47500000	-0.480775	0.062055	0.163235	3.94939
chr12-12200000-12300000	-0.22696	-0.524649	0.216501	2.52754
chr12-96600000-96700000	0.325254	0.194738	0.499354	3.51937
chr12-45300000-45400000	-0.029724	0.035139	-0.460712	1.21013
chr12-18000000-18100000	0.37855	-0.256159	-0.210177	1.18449
chr12-92500000-92600000	0.176106	-0.061645	0.455909	2.80643
chr12-98800000-98900000	0.235256	0.265803	0.40095	2.14475
chr12-41200000-41300000	-0.145785	0.124442	-0.252517	1.27445
chr12-29800000-29900000	0.059426	-0.278587	-0.111573	2.67089
chr12-27600000-27700000	-0.323018	-0.348106	0.240708	2.72358
chr12-14400000-14500000	0.216062	-0.613064	-6.9e-05	3.66315
chr12-78200000-78300000	0.164645	0.084519	0.134152	1.20673
chr12-122000000-122100000	-0.091178	0.067641	0.870496	4.5845
chr12-128300000-128400000	0.279238	0.491747	-0.110689	1.27313
chr12-131300000-131400000	-0.048927	0.485568	0.340896	4.70083
chr12-33300000-33400000	0.032432	-0.198919	-0.379574	1.13663
chr12-122100000-122200000	-0.334931	0.21688	0.818652	3.59352
chr12-122400000-122500000	-0.097894	0.11392	0.699214	3.62206
chr12-128600000-128700000	0.206315	0.495598	-0.179757	1.2542
chr12-5400000-5500000	0.307001	-0.151958	0.064749	1.70082
chr12-32200000-32300000	0.014807	-0.451608	0.103069	2.99787
chr12-122800000-122900000	-0.162517	0.087791	0.576863	3.26587
chr12-16700000-16800000	0.254609	-0.188625	-0.016985	1.28788
chr12-1800000-1900000	0.292972	-0.382138	0.319158	2.31197
chr12-74000000-74100000	0.308668	0.147741	-0.241397	1.1535
chr12-54200000-54300000	-0.15873	0.023417	-0.031101	1.46041
chr12-50600000-50700000	-0.460113	-0.10554	0.539383	3.44321
chr12-12800000-12900000	0.40563	-0.333006	0.28227	4.02889
chr12-52400000-52500000	-0.450155	-0.223024	0.298353	4.73685
chr12-126400000-126500000	0.171314	0.657879	-0.035623	1.1476
chr12-122900000-123000000	-0.108038	0.117066	0.84189	4.09125
chr12-58600000-58700000	-0.243943	0.220881	-0.088441	1.18528
chr12-78400000-78500000	0.537353	0.047841	0.044259	1.75055
chr12-12300000-12400000	-0.265959	-0.395563	-0.041745	1.91618
chr12-54500000-54600000	-0.290072	-0.177834	0.036308	1.89142
chr12-127000000-127100000	0.320834	0.427914	-0.029252	1.11008
chr12-123000000-123100000	-0.094169	0.08994	0.55086	2.72143
chr12-67500000-67600000	0.035431	0.388347	-0.217705	1.0731
chr12-27100000-27200000	-0.29269	-0.427419	0.250724	2.70857
chr12-123200000-123300000	-0.192538	0.108542	0.628596	3.16302
chr12-23300000-23400000	0.226573	-0.418431	-0.263763	1.17925
chr12-123600000-123700000	-0.1736	0.071585	0.506244	2.96773
chr12-7600000-7700000	0.496396	-0.269757	-0.013275	1.47653
chr12-71000000-71100000	0.213643	0.040918	-0.075976	2.49633
chr12-123700000-123800000	0.006286	-0.077352	0.681966	5.40849
chr12-80600000-80700000	0.550025	-0.14665	0.364359	1.67372
chr12-84000000-84100000	0.237579	0.507193	-0.226862	1.14452
chr12-123900000-124000000	-0.050775	0.326478	0.795374	4.42996
chr12-12400000-12500000	-0.221929	-0.61079	0.155971	3.108
chr12-13600000-13700000	0.205237	-0.168774	-0.032615	1.21222
chr12-124100000-124200000	-0.233398	0.075976	0.548734	3.97652
chr12-3600000-3700000	0.034866	-0.27232	-0.134245	1.24505
chr12-25100000-25200000	0.330698	-0.311132	0.343201	3.08056
chr12-124200000-124300000	-0.272986	0.357049	0.464287	1.96517
chr12-124900000-125000000	0.103886	0.145922	0.737775	6.34487
chr12-45700000-45800000	-0.282604	-0.185417	0.08126	1.84267
chr12-125800000-125900000	-0.060794	0.518329	0.106913	1.16963
chr12-65200000-65300000	-0.255199	0.240873	-0.115334	1.82138
chr12-49400000-49500000	-0.293764	-0.062068	0.547656	6.82671
chr12-49600000-49700000	-0.396903	0.038398	0.382718	4.27499
chr12-41600000-41700000	-0.084721	-0.013189	-0.08294	1.23658
chr12-125000000-125100000	-0.102909	0.239983	0.531725	5.20603
chr12-125400000-125500000	-0.208319	0.58316	0.41004	4.19076
chr12-133000000-133100000	-0.077418	0.406615	0.557539	3.55557
chr12-89700000-89800000	0.225745	-0.136381	0.506413	4.49415
chr12-52500000-52600000	-0.674581	-0.050803	0.320079	10.6819
chr12-125600000-125700000	-0.035565	0.599668	0.167383	2.24016
chr12-15600000-15700000	0.064179	-0.415723	-0.154125	1.38657
chr12-88600000-88700000	0.425087	0.085227	0.603884	1.50575
chr12-6700000-6800000	0.061181	-0.417144	0.542883	5.29858
chr12-60000000-60100000	-0.282202	0.028708	-0.195226	1.25542
chr12-95700000-95800000	0.233555	-0.093182	0.548915	1.75859
chr12-64200000-64300000	-0.467437	0.204244	-0.093988	3.16583
chr12-59700000-59800000	-0.079188	0.207184	-0.384454	1.28992
chr12-125700000-125800000	0.248236	0.502307	0.120161	1.22331
chr12-125900000-126000000	0.14694	0.733224	0.135127	1.21947
chr12-12600000-12700000	0.05986	-0.360227	0.239545	2.16222
chr12-127600000-127700000	-0.01875	0.634428	0.052977	1.42976
chr12-90200000-90300000	0.186923	-0.087214	0.491487	1.59107
chr12-1400000-1500000	-0.066301	-0.397546	0.541525	2.12252
chr12-96400000-96500000	0.255256	-0.040705	0.387631	2.35956
chr12-6000000-6100000	0.081492	-0.439631	0.057193	1.55541
chr12-126000000-126100000	0.264264	0.501576	-0.011373	1.1134
chr12-29700000-29800000	0.152128	-0.384164	0.144217	2.71191
chr12-128500000-128600000	0.288615	0.544315	0.115196	1.19988
chr12-17700000-17800000	0.235962	-0.184082	-0.425934	1.13733
chr12-97600000-97700000	0.403448	0.294423	0.037149	1.1007
chr12-126100000-126200000	-0.035799	0.476733	0.060999	1.16347
chr12-64100000-64200000	-0.321797	0.327167	-0.341599	3.62743
chr12-39700000-39800000	-0.105008	0.167365	-0.441219	1.11136
chr12-126500000-126600000	0.215565	0.461157	0.188597	1.19753
chr12-131700000-131800000	0.192861	0.698315	0.017325	1.26776
chr12-88000000-88100000	0.395393	-0.011979	0.23699	1.37501
chr12-126800000-126900000	0.270958	0.583532	0.095686	1.25418
chr12-21500000-21600000	0.105385	-0.360808	-0.242407	3.17354
chr12-56800000-56900000	-0.514707	-0.159137	0.285176	3.14502
chr12-127800000-127900000	0.238287	0.456725	0.214213	1.24043
chr12-38000000-38100000	0.258582	0.188705	-0.493394	1.1734
chr12-21700000-21800000	0.060142	-0.335795	-0.323237	1.38014
chr12-127900000-128000000	0.338634	0.492247	-0.068177	1.3548
chr12-72900000-73000000	-0.25894	0.273861	0.061284	1.42225
chr12-12900000-13000000	0.186207	-0.390185	0.4764	4.21883
chr12-66400000-66500000	-0.302374	0.216383	0.195046	1.75202
chr12-5700000-5800000	-0.086581	-0.407574	-0.049581	1.68385
chr12-6100000-6200000	0.373938	-0.483333	0.134158	2.90611
chr12-3100000-3200000	0.004631	-0.419278	0.249497	3.40287
chr12-129100000-129200000	0.124971	0.597873	-0.083747	1.23819
chr12-129300000-129400000	0.155072	0.636888	0.241173	4.66914
chr12-129400000-129500000	0.000339	0.631919	-0.010497	1.17414
chr12-44600000-44700000	-0.058802	0.190455	-0.423758	1.27451
chr12-129700000-129800000	0.223546	0.498618	0.223919	1.16627
chr12-84400000-84500000	0.497092	0.394164	-0.106638	1.21978
chr12-72400000-72500000	0.037136	0.136871	-0.044569	1.57574
chr12-81600000-81700000	0.369477	0.072949	-0.127281	1.39687
chr12-129800000-129900000	0.237825	0.509988	-0.074592	1.13985
chr12-13000000-13100000	0.077625	-0.53098	0.2633	4.2624
chr12-91000000-91100000	0.418851	0.027393	0.327318	1.3353
chr12-22300000-22400000	0.143004	-0.425851	-0.248719	1.24326
chr12-130300000-130400000	0.240749	0.517047	0.104145	1.21998
chr12-65300000-65400000	0.012443	0.285132	-0.257116	1.35556
chr12-130800000-130900000	0.248908	0.517647	0.157487	1.22755
chr12-98600000-98700000	0.406621	0.193711	-0.050782	1.13685
chr12-34000000-34100000	0.237846	-0.116628	-0.519476	1.19226
chr12-132400000-132500000	-0.185728	0.577435	0.241969	5.02409
chr12-130900000-131000000	-0.017221	0.649653	0.069593	1.22412
chr12-13100000-13200000	0.013596	-0.538726	-0.011714	3.5844
chr12-82200000-82300000	0.229094	0.404479	-0.145	1.11256
chr12-131200000-131300000	0.234936	0.49087	0.238164	2.14033
chr12-8000000-8100000	0.280609	-0.6495	0.147026	2.21013
chr12-41800000-41900000	-0.124167	0.226314	-0.162838	1.41559
chr12-18400000-18500000	0.115236	-0.445926	-0.168029	1.44001
chr12-43200000-43300000	-0.419616	0.111231	-0.091794	1.8795
chr12-131600000-131700000	-0.089684	0.644261	0.069739	1.22431
chr12-131900000-132000000	0.185274	0.628244	-0.049577	1.19967
chr12-33400000-33500000	0.303261	-0.092591	-0.40143	1.15241
chr12-132100000-132200000	-0.052305	0.767633	0.320711	4.8636
chr12-19700000-19800000	-0.157681	-0.355982	-0.067788	1.98958
chr12-62600000-62700000	-0.245032	0.02332	-0.213726	3.70145
chr12-300000-400000	-0.044621	-0.343052	0.71183	1.84222
chr12-15500000-15600000	0.23653	-0.160017	-0.188721	1.18654
chr12-133700000-133800000	-0.186665	0.624112	0.05252	3.64861
chr12-77600000-77700000	-0.027703	0.349846	0.120752	1.37181
chr12-66200000-66300000	-0.34871	0.189645	0.275628	3.85298
chr12-13400000-13500000	0.162295	-0.358271	-0.177586	1.62021
chr12-2100000-2200000	-0.0413	-0.363488	0.500576	3.32927
chr12-33100000-33200000	0.334527	-0.151034	-0.349615	1.17234
chr12-33900000-34000000	-0.033866	-0.156222	-0.399917	1.27459
chr12-13900000-14000000	0.014681	-0.229006	-0.227596	1.18663
chr12-6800000-6900000	-0.025184	-0.48807	0.324842	5.85839
chr12-61300000-61400000	0.162308	0.132055	-0.35389	1.16919
chr12-18500000-18600000	-0.073348	-0.358888	0.040586	1.39962
chr12-69300000-69400000	-0.420951	0.345127	0.086909	1.68468
chr12-14100000-14200000	0.098977	-0.262873	-0.316897	1.67416
chr12-14900000-15000000	0.36262	-0.499973	0.001487	4.80551
chr12-15400000-15500000	0.518955	-0.227223	-0.170639	1.73538
chr12-77200000-77300000	-0.295641	0.250508	0.276684	2.55928
chr12-38700000-38800000	0.110912	0.025085	-0.572993	1.68502
chr12-81200000-81300000	0.3864	0.1543	0.301658	1.56644
chr12-1600000-1700000	-0.07428	-0.231839	0.525388	5.11049
chr12-83100000-83200000	0.443242	0.279974	-0.068659	1.35788
chr12-23400000-23500000	0.02539	-0.289062	-0.434789	1.16513
chr12-23800000-23900000	-0.050083	-0.301593	0.001653	1.36372
chr12-72500000-72600000	-0.145075	0.373956	-0.089443	1.22948
chr12-47600000-47700000	-0.551114	-0.035116	0.116536	3.12691
chr12-81000000-81100000	0.306655	0.08768	0.292742	1.46053
chr12-65000000-65100000	-0.44177	0.021477	0.024539	3.34736
chr12-16200000-16300000	-0.033975	-0.304956	0.062556	1.1898
chr12-16300000-16400000	0.026296	-0.239876	-0.225695	1.12409
chr12-96300000-96400000	0.3837	0.217536	0.281856	2.47374
chr12-16900000-17000000	0.210717	-0.139313	-0.439492	1.10809
chr12-68700000-68800000	-0.2977	0.040325	-0.022083	2.53615
chr12-44400000-44500000	-0.219058	0.118501	-0.413608	1.56922
chr12-40200000-40300000	0.171675	0.074757	-0.247693	1.34712
chr12-40400000-40500000	-0.031821	-0.02857	-0.105185	1.99981
chr12-17200000-17300000	0.30824	-0.134272	-0.136814	1.09647
chr12-68800000-68900000	-0.291735	0.192066	0.23708	1.93918
chr12-93300000-93400000	0.352934	0.145711	0.578615	3.1182
chr12-97700000-97800000	0.099519	0.275207	0.016319	1.21114
chr12-53300000-53400000	-0.296619	-0.103667	0.470097	4.28365
chr12-17300000-17400000	0.289892	-0.247565	-0.408948	1.16429
chr12-86500000-86600000	0.531202	0.103235	0.228813	1.2686
chr12-39800000-39900000	0.048443	0.10046	-0.206001	1.97317
chr12-24600000-24700000	-0.016111	-0.269543	0.113732	1.90384
chr12-17600000-17700000	0.144801	-0.283151	-0.141962	1.13524
chr12-17900000-18000000	0.311224	-0.138712	-0.487024	1.16285
chr12-18200000-18300000	0.269788	-0.179529	-0.428769	1.17013
chr12-2000000-2100000	0.22159	-0.226241	0.436634	2.27213
chr12-19900000-20000000	-0.118452	-0.432051	-0.288957	1.83764
chr12-18600000-18700000	0.216992	-0.290857	0.021986	1.19569
chr12-18900000-19000000	0.254707	-0.544729	-0.03103	1.4127
chr12-1900000-2000000	0.005497	-0.381301	0.382163	2.87986
chr12-22500000-22600000	-0.035798	-0.615707	-0.320474	1.24256
chr12-73600000-73700000	0.140386	0.36807	-0.251841	1.23204
chr12-19000000-19100000	-0.002308	-0.417427	0.056176	1.31199
chr12-40700000-40800000	0.092659	-0.031881	-0.201821	1.32638
chr12-19100000-19200000	0.278806	-0.315707	0.08903	1.57815
chr12-57500000-57600000	-0.260033	-0.08766	0.378608	8.69912
chr12-500000-600000	-0.290532	-0.280595	0.307391	1.77011
chr12-19400000-19500000	0.25274	-0.423268	0.173495	1.83458
chr12-19800000-19900000	0.100427	-0.504216	-0.110733	1.92788
chr12-73400000-73500000	0.128409	0.452113	-0.332941	1.13179
chr12-60300000-60400000	-0.387749	0.259354	-0.192285	1.51319
chr12-24400000-24500000	0.008533	-0.437379	0.12332	1.67189
chr12-20000000-20100000	-0.046252	-0.250603	-0.06619	1.48853
chr12-20600000-20700000	0.036609	-0.226625	-0.318779	1.5228
chr12-24900000-25000000	0.088558	-0.531458	0.098278	1.79236
chr12-20900000-21000000	0.351	-0.238366	-0.403278	1.11204
chr12-23500000-23600000	0.256244	-0.179991	-0.303543	1.10006
chr12-70800000-70900000	-0.036097	0.334174	-0.11416	1.34438
chr12-50200000-50300000	-0.176365	-0.225406	0.560499	4.77092
chr12-21100000-21200000	0.190675	-0.065432	-0.503759	1.13562
chr12-72800000-72900000	-0.238373	0.435569	-0.195436	1.30602
chr12-21600000-21700000	-0.196677	-0.374729	-0.176684	3.48354
chr12-8800000-8900000	0.163333	-0.492484	0.019575	2.54266
chr12-21900000-22000000	0.160333	-0.381145	0.114139	1.57097
chr12-30000000-30100000	-0.024518	-0.230819	-0.068098	1.35271
chr12-2200000-2300000	-0.257	-0.464234	0.348632	2.77395
chr12-55000000-55100000	-0.034234	0.095837	-0.215429	1.17375
chr12-22400000-22500000	-0.134885	-0.381276	-0.138291	1.78745
chr12-22600000-22700000	0.190169	-0.456937	-0.170625	3.35247
chr12-22900000-23000000	0.147146	-0.182903	-0.425785	1.54439
chr12-23900000-24000000	0.012978	-0.397164	-0.262286	1.32671
chr12-64600000-64700000	-0.262289	0.084306	-0.070591	2.70662
chr12-24100000-24200000	-0.189343	-0.338331	0.04787	1.60622
chr12-53800000-53900000	-0.442305	0.082359	0.369091	6.00362
chr12-2500000-2600000	-0.081386	-0.387478	0.48727	1.68677
chr12-25400000-25500000	0.005146	-0.396059	0.183085	2.18799
chr12-72100000-72200000	-0.134506	0.28959	0.078802	2.78479
chr12-61000000-61100000	-0.056961	0.123252	-0.136141	1.24332
chr12-25200000-25300000	0.186643	-0.502605	0.201991	1.41962
chr12-25500000-25600000	0.084579	-0.430615	0.458527	3.59855
chr12-25900000-26000000	-0.021681	-0.498228	0.245857	1.82939
chr12-26100000-26200000	0.086779	-0.365333	0.329963	3.04646
chr12-33600000-33700000	0.33037	-0.091909	-0.285406	1.13691
chr12-26500000-26600000	0.036003	-0.332378	0.370176	1.53008
chr12-26600000-26700000	0.31436	-0.31698	0.265617	1.37551
chr12-82000000-82100000	0.415853	0.185756	-0.154397	1.2442
chr12-40100000-40200000	-0.035083	0.103198	-0.456732	1.50264
chr12-26700000-26800000	0.026947	-0.334649	0.333411	1.59885
chr12-99000000-99100000	0.247952	0.359092	0.26243	3.24277
chr12-73200000-73300000	0.096357	0.370688	-0.415494	1.21302
chr12-26800000-26900000	-0.115892	-0.416244	0.092068	1.71079
chr12-80500000-80600000	0.536481	-0.091451	0.075863	1.59767
chr12-26900000-27000000	-0.324102	-0.298969	0.252218	2.74999
chr12-80900000-81000000	0.537843	0.054721	0.092401	2.2434
chr12-29200000-29300000	0.120109	-0.322303	-0.317872	1.70073
chr12-27000000-27100000	-0.054942	-0.32178	0.381507	2.77236
chr12-29100000-29200000	-0.053086	-0.186031	-0.112151	1.51789
chr12-90600000-90700000	0.264348	0.181188	0.452512	1.59588
chr12-27300000-27400000	-0.137082	-0.392754	0.487255	2.66422
chr12-27400000-27500000	-0.271498	-0.413658	0.232973	3.03302
chr12-76000000-76100000	-0.352451	0.270013	0.285035	2.61107
chr12-78700000-78800000	0.386435	0.008732	0.093626	1.26235
chr12-87600000-87700000	0.375161	0.031298	0.218542	1.46257
chr12-34500000-34600000	0.009152	-0.134389	-0.349996	1.34001
chr12-27700000-27800000	-0.114572	-0.433594	0.379975	2.26923
chr12-74100000-74200000	0.0646	0.326578	-0.224096	1.12729
chr12-27900000-28000000	-0.034946	-0.315277	0.280205	3.2826
chr12-2800000-2900000	0.088664	-0.197288	0.393759	1.37381
chr12-4300000-4400000	0.141995	-0.240546	-0.005536	5.59372
chr12-28200000-28300000	-0.193368	-0.36353	0.120123	1.50834
chr12-28300000-28400000	0.086046	-0.449621	0.145064	4.04379
chr12-59300000-59400000	-0.447815	0.247066	0.033659	2.19842
chr12-48600000-48700000	-0.199185	-0.077884	-0.11441	1.40582
chr12-28600000-28700000	0.283573	-0.298805	0.209882	1.42614
chr12-28800000-28900000	0.315168	-0.432976	0.025799	1.32154
chr12-88400000-88500000	0.619172	0.202534	0.219838	2.11548
chr12-28900000-29000000	0.304085	-0.201977	-0.157956	1.29564
chr12-2900000-3000000	-0.009745	-0.425179	0.225283	4.17558
chr12-69400000-69500000	-0.403193	0.197273	-0.157395	2.465
chr12-29000000-29100000	0.159561	-0.229016	0.082943	1.58445
chr12-85400000-85500000	0.534361	0.170215	0.013992	1.38933
chr12-29300000-29400000	-0.109697	-0.154003	-0.4073	2.63119
chr12-45500000-45600000	-0.312321	0.248596	-0.151568	1.38158
chr12-29400000-29500000	-0.099644	-0.348953	-0.178205	1.6725
chr12-8600000-8700000	0.363492	-0.182032	-0.369082	1.20252
chr12-32800000-32900000	-0.213052	-0.283294	-0.055317	2.83501
chr12-5800000-5900000	0.198512	-0.332237	-0.08189	1.46872
chr12-29500000-29600000	0.186762	-0.419714	-0.071996	2.8988
chr12-94100000-94200000	0.006896	0.078735	0.554125	2.39024
chr12-30800000-30900000	-0.038213	-0.436928	0.125892	3.21443
chr12-29900000-30000000	-0.11314	-0.521872	-0.115901	3.32825
chr12-30400000-30500000	0.188876	-0.155925	-0.399914	1.31311
chr12-30700000-30800000	-0.105856	-0.307139	-0.140488	1.47817
chr12-30900000-31000000	0.142575	-0.317848	-0.068099	5.12492
chr12-51000000-51100000	-0.471186	-0.094828	0.379662	2.22231
chr12-31200000-31300000	-0.324058	-0.642545	-0.220349	1.36073
chr12-75100000-75200000	0.062401	0.396475	-0.183187	1.34061
chr12-31400000-31500000	-0.280141	-0.295435	-0.131729	3.09004
chr12-66600000-66700000	-0.049929	0.07269	-0.098705	2.04347
chr12-31500000-31600000	-0.155624	-0.528099	-0.00274	1.64001
chr12-9500000-9600000	-0.088168	-0.621295	-0.286613	1.32775
chr12-31600000-31700000	0.010473	-0.375878	0.199448	1.85229
chr12-86200000-86300000	0.465955	0.062255	-0.032638	1.18626
chr12-57700000-57800000	-0.531093	0.177359	0.179137	2.33896
chr12-75300000-75400000	0.010484	0.310565	-0.146851	1.23093
chr12-37800000-37900000	0.420736	0.040564	-0.672849	1
chr12-31700000-31800000	-0.044202	-0.562211	-0.019764	2.80086
chr12-31900000-32000000	-0.159238	-0.557835	-0.119238	1.55056
chr12-32600000-32700000	-0.211681	-0.267979	-0.029248	1.76554
chr12-32700000-32800000	-0.013524	-0.234607	0.175584	2.51679
chr12-32900000-33000000	0.05133	-0.15726	-0.184563	3.92498
chr12-33500000-33600000	0.038639	-0.149857	-0.262626	1.10374
chr12-33800000-33900000	0.10877	-0.151776	-0.128973	1.14329
chr12-63700000-63800000	0.063953	0.155395	-0.343842	1.42332
chr12-52700000-52800000	-0.13316	-0.130693	0.274387	1.75764
chr12-34400000-34500000	-0.245481	-0.191878	-0.479195	1.29861
chr12-7000000-7100000	-0.022684	-0.511514	0.337929	7.61892
chr12-34700000-34800000	0.291612	0.047766	-0.436658	1.16617
chr12-89300000-89400000	0.53748	-0.018824	0.350881	1.57194
chr12-70100000-70200000	-0.201227	0.315883	-0.096784	1.98503
chr12-94200000-94300000	0.194864	-0.127002	0.547723	2.12082
chr12-34800000-34900000	0.418241	0.038976	-0.67207	1.71212
chr12-73100000-73200000	0.240077	0.330205	-0.153787	1.17827
chr12-42000000-42100000	-0.07335	0.191667	-0.450424	1.16724
chr12-3500000-3600000	0.309861	-0.292822	-0.163212	1.22194
chr12-50100000-50200000	-0.428639	-0.144029	0.635853	4.44334
chr12-36300000-36400000	0.420015	0.038612	-0.673134	0
chr12-38300000-38400000	0.027178	-0.003293	-0.170051	1.02558
chr12-38400000-38500000	-0.022791	0.09404	-0.453945	1.76884
chr12-90100000-90200000	0.434325	0.015488	0.387481	3.18253
chr12-38500000-38600000	0.178119	-0.118813	-0.533772	1.51343
chr12-38600000-38700000	0.38362	0.100979	-0.480304	1.18756
chr12-3900000-4000000	0.17321	-0.42491	-0.036596	2.25817
chr12-51800000-51900000	-0.500041	-0.093347	0.251765	1.7613
chr12-39100000-39200000	0.232131	0.127449	-0.375533	1.13485
chr12-71200000-71300000	0.199986	0.146155	-0.191494	1.34256
chr12-39200000-39300000	-0.003164	0.077281	-0.201614	1.26103
chr12-57200000-57300000	-0.468088	-0.06122	0.249149	1.6438
chr12-39400000-39500000	-0.044065	-0.011646	-0.270958	1.15383
chr12-39900000-40000000	0.022463	0.042416	-0.512034	1.14659
chr12-40800000-40900000	-0.023972	0.172673	-0.404686	1.17778
chr12-800000-900000	0.061155	-0.339532	0.620207	3.12174
chr12-40900000-41000000	0.039711	-0.044056	-0.21225	1.15497
chr12-41300000-41400000	0.13164	0.006901	-0.185991	1.16337
chr12-41900000-42000000	-0.084712	-0.058029	-0.257675	1.34329
chr12-42400000-42500000	-0.262581	0.068139	-0.355467	1.46004
chr12-42500000-42600000	-0.396928	-0.107141	-0.134152	2.24767
chr12-42600000-42700000	-0.464235	0.148989	-0.245082	2.50768
chr12-84100000-84200000	0.468407	0.326131	-0.126048	1.11045
chr12-42800000-42900000	-0.434854	-0.073889	0.058584	3.11958
chr12-42900000-43000000	-0.330702	-0.03716	-0.219816	3.19433
chr12-43300000-43400000	-0.244814	-0.100424	0.000257	1.79454
chr12-4600000-4700000	0.158098	-0.186362	0.061926	2.15445
chr12-43400000-43500000	-0.008907	-0.087228	0.188812	1.529
chr12-43900000-44000000	-0.239966	-0.085099	-0.349806	1.19042
chr12-4400000-4500000	0.313346	-0.491788	0.031377	2.96555
chr12-44000000-44100000	-0.246251	0.214098	-0.323446	1.39159
chr12-44200000-44300000	-0.320603	0.219161	-0.173849	3.09185
chr12-44300000-44400000	-0.250176	-0.088065	-0.197673	1.52987
chr12-44500000-44600000	-0.071952	0.020052	-0.168152	1.27526
chr12-44700000-44800000	0.174541	0.049548	-0.283785	1.36689
chr12-44800000-44900000	-0.113872	0.128552	-0.276438	1.15624
chr12-44900000-45000000	0.160749	0.128454	-0.362741	1.13501
chr12-45900000-46000000	-0.239959	-0.109934	0.110374	1.32594
chr12-46300000-46400000	-0.360307	-0.308736	0.150639	3.84921
chr12-73800000-73900000	0.202041	0.110084	-0.06623	1.1699
chr12-77400000-77500000	-0.088704	0.205706	0.280163	2.84703
chr12-46500000-46600000	-0.470133	-0.028235	0.05263	1.65796
chr12-46600000-46700000	-0.364701	-0.273981	0.190142	4.06765
chr12-47000000-47100000	-0.431995	-0.006658	0.280944	2.31771
chr12-47100000-47200000	-0.542907	-0.153518	0.035257	2.1819
chr12-8200000-8300000	0.489669	-0.357691	-0.193736	2.81629
chr12-47300000-47400000	-0.476479	-0.225609	0.285432	2.77214
chr12-81400000-81500000	0.442842	0.256059	-0.09105	1.6369
chr12-69200000-69300000	-0.172775	0.175645	0.115475	3.36227
chr12-47800000-47900000	-0.360485	-0.051777	-0.071546	2.28365
chr12-47900000-48000000	-0.252688	0.14612	0.113559	1.726
chr12-4800000-4900000	0.334252	-0.440189	-0.161611	1.28823
chr12-48000000-48100000	-0.500514	-0.00145	0.089807	2.34818
chr12-48100000-48200000	-0.302231	-0.141687	0.279253	5.58166
chr12-48200000-48300000	-0.395961	0.141537	0.232628	5.51247
chr12-62800000-62900000	-0.263394	-0.011544	-0.191282	3.02926
chr12-48500000-48600000	-0.086497	-0.08645	0.166317	3.94284
chr12-97000000-97100000	0.424152	0.317248	-0.006789	1.10186
chr12-48900000-49000000	-0.340632	0.154414	-0.039486	1.15055
chr12-4900000-5000000	0.356204	-0.177849	-0.028865	1.30464
chr12-49000000-49100000	-0.399011	-0.102179	0.113064	2.89717
chr12-98400000-98500000	0.295104	0.410504	-0.139843	1.20675
chr12-49800000-49900000	-0.460806	-0.183814	0.466281	2.65156
chr12-50700000-50800000	-0.431996	-0.362227	0.418429	2.54803
chr12-50900000-51000000	-0.219654	-0.057497	0.503437	2.19419
chr12-55400000-55500000	-0.096295	-0.009723	-0.149049	1.17618
chr12-5100000-5200000	-0.165708	-0.330849	0.026717	2.19873
chr12-60100000-60200000	-0.222065	0.302618	-0.261477	1.57369
chr12-51700000-51800000	-0.252278	-0.19501	0.373876	4.25803
chr12-51900000-52000000	-0.494758	-0.183684	0.491076	3.2911
chr12-52000000-52100000	-0.436953	0.083107	0.469429	1.66022
chr12-52600000-52700000	-0.398021	-0.007437	0.256599	5.07136
chr12-56400000-56500000	-0.182889	-0.053596	0.419667	4.03521
chr12-52800000-52900000	-0.249892	0.119926	0.18155	1.49383
chr12-76300000-76400000	-0.311492	0.016715	0.364053	3.21161
chr12-52900000-53000000	-0.118205	-0.113972	0.275901	1.25107
chr12-73500000-73600000	-0.09953	0.242506	-0.382208	1.07526
chr12-53100000-53200000	-0.34238	-0.160709	0.110417	1.27525
chr12-71600000-71700000	0.195424	0.388833	-0.254598	1.24708
chr12-5500000-5600000	0.305363	-0.367892	0.275115	5.38974
chr12-79600000-79700000	0.520557	0.048197	0.088768	1.39787
chr12-53500000-53600000	-0.397274	-0.010331	0.442155	4.47481
chr12-53600000-53700000	-0.162543	-0.159599	0.539345	7.04575
chr12-53700000-53800000	-0.409084	-0.19306	0.37594	5.59348
chr12-53900000-54000000	-0.199066	-0.07802	0.346353	2.84489
chr12-65100000-65200000	-0.36164	0.282882	0.17503	2.51551
chr12-54100000-54200000	-0.330832	0.10858	0.194452	2.6418
chr12-54900000-55000000	-0.282847	-0.042164	-0.115577	1.3098
chr12-55500000-55600000	0.173491	0.042421	-0.296474	1.24187
chr12-86800000-86900000	0.521823	0.284357	0.182357	1.21931
chr12-55700000-55800000	0.191014	0.116195	-0.282238	1.12542
chr12-55800000-55900000	-0.049288	0.281288	-0.348621	1.09495
chr12-56100000-56200000	-0.439451	-0.12874	0.063422	5.42685
chr12-67300000-67400000	-0.084294	0.252874	-0.030788	1.15183
chr12-56300000-56400000	-0.332485	-0.111929	0.157818	6.18309
chr12-56900000-57000000	-0.436209	0.136239	0.334518	4.0444
chr12-57400000-57500000	-0.45025	-0.160143	0.172976	5.34106
chr12-57800000-57900000	-0.62469	-0.056131	0.254593	4.10947
chr12-57900000-58000000	-0.358156	-0.023097	0.381795	6.29195
chr12-58100000-58200000	-0.251908	0.032923	0.251522	5.49406
chr12-58700000-58800000	-0.386557	-0.055201	-0.041282	1.84651
chr12-85100000-85200000	0.28472	0.401272	-0.18672	1.21324
chr12-85600000-85700000	0.492712	0.121615	-0.002225	1.2677
chr12-58900000-59000000	-0.437475	-0.048677	0.043721	1.70974
chr12-5900000-6000000	0.185816	-0.188496	0.167099	1.61065
chr12-69100000-69200000	-0.368771	0.409118	0.049885	2.95667
chr12-59900000-60000000	-0.319387	0.278268	-0.352949	2.46358
chr12-60200000-60300000	-0.201932	0.172848	0.01955	1.2961
chr12-93200000-93300000	0.471594	-0.114065	0.526783	2.02254
chr12-60500000-60600000	-0.306305	0.277033	-0.106777	1.36625
chr12-82500000-82600000	0.112491	0.372379	-0.176455	1.21004
chr12-86300000-86400000	0.441589	0.369859	-0.04754	1.20635
chr12-71700000-71800000	-0.10623	0.345301	-0.218734	1.23116
chr12-60800000-60900000	-0.317004	0.121128	-0.277831	1.19369
chr12-79300000-79400000	0.512074	0.13379	-0.000684	1.36313
chr12-80800000-80900000	0.575833	-0.06925	0.362473	1.41576
chr12-61200000-61300000	-0.083764	0.188691	-0.179541	1.33224
chr12-63400000-63500000	0.029472	0.000112	-0.126274	1.52404
chr12-61600000-61700000	0.017799	0.411138	-0.334156	1.15064
chr12-61700000-61800000	-0.058661	0.125318	-0.244374	1.26122
chr12-78800000-78900000	0.158232	0.146095	0.225572	1.19187
chr12-61900000-62000000	0.192588	0.039308	-0.244809	1.09575
chr12-6200000-6300000	0.296556	-0.345148	0.37995	5.24143
chr12-98500000-98600000	0.250713	0.347407	0.152348	1.06803
chr12-62100000-62200000	-0.033207	0.039707	-0.324156	1.13619
chr12-80100000-80200000	0.472991	-0.084618	0.172799	1.88621
chr12-84500000-84600000	0.419888	0.110566	-0.192502	1.55193
chr12-62400000-62500000	0.027371	0.078735	-0.13668	1.11004
chr12-77500000-77600000	-0.312036	0.358092	0.127047	2.07625
chr12-62900000-63000000	-0.387172	0.246227	-0.091967	4.35866
chr12-6300000-6400000	0.048989	-0.478185	0.30676	5.94229
chr12-72600000-72700000	-0.142487	0.089744	0.030769	4.32558
chr12-63500000-63600000	0.065279	0.190724	-0.358124	1.16873
chr12-63900000-64000000	-0.245546	0.494487	-0.556417	1.15827
chr12-64000000-64100000	-0.244303	0.49618	-0.55636	3.6419
chr12-64400000-64500000	-0.361704	0.265097	-0.083422	2.72224
chr12-64800000-64900000	-0.434704	0.125984	-0.025612	3.20557
chr12-64900000-65000000	-0.230433	0.146325	0.195245	2.04883
chr12-65700000-65800000	-0.515401	0.048118	0.07261	2.16944
chr12-65900000-66000000	-0.431967	0.161896	0.11334	3.34891
chr12-6600000-6700000	-0.137964	-0.27065	0.390681	8.50771
chr12-66300000-66400000	-0.219427	-0.055371	0.146959	1.78634
chr12-66900000-67000000	-0.175395	0.146758	-0.099561	1.16458
chr12-67100000-67200000	-0.100188	0.283012	-0.193636	1.11364
chr12-67800000-67900000	-0.178942	0.277391	-0.188262	1.72914
chr12-67900000-68000000	-0.06882	0.060046	-0.012626	1.61936
chr12-71400000-71500000	0.231264	0.317221	-0.056147	1.23059
chr12-68000000-68100000	-0.294283	0.126635	-0.198171	3.59054
chr12-68300000-68400000	0	0	0	1.67724
chr12-68900000-69000000	-0.419483	0.401187	0.051599	1.68717
chr12-6900000-7000000	-0.180095	-0.347155	0.531206	7.11673
chr12-69600000-69700000	-0.061223	0.151301	-0.017453	2.93938
chr12-69900000-70000000	-0.431899	0.213876	-0.000414	2.57085
chr12-70000000-70100000	-0.178206	0.088661	0.110494	2.69507
chr12-70900000-71000000	-0.079737	0.066219	0.01911	1.3115
chr12-71300000-71400000	-0.02153	0.36156	-0.197255	1.54322
chr12-97200000-97300000	0.504957	0.229637	0.056872	1.52177
chr12-71500000-71600000	0.204701	0.082923	-0.235084	1.06903
chr12-71800000-71900000	-0.060411	0.206549	0.045697	1.62939
chr12-71900000-72000000	-0.172787	0.31474	-0.210614	1.68268
chr12-72000000-72100000	-0.406456	0.261271	-0.044426	4.11551
chr12-72200000-72300000	-0.287651	0.146644	-0.137791	3.39936
chr12-73300000-73400000	0.225763	0.191424	-0.212542	1.13501
chr12-73900000-74000000	0.094601	0.361899	-0.198417	1.095
chr12-74200000-74300000	0.340432	0.283855	-0.354979	1.12867
chr12-74300000-74400000	0.083198	0.420001	-0.267226	1.09321
chr12-90700000-90800000	0.425659	0.13218	0.206008	1.19359
chr12-96100000-96200000	0.162512	-0.00588	0.658136	2.75069
chr12-74400000-74500000	0.324368	0.237094	-0.226975	1.12634
chr12-74500000-74600000	0.30244	0.537739	-0.199145	1.18803
chr12-74800000-74900000	-0.040692	0.136477	-0.249277	1.15998
chr12-74900000-75000000	0.05624	0.426788	-0.232826	3.484
chr12-7500000-7600000	0.209758	-0.241408	0.010098	2.52627
chr12-75000000-75100000	0.23243	0.203839	-0.353768	1.22116
chr12-75900000-76000000	-0.115575	0.087713	0.293751	2.35563
chr12-76500000-76600000	-0.435415	0.43741	0.145823	1.6873
chr12-76700000-76800000	-0.421501	-0.016444	0.179245	3.18618
chr12-76900000-77000000	-0.335111	0.183595	0.066327	3.09384
chr12-7700000-7800000	0.335457	-0.361514	-0.247883	1.36355
chr12-77000000-77100000	-0.407378	0.121062	0.35636	2.33912
chr12-77100000-77200000	-0.142745	0.007214	0.399593	3.65797
chr12-79500000-79600000	0.248992	0.029762	0.224352	1.37488
chr12-77300000-77400000	-0.232543	0.070103	0.049528	1.61559
chr12-77700000-77800000	-0.240826	0.299739	-0.07938	1.47348
chr12-77900000-78000000	0.29112	0.061876	-0.026319	1.4823
chr12-78000000-78100000	0.578363	0.117376	-0.02743	1.28019
chr12-78500000-78600000	0.341918	-0.108891	0.208448	2.33628
chr12-78900000-79000000	0.296594	-0.08638	0.350757	1.15398
chr12-7900000-8000000	0.450938	-0.487325	-0.021641	1.59347
chr12-79000000-79100000	0.546637	-0.050593	0.168807	1.49196
chr12-95600000-95700000	0.290721	0.19985	0.566385	3.33454
chr12-79400000-79500000	0.521532	-0.101	0.197624	1.65716
chr12-79700000-79800000	0.274422	-0.051712	0.243351	1.58022
chr12-8700000-8800000	0.224929	-0.42723	-0.281979	1.36747
chr12-79800000-79900000	0.564083	-0.088039	0.156585	1.85476
chr12-80000000-80100000	0.495982	0.201232	0.257836	2.85232
chr12-80400000-80500000	0.624558	0.101494	0.295024	1.72897
chr12-8100000-8200000	0.472966	-0.460069	0.065668	4.65379
chr12-81100000-81200000	0.517319	-0.100967	0.17725	1.62792
chr12-81300000-81400000	0.53099	0.009322	0.067781	1.99976
chr12-81500000-81600000	0.157097	0.273306	-0.026692	1.21056
chr12-81700000-81800000	0.115379	0.196726	-0.001119	1.09203
chr12-81800000-81900000	0.401093	0.179799	-0.111755	1.14388
chr12-83200000-83300000	0.163777	0.191885	-0.042361	1.24253
chr12-81900000-82000000	0.153223	0.335885	-0.201871	1.20063
chr12-82300000-82400000	0.339521	0.147919	-0.023192	1.17899
chr12-82600000-82700000	0.340855	0.180012	-0.126239	1.06887
chr12-82700000-82800000	0.196088	0.466599	-0.148812	3.10648
chr12-82900000-83000000	0.392317	0.204083	-0.060805	1.16927
chr12-8300000-8400000	0.735293	-0.446343	-0.357342	1.59306
chr12-83600000-83700000	0.243739	0.442735	-0.114254	1.06804
chr12-83700000-83800000	0.320734	0.155034	-0.175047	1.22322
chr12-83900000-84000000	0.480869	0.326282	-0.255568	1.10038
chr12-84600000-84700000	0.26678	0.181387	0.066397	1.17789
chr12-84700000-84800000	0.287313	0.388616	-0.158797	1.19964
chr12-97800000-97900000	0.312401	0.433661	-0.13176	1.10853
chr12-84900000-85000000	0.312806	0.406	-0.179934	1.18845
chr12-8500000-8600000	0.592255	-0.349354	-0.437661	1.21939
chr12-85000000-85100000	0.256484	0.161885	-0.018948	1.16339
chr12-85800000-85900000	0.229926	0.125117	0.075667	1.24918
chr12-85900000-86000000	0.496424	0.221539	-0.040727	1.37001
chr12-86000000-86100000	0.226958	0.128172	0.074437	1.34718
chr12-86100000-86200000	0.446125	0.32371	0.125618	1.25362
chr12-86400000-86500000	0.498761	0.072136	-0.064095	1.10694
chr12-86600000-86700000	0.247164	0.053676	0.135912	1.2433
chr12-91500000-91600000	0.418867	-0.083306	0.502019	2.07117
chr12-86700000-86800000	0.487898	0.088693	-0.035262	1.20499
chr12-88200000-88300000	0.675662	0.113518	0.246891	1.80183
chr12-86900000-87000000	0.412681	0.100689	-0.029161	1.38851
chr12-87300000-87400000	0.598145	0.279508	0.183723	1.17898
chr12-87500000-87600000	0.534826	0.101619	0.465095	1.56783
chr12-87700000-87800000	0.624752	0.201027	0.145774	1.69822
chr12-87900000-88000000	0.52975	0.232293	0.122915	1.34009
chr12-88300000-88400000	0.463408	-0.074031	0.221193	1.33062
chr12-88500000-88600000	0.562465	-0.05104	0.378315	3.14363
chr12-88800000-88900000	0.466158	0.12157	0.444931	1.69027
chr12-97300000-97400000	0.376578	0.142049	0.309748	3.30065
chr12-88900000-89000000	0.247246	-0.099847	0.408108	1.78737
chr12-8900000-9000000	0.290034	-0.465671	-0.240778	1.44277
chr12-89400000-89500000	0.244767	-0.035822	0.240451	1.89738
chr12-900000-1000000	-0.081532	-0.426387	0.394672	2.16866
chr12-9000000-9100000	0.374262	-0.423331	0.033981	2.07211
chr12-92800000-92900000	0.366105	-0.011952	0.321667	1.45591
chr12-90900000-91000000	0.599497	0.175287	0.141976	1.27333
chr12-91100000-91200000	0.465456	0.086739	0.041247	1.28898
chr12-91200000-91300000	0.389455	0.08072	0.329634	1.22176
chr12-91300000-91400000	0.381441	-0.086925	0.595182	1.74525
chr12-95200000-95300000	0.378112	0.202635	0.435526	1.45698
chr12-91400000-91500000	0.132725	-0.08159	0.437834	1.18959
chr12-9300000-9400000	0.084298	-0.259589	-0.259607	1.19383
chr12-91600000-91700000	0.14019	-0.028508	0.46672	1.35272
chr12-91700000-91800000	0.43091	0.061743	0.463538	1.48408
chr12-91800000-91900000	0.22143	-0.033297	0.254594	1.24395
chr12-91900000-92000000	0.316666	0.224611	0.357872	1.24579
chr12-9200000-9300000	0.347224	-0.165219	-0.32582	1.79575
chr12-92300000-92400000	0.117729	-0.039567	0.501772	1.90497
chr12-92400000-92500000	0.299623	0.1203	0.655135	2.01914
chr12-92900000-93000000	0.212977	-0.124654	0.554056	2.42661
chr12-93400000-93500000	0.129817	-0.032252	0.658609	2.16114
chr12-93500000-93600000	-0.126263	-0.096366	0.531659	2.5677
chr12-93700000-93800000	0.381392	0.021239	0.618892	2.52568
chr12-93900000-94000000	0.31345	-0.082004	0.370948	2.17021
chr12-9400000-9500000	-0.082348	-0.393371	-0.485947	1.24455
chr12-94500000-94600000	0.226385	-0.102464	0.440589	1.38004
chr12-94600000-94700000	0.071048	0.124787	0.355634	1.82186
chr12-94900000-95000000	0.211377	0.043264	0.231309	1.3799
chr12-95300000-95400000	0.091914	0.160353	0.371159	2.36818
chr12-95400000-95500000	0.356824	0.020449	0.422146	2.96919
chr12-95800000-95900000	0.085477	0.132944	0.428602	2.86315
chr12-95900000-96000000	0.360699	0.038644	0.537922	3.02249
chr12-9600000-9700000	0.068715	-0.895035	-0.310239	1.37733
chr12-96000000-96100000	0.133912	0.244783	0.499577	2.29422
chr12-96700000-96800000	0.20012	0.051059	0.285464	3.24794
chr12-96800000-96900000	0.307173	0.160003	0.52997	3.28443
chr12-96900000-97000000	0.466049	0.318723	0.305067	1.73546
chr12-9700000-9800000	0.061766	-0.616409	-0.306049	1.40742
chr12-97900000-98000000	0.206061	0.210973	0.040349	1.03877
chr12-98100000-98200000	0.214996	0.181502	0.049466	1.11044
chr12-98900000-99000000	0.458795	0.161587	0.232975	3.5294
chr12-99100000-99200000	0.360383	0.094928	0.153474	2.80329
chr12-99200000-99300000	0.315238	0.392159	0.080708	1.36231
chr12-99300000-99400000	0.105127	0.413647	-0.126147	1.30325
chr12-99600000-99700000	0.184465	0.1991	0.020942	1.13272
chr12-99800000-99900000	0.165428	0.405655	-0.15044	1.19722
chr12-99900000-100000000	0.420921	0.389269	0.011504	1.28712
