chr19-21400000-21500000	-0.270794	-0.179519	-0.070079	1.41871
chr19-1000000-1100000	0.413858	0.297434	-0.061606	5.96359
chr19-58700000-58800000	0.045278	-0.167468	0.207482	5.13278
chr19-41300000-41400000	-0.077544	0.292996	0.349619	5.36098
chr19-14700000-14800000	-0.052688	-0.023377	-0.045866	1.23432
chr19-58600000-58700000	-0.082129	-0.223424	0.2449	6.01153
chr19-56600000-56700000	-0.136343	-0.270765	0.263469	5.23299
chr19-49700000-49800000	0.170182	-0.11488	0.383879	2.33581
chr19-10700000-10800000	0.204015	-0.028884	-0.057435	6.04327
chr19-29900000-30000000	-0.350975	0.004873	0.231771	1.28196
chr19-38200000-38300000	-0.26103	0.057398	0.263812	3.8897
chr19-32000000-32100000	-0.124058	-0.007018	0.06906	1.94708
chr19-10600000-10700000	0.266278	0.004292	-0.03513	5.73324
chr19-14000000-14100000	0.132243	0.148882	-0.133802	4.13887
chr19-12400000-12500000	-0.08257	0.158915	-0.146093	3.97061
chr19-38000000-38100000	-0.143042	-0.001117	0.212674	2.54558
chr19-10500000-10600000	0.269675	-0.017366	-0.147583	4.77662
chr19-29700000-29800000	-0.354572	-0.029474	0.296535	2.22099
chr19-12300000-12400000	0.005381	0.124502	-0.130621	1.44661
chr19-38800000-38900000	-0.03358	0.042287	0.414512	5.5093
chr19-10200000-10300000	0.158714	-0.009281	-0.188906	5.48262
chr19-36400000-36500000	0.040358	0.174297	0.277033	3.58795
chr19-30800000-30900000	-0.213702	0.078408	0.105876	1.22121
chr19-14600000-14700000	-0.022261	0.130228	-0.091063	6.52228
chr19-54200000-54300000	-0.268998	-0.341708	0.317956	1.23192
chr19-14400000-14500000	0.02085	0.127258	-0.260095	2.75025
chr19-47200000-47300000	0.270518	0.028505	0.3326	6.09062
chr19-16200000-16300000	0.016785	-0.065477	-0.095762	4.54721
chr19-12700000-12800000	0.159992	-0.001236	-0.206515	5.94041
chr19-50700000-50800000	-0.110185	-0.08159	0.270572	1.25733
chr19-4800000-4900000	0.330819	-0.138336	0.064847	5.41132
chr19-10400000-10500000	0.129266	-0.04487	-0.214483	6.62602
chr19-58200000-58300000	-0.049414	-0.244099	0.297049	4.46601
chr19-41800000-41900000	-0.053768	0.092569	0.438855	5.87149
chr19-3800000-3900000	0.331877	-0.123656	0.02155	1.44372
chr19-10000000-10100000	0.02197	-0.044502	-0.004583	1.76342
chr19-14500000-14600000	0.074866	0.062852	-0.205065	5.39913
chr19-1600000-1700000	0.381897	0.152588	0.062924	5.74068
chr19-14200000-14300000	0.008784	0.071139	-0.232429	4.67743
chr19-56800000-56900000	-0.145972	-0.05834	0.331662	4.1125
chr19-43500000-43600000	0.136096	0.322937	0.399179	2.49404
chr19-21600000-21700000	-0.202471	-0.007578	-0.179415	2.32597
chr19-18600000-18700000	0.166335	-0.27752	-0.01744	6.50575
chr19-16400000-16500000	0.051936	0.080184	-0.099934	4.06292
chr19-52200000-52300000	-0.018029	-0.212307	0.345309	2.95849
chr19-4200000-4300000	0.364747	-0.320133	0.082183	3.03073
chr19-10300000-10400000	0.121462	-0.11292	-0.162007	5.36476
chr19-12800000-12900000	0.160066	0.133882	-0.12465	8.20115
chr19-45800000-45900000	0.269723	0.150181	0.294924	3.67266
chr19-21300000-21400000	-0.123786	-0.212666	-0.106277	1.73623
chr19-34800000-34900000	0.011747	0.143889	0.185555	5.32722
chr19-12000000-12100000	0.021459	0.236559	-0.134565	3.47672
chr19-12600000-12700000	0.020164	-0.014535	-0.157319	3.40832
chr19-47100000-47200000	0.225274	-0.075603	0.359788	4.98776
chr19-12100000-12200000	0.059723	0.136121	-0.17778	3.16319
chr19-29300000-29400000	-0.181638	-0.017065	0.090124	1.37911
chr19-10100000-10200000	0.096469	-0.033549	-0.02321	2.4787
chr19-1200000-1300000	0.464255	0.31649	0.013012	10.6659
chr19-45400000-45500000	0.238822	0.071062	0.280531	4.78599
chr19-34000000-34100000	-0.301215	0.068641	0.228919	2.70881
chr19-18300000-18400000	0.171984	-0.333927	-0.111373	5.4587
chr19-14800000-14900000	-0.14843	0.043651	-0.054109	2.67201
chr19-45000000-45100000	0.075091	0.186899	0.336423	2.90302
chr19-41400000-41500000	-0.129228	0.208792	0.29822	1.11603
chr19-16000000-16100000	-0.191201	-0.088056	-0.078313	1.13367
chr19-12500000-12600000	-0.101314	0.006009	-0.202055	2.72267
chr19-30400000-30500000	-0.080973	0.054332	0.145604	2.26519
chr19-14300000-14400000	-0.009126	0.194481	-0.231559	1.52732
chr19-58400000-58500000	0.015717	-0.235723	0.196017	3.43648
chr19-12200000-12300000	0.0304	0.008738	-0.097965	3.61259
chr19-23000000-23100000	-0.291657	-0.090046	0.038328	1.09467
chr19-19900000-20000000	-0.232118	-0.201611	-0.112152	3.58705
chr19-50200000-50300000	0.082336	-0.271256	0.39136	4.42734
chr19-10800000-10900000	0.323125	-0.052126	-0.086798	4.90939
chr19-57900000-58000000	-0.057189	-0.042634	0.213385	4.29656
chr19-10900000-11000000	0.253004	0.011263	-0.045869	8.34906
chr19-33700000-33800000	-0.192047	0.172632	0.1884	1.62628
chr19-17200000-17300000	0.123079	-0.042072	-0.233749	5.8185
chr19-13800000-13900000	0.037414	0.077763	-0.119234	6.06464
chr19-1100000-1200000	0.372128	0.338146	0.003851	8.46237
chr19-48300000-48400000	0.211654	-0.118219	0.526151	1.38807
chr19-39300000-39400000	0.031573	0.018085	0.567123	5.04875
chr19-15600000-15700000	-0.140628	0.194342	-0.088206	1.56783
chr19-42600000-42700000	0.095329	-0.06183	0.232748	4.91054
chr19-42200000-42300000	-0.065246	0.034898	0.234361	1.15883
chr19-35200000-35300000	-0.266411	0.023363	0.340618	4.1526
chr19-28400000-28500000	-0.1616	-0.036896	0.163194	1.35675
chr19-13100000-13200000	0.14385	0.03917	-0.144173	8.28389
chr19-20000000-20100000	-0.188267	-0.276593	0.010093	2.0833
chr19-11000000-11100000	0.265897	-0.067427	-0.058843	6.41708
chr19-19800000-19900000	-0.13304	-0.193008	-0.014204	2.78519
chr19-3700000-3800000	0.323821	-0.089492	-0.001693	3.46224
chr19-11100000-11200000	0.246399	0.041048	-0.080238	5.01629
chr19-55600000-55700000	-0.030075	-0.24787	0.239913	4.95208
chr19-4700000-4800000	0.294804	-0.239461	0.149295	7.75094
chr19-11200000-11300000	0.295174	0.149079	-0.116048	6.93288
chr19-44000000-44100000	0.151946	0.141746	0.314754	5.86819
chr19-11300000-11400000	0.254254	0.210671	-0.113606	5.18392
chr19-15100000-15200000	-0.164601	0.147893	-0.051258	1.14336
chr19-400000-500000	0.206218	0.366911	0.042095	3.35169
chr19-9100000-9200000	-0.112801	-0.180981	-0.179239	1.2614
chr19-1500000-1600000	0.411108	0.130185	-0.03947	5.72688
chr19-20500000-20600000	-0.502524	-0.174132	-0.091597	1.25105
chr19-9700000-9800000	0.013679	-0.053217	-0.0392	3.95397
chr19-13000000-13100000	0.126813	0.086742	-0.293102	6.46857
chr19-6500000-6600000	0.110213	-0.221181	0.00231	2.41825
chr19-57200000-57300000	-0.135991	-0.05449	0.159572	1.3021
chr19-37500000-37600000	-0.176873	0.178849	0.2467	3.05016
chr19-51700000-51800000	-0.168895	-0.093867	0.215986	1.18463
chr19-48400000-48500000	0.137393	-0.095657	0.418271	1.35634
chr19-46500000-46600000	0.233221	0.060427	0.331501	1.79499
chr19-19300000-19400000	-0.023982	-0.342742	-0.041582	5.3728
chr19-1300000-1400000	0.474901	0.232896	0.002056	4.64946
chr19-40200000-40300000	-0.221693	-0.052432	0.334106	1.23521
chr19-19400000-19500000	0.022414	-0.262642	-0.146531	6.11669
chr19-15400000-15500000	0.058403	-0.006958	-0.049881	5.49213
chr19-15800000-15900000	-0.201916	0.129701	-0.081468	1.18665
chr19-20300000-20400000	-0.246355	-0.229984	0.001097	1.73321
chr19-55000000-55100000	-0.318474	-0.146533	0.240954	1.35099
chr19-11400000-11500000	0.213666	0.130573	-0.088075	4.89889
chr19-8300000-8400000	0.157867	-0.224838	-0.147406	4.31064
chr19-22400000-22500000	-0.366147	-0.042449	0.004787	1.10588
chr19-15000000-15100000	-0.179063	0.013522	-0.019883	1.11402
chr19-31200000-31300000	-0.151348	0.0627	0.054324	1.27463
chr19-17700000-17800000	0.100358	-0.15131	-0.173743	2.08452
chr19-11800000-11900000	0.113232	0.060838	0.004727	3.7841
chr19-22800000-22900000	-0.402636	-0.084145	-0.036443	1.33783
chr19-28200000-28300000	-0.395793	0.070334	0.238434	3.03123
chr19-15300000-15400000	0.103478	0.007294	-0.014453	5.31384
chr19-6100000-6200000	0.070542	-0.132886	-0.048791	2.70709
chr19-57800000-57900000	0.055832	-0.127589	0.145572	3.93521
chr19-13200000-13300000	0.112249	0.123133	-0.218865	8.70675
chr19-46800000-46900000	0.347061	0.012766	0.311211	4.44183
chr19-33300000-33400000	-0.121269	0.207149	0.14638	1.72425
chr19-2100000-2200000	0.537755	0.023985	0.039394	5.90075
chr19-11500000-11600000	0.208496	0.164639	-0.127762	3.80772
chr19-39600000-39700000	-0.104138	-0.016446	0.452254	4.47597
chr19-11600000-11700000	0.132864	0.064035	-0.133182	5.32576
chr19-55300000-55400000	-0.308736	-0.078763	0.284685	1.12718
chr19-15700000-15800000	-0.17441	0.023129	-0.118031	1.18619
chr19-24500000-24600000	-0.328481	0.069494	-0.025659	1.10136
chr19-13600000-13700000	0.001007	0.020775	-0.083248	2.01655
chr19-37000000-37100000	-0.075642	-0.035113	0.299744	5.70773
chr19-11700000-11800000	0.099334	0.17717	-0.023561	2.74735
chr19-13900000-14000000	0.029442	0.218969	-0.163655	8.97093
chr19-11900000-12000000	0.024134	0.102289	-0.084218	3.96832
chr19-12900000-13000000	0.077654	0.08124	-0.17775	5.17885
chr19-55200000-55300000	-0.293292	-0.216733	0.257231	1.20822
chr19-13300000-13400000	0.079341	0.114945	-0.090441	2.67664
chr19-44200000-44300000	0.100236	0.067661	0.284425	4.72496
chr19-42300000-42400000	-0.050588	-0.040907	0.354877	5.94459
chr19-55100000-55200000	-0.207944	-0.182236	0.188065	1.27246
chr19-15500000-15600000	-0.028622	0.119629	-0.027674	5.24737
chr19-53000000-53100000	-0.129807	-0.30383	0.389763	3.23439
chr19-13400000-13500000	-0.048011	0.060488	-0.159109	1.61219
chr19-48600000-48700000	0.111505	-0.213177	0.386151	3.24057
chr19-35400000-35500000	-0.051505	0.027463	0.213075	5.43424
chr19-15200000-15300000	-0.031099	0.053109	-0.010585	4.97223
chr19-55800000-55900000	0.085996	-0.247181	0.273206	5.59238
chr19-53700000-53800000	-0.250286	-0.161827	0.322862	3.55701
chr19-31800000-31900000	-0.155652	0.25154	0.093088	4.52515
chr19-13500000-13600000	-0.045547	-0.049352	-0.137284	1.99851
chr19-44600000-44700000	0.044479	0.09094	0.31066	3.76577
chr19-31500000-31600000	-0.179669	0.142311	0.089765	1.5306
chr19-13700000-13800000	0.024584	0.157545	-0.05833	2.59682
chr19-1400000-1500000	0.363037	0.224805	0.004825	6.11756
chr19-54500000-54600000	-0.149184	-0.343423	0.338565	2.20235
chr19-52500000-52600000	-0.037947	-0.116634	0.313038	4.70931
chr19-4400000-4500000	0.449659	-0.150012	0.132881	7.07274
chr19-21200000-21300000	-0.214499	-0.249656	-0.011434	2.2587
chr19-14100000-14200000	0.064405	0.22315	-0.215479	5.21767
chr19-14900000-15000000	-0.08613	-0.049995	0.028467	1.09261
chr19-51900000-52000000	-0.250983	-0.142468	0.239159	1.37418
chr19-15900000-16000000	-0.131851	0.017807	-0.055369	3.29048
chr19-16100000-16200000	-0.085546	-0.010939	-0.14278	5.04081
chr19-45300000-45400000	0.190178	0.191864	0.257039	5.97803
chr19-16300000-16400000	0.019406	0.083608	-0.033896	4.65474
chr19-54000000-54100000	-0.162888	-0.215531	0.383114	4.03167
chr19-4000000-4100000	0.437501	-0.211127	0.088881	6.8879
chr19-16500000-16600000	0.087144	0.092838	0.011258	3.66417
chr19-43600000-43700000	0.00114	0.252113	0.505461	2.13019
chr19-16600000-16700000	0.134267	-0.034621	-0.033366	5.87119
chr19-39900000-40000000	-0.057685	0.081055	0.467829	7.03602
chr19-16700000-16800000	0.033709	-0.070777	-0.091001	4.19619
chr19-29200000-29300000	-0.290207	0.067755	0.129825	1.31411
chr19-16800000-16900000	-0.038742	-0.033043	-0.210237	1.39679
chr19-16900000-17000000	-0.036113	-0.147572	-0.185044	4.38019
chr19-5100000-5200000	0.289898	-0.170468	0.091746	5.70045
chr19-20200000-20300000	-0.255617	-0.15805	-0.139393	2.27971
chr19-1700000-1800000	0.374213	0.124844	0.030015	1.823
chr19-46400000-46500000	0.225745	0.170584	0.311314	2.69572
chr19-22600000-22700000	-0.329424	-0.043859	0.017245	1.17309
chr19-17000000-17100000	0.002993	-0.027208	-0.19608	2.52225
chr19-7300000-7400000	0.071101	-0.441579	-0.058799	1.37443
chr19-28100000-28200000	-0.308302	0.089016	0.120926	1.12817
chr19-39100000-39200000	-0.076639	0.109674	0.458335	7.59264
chr19-39000000-39100000	-0.129335	-0.008979	0.448429	1.88241
chr19-31100000-31200000	0	0	0	1.32778
chr19-28700000-28800000	-0.266991	0.005893	0.171067	1.42387
chr19-17100000-17200000	0.005281	-0.15281	-0.154958	4.80844
chr19-19000000-19100000	0.093546	-0.312228	0.034474	5.37103
chr19-17300000-17400000	0.147706	-0.111963	-0.312235	7.28837
chr19-17400000-17500000	0.126967	-0.083361	-0.218461	6.30959
chr19-8100000-8200000	-0.007777	-0.200847	-0.019601	1.38243
chr19-31000000-31100000	-0.089461	0.114569	0.073361	1.27679
chr19-20400000-20500000	-0.366664	-0.139419	-0.01902	1.12051
chr19-17500000-17600000	0.159948	-0.144303	-0.100537	4.40857
chr19-17600000-17700000	0.130716	-0.207477	-0.223901	6.04592
chr19-37700000-37800000	-0.146269	0.194052	0.254916	5.45106
chr19-3100000-3200000	0.444	-0.096765	0.014325	6.22453
chr19-22500000-22600000	-0.372675	-0.080352	-0.119677	1.17375
chr19-17800000-17900000	0.14471	-0.081555	-0.094583	3.5307
chr19-17900000-18000000	0.113977	-0.112463	-0.20262	3.62929
chr19-43700000-43800000	-0.009437	0.197651	0.557744	2.28134
chr19-29800000-29900000	-0.245385	-0.045758	0.19798	1.22556
chr19-1800000-1900000	0.474153	0.080896	-0.030431	8.548
chr19-50400000-50500000	0.069989	-0.121406	0.299169	3.81083
chr19-49000000-49100000	0.245468	-0.196781	0.464918	2.60673
chr19-36200000-36300000	0.072055	0.204066	0.189655	6.95275
chr19-7400000-7500000	0.043724	-0.278361	-0.067359	2.79297
chr19-18000000-18100000	0.180022	-0.200021	-0.189176	2.85083
chr19-54300000-54400000	-0.13963	-0.231169	0.348628	4.16535
chr19-43200000-43300000	0.029324	0.325704	0.328422	1.5569
chr19-34200000-34300000	-0.29605	0.097396	0.256034	2.45695
chr19-23500000-23600000	-0.253854	-0.090121	-0.017687	2.51467
chr19-8600000-8700000	0.071935	-0.201988	-0.164768	4.87909
chr19-32200000-32300000	-0.170454	0.123781	0.243282	1.21107
chr19-18100000-18200000	0.099794	-0.283666	-0.172031	4.18505
chr19-52300000-52400000	-0.135976	-0.135506	0.2997	2.44688
chr19-18200000-18300000	0.173663	-0.261356	-0.121626	5.63164
chr19-18400000-18500000	0.210198	-0.388093	-0.100575	8.12269
chr19-18500000-18600000	0.23663	-0.254836	-0.067298	7.07314
chr19-47500000-47600000	0.391723	-0.038366	0.266609	4.03807
chr19-18700000-18800000	0.18343	-0.384554	0.053116	4.91649
chr19-38600000-38700000	-0.048865	-0.031696	0.486162	4.7895
chr19-18800000-18900000	0.120605	-0.385342	-0.017119	3.15366
chr19-18900000-19000000	0.155327	-0.314675	-0.07572	4.06822
chr19-1900000-2000000	0.455883	0.026877	0.073824	6.06311
chr19-500000-600000	0.322286	0.274997	0.076181	6.66137
chr19-37300000-37400000	-0.060956	-0.027342	0.256016	7.09901
chr19-19100000-19200000	0.042172	-0.269061	-0.042991	4.85386
chr19-39500000-39600000	-0.035278	0.100742	0.420819	2.15146
chr19-31600000-31700000	-0.049461	0.108923	0.132462	3.64464
chr19-19200000-19300000	-0.025018	-0.290348	-0.124169	3.89683
chr19-55500000-55600000	-0.169183	-0.185545	0.284927	2.41698
chr19-53200000-53300000	-0.140745	-0.239941	0.428249	2.56555
chr19-40400000-40500000	-0.113028	0.131733	0.303837	3.31061
chr19-19500000-19600000	-0.034786	-0.303131	-0.033655	5.69791
chr19-37100000-37200000	-0.045082	0.085842	0.222316	4.60915
chr19-19600000-19700000	-0.050778	-0.214034	-0.128449	5.25608
chr19-44500000-44600000	0.050885	-0.007629	0.212526	4.46755
chr19-24600000-24700000	-0.403961	0.100639	-0.098984	1.96667
chr19-19700000-19800000	-0.138791	-0.228705	-0.17218	5.33122
chr19-200000-300000	0.207131	0.367412	0.039648	2.84819
chr19-2000000-2100000	0.525574	0.017852	0.028989	8.33488
chr19-20100000-20200000	-0.163877	-0.13803	-0.00984	3.11182
chr19-48000000-48100000	0.249345	-0.119238	0.421069	3.81
chr19-20600000-20700000	-0.383633	-0.138066	-0.007589	2.45807
chr19-46300000-46400000	0.32283	0.143867	0.265185	5.12817
chr19-39800000-39900000	0.049284	0.03725	0.357758	7.20737
chr19-20700000-20800000	-0.304919	-0.045929	-0.119689	1.87272
chr19-35500000-35600000	-0.183065	0.039942	0.292026	2.77114
chr19-51200000-51300000	-0.140778	-0.144784	0.368155	4.88491
chr19-28000000-28100000	-0.226293	0.056697	0.087142	1.01623
chr19-20800000-20900000	-0.218837	-0.127499	-0.026161	2.35311
chr19-20900000-21000000	-0.298882	-0.030644	-0.132419	1.88721
chr19-41200000-41300000	0.014498	0.181508	0.277724	6.1086
chr19-21000000-21100000	-0.305668	-0.190758	-0.12851	1.18491
chr19-27700000-27800000	-0.387174	0.079346	0.008643	4.39753
chr19-21100000-21200000	-0.190667	-0.102889	-0.077257	1.92546
chr19-38300000-38400000	-0.128312	-0.016336	0.319954	3.42666
chr19-29100000-29200000	-0.147516	0.001836	0.104619	1.22479
chr19-21500000-21600000	-0.140646	-0.111428	-0.097629	2.41238
chr19-34600000-34700000	-0.074876	0.067227	0.193953	4.46548
chr19-21700000-21800000	-0.189469	-0.162803	-0.136764	1.80583
chr19-7000000-7100000	-0.096346	-0.338446	-0.061354	5.87473
chr19-41100000-41200000	0.092441	0.077476	0.332177	5.9987
chr19-21800000-21900000	-0.307815	-0.07581	-0.103695	1.1579
chr19-21900000-22000000	-0.178506	-0.157455	-0.057647	1.9178
chr19-2200000-2300000	0.469836	0.031645	-0.011484	7.59729
chr19-51800000-51900000	-0.182848	-0.078607	0.374676	4.89283
chr19-2300000-2400000	0.467994	0.069703	-0.065974	4.10776
chr19-22000000-22100000	-0.301192	-0.101247	-0.117276	3.15157
chr19-22100000-22200000	-0.276885	-0.2641	-0.102458	1.09189
chr19-22200000-22300000	-0.230704	-0.120189	-0.123335	1.46745
chr19-22300000-22400000	-0.277907	-0.164101	0.022064	1.13079
chr19-44700000-44800000	0.071965	0.052951	0.18652	3.42082
chr19-44300000-44400000	0.038894	-0.023164	0.18228	3.31773
chr19-22700000-22800000	-0.31334	0.014798	-0.120076	1.12824
chr19-35700000-35800000	-0.07178	0.014662	0.25884	3.66409
chr19-22900000-23000000	-0.379461	-0.211622	0.025059	1.27609
chr19-32800000-32900000	-0.275462	0.111239	0.089732	4.12661
chr19-23100000-23200000	-0.373755	-0.033239	-0.08964	1.09063
chr19-29400000-29500000	-0.061346	0.069851	0.066559	1.88118
chr19-23200000-23300000	-0.336427	-0.088013	0.044075	1.71277
chr19-6800000-6900000	-0.128174	-0.36366	0.012458	1.875
chr19-7600000-7700000	0.054635	-0.212629	-0.040408	4.24645
chr19-5400000-5500000	0.251096	-0.281282	0.034989	2.35228
chr19-47300000-47400000	0.30255	0.018888	0.251771	4.46086
chr19-45600000-45700000	0.272662	0.226728	0.297984	5.25648
chr19-29500000-29600000	-0.166108	0.035063	0.150021	1.3899
chr19-36700000-36800000	-0.114598	0.268075	0.182041	4.65383
chr19-23300000-23400000	-0.270782	-0.215063	-0.027393	1.47371
chr19-52600000-52700000	-0.008349	-0.088558	0.183096	5.40585
chr19-23400000-23500000	-0.387889	-0.158328	0.046684	1.91733
chr19-8000000-8100000	0.079251	-0.110402	-0.008272	3.99594
chr19-38700000-38800000	0.01434	-0.038125	0.334552	4.08254
chr19-23600000-23700000	-0.286758	0.013041	-0.137826	1.25052
chr19-6400000-6500000	0.08267	-0.335877	-0.049615	3.79794
chr19-45100000-45200000	0.169225	0.104749	0.310407	4.14407
chr19-23700000-23800000	-0.265166	-0.114843	-0.109149	2.30962
chr19-54100000-54200000	-0.264782	-0.20766	0.27927	1.30308
chr19-52800000-52900000	-0.113005	-0.208275	0.36848	3.68034
chr19-32600000-32700000	-0.277523	0.140107	0.100136	1.19509
chr19-3000000-3100000	0.414617	-0.08075	0.071767	5.13186
chr19-23800000-23900000	-0.204979	-0.171267	0.014353	2.05126
chr19-5200000-5300000	0.229923	-0.275343	0.070271	2.88325
chr19-23900000-24000000	-0.346974	-0.203898	0.04268	2.24989
chr19-2400000-2500000	0.534283	-0.005468	-0.04626	5.8658
chr19-24000000-24100000	-0.220532	-0.234708	-0.006189	1.79612
chr19-3500000-3600000	0.483971	-0.035009	0.023265	6.60295
chr19-24100000-24200000	-0.31316	-0.127274	0.043575	1.56011
chr19-48500000-48600000	0.112011	-0.093884	0.385938	2.08028
chr19-33100000-33200000	-0.092453	0.246048	0.143833	4.23879
chr19-44800000-44900000	0.01473	0.143577	0.160868	2.73955
chr19-44100000-44200000	0.151165	0.107995	0.176341	4.7495
chr19-42100000-42200000	-0.120557	-0.047164	0.183574	1.21987
chr19-24200000-24300000	-0.309557	-0.253531	-0.039761	3.01214
chr19-24300000-24400000	-0.252121	-0.125653	0.008417	1.34063
chr19-24400000-24500000	-0.244965	-0.006829	0.013634	1.0317
chr19-2500000-2600000	0.463398	-0.004117	-0.008801	5.50489
chr19-36300000-36400000	0.051986	0.081404	0.184881	3.62329
chr19-2600000-2700000	0.407397	0.058746	0.068758	2.5179
chr19-33800000-33900000	-0.213669	0.139464	0.313502	3.35659
chr19-26100000-26200000	-0.408659	0.100249	-0.097621	0
chr19-57500000-57600000	-0.321525	-0.005254	0.23912	1.17034
chr19-2700000-2800000	0.413812	0.029873	0.139974	4.64076
chr19-56400000-56500000	-0.164119	-0.120702	0.133078	1.1844
chr19-52400000-52500000	-0.039723	-0.140283	0.18985	4.16264
chr19-27800000-27900000	-0.274205	-0.022475	0.058576	1.16272
chr19-56000000-56100000	0.085425	-0.275798	0.201907	5.00058
chr19-49800000-49900000	0.181345	-0.068433	0.298945	3.33359
chr19-27900000-28000000	-0.149494	0.068587	0.06368	1.03252
chr19-29000000-29100000	-0.281888	0.031572	0.147005	1.17946
chr19-2800000-2900000	0.313757	-0.026287	0.114508	4.10167
chr19-9800000-9900000	-0.05661	-0.008895	-0.123439	4.17435
chr19-28300000-28400000	-0.321667	-0.004615	0.133293	1.35234
chr19-55700000-55800000	0.014088	-0.175205	0.335752	5.23083
chr19-33600000-33700000	-0.106366	0.315467	0.167184	3.08381
chr19-28500000-28600000	-0.306173	-0.071619	0.199212	1.41576
chr19-28600000-28700000	-0.195658	-0.110695	0.126745	1.18833
chr19-28800000-28900000	-0.135386	0.018942	0.095107	1.33062
chr19-28900000-29000000	-0.21214	-0.102746	0.159792	2.10454
chr19-2900000-3000000	0.39213	-0.096756	0.160632	4.08409
chr19-30200000-30300000	-0.227936	0.216817	0.134126	3.1191
chr19-29600000-29700000	-0.303138	0.037828	0.181815	1.24547
chr19-39700000-39800000	-0.020938	-0.105399	0.366098	1.33353
chr19-39400000-39500000	-0.099918	0.090764	0.554911	3.3933
chr19-300000-400000	0.209421	0.368806	0.043758	3.75862
chr19-30000000-30100000	-0.273357	0.074385	0.112805	3.02681
chr19-7800000-7900000	0.010947	-0.239599	-0.006843	3.21146
chr19-30100000-30200000	-0.33628	0.172676	0.235643	3.51982
chr19-49600000-49700000	0.236214	-0.118486	0.301384	5.18885
chr19-30300000-30400000	-0.155128	0.156347	0.23319	3.40588
chr19-49500000-49600000	0.325893	-0.107083	0.253979	4.08871
chr19-30500000-30600000	-0.202466	0.030131	0.060352	1.48111
chr19-56200000-56300000	-0.201615	-0.265165	0.202861	3.91808
chr19-30600000-30700000	-0.283905	0.152311	0.11926	1.23777
chr19-50800000-50900000	-0.053802	-0.157251	0.384201	4.57297
chr19-30700000-30800000	-0.299935	0.021832	0.196135	1.35131
chr19-30900000-31000000	-0.179111	0.214079	0.112685	1.20157
chr19-40300000-40400000	-0.268821	0.088759	0.327522	5.82147
chr19-31300000-31400000	-0.29703	0.116221	0.096442	1.20771
chr19-35600000-35700000	-0.075326	0.138016	0.294165	3.3512
chr19-31400000-31500000	-0.263516	0.10968	0.230642	1.2304
chr19-31700000-31800000	-0.092704	0.188049	0.220276	3.31507
chr19-31900000-32000000	-0.088766	0.143047	0.098042	1.36176
chr19-41500000-41600000	-0.157059	0.135035	0.286805	1.16174
chr19-38500000-38600000	0.04449	-0.012552	0.416256	5.20071
chr19-3200000-3300000	0.452661	-0.03497	0.045491	2.70486
chr19-34700000-34800000	-0.002054	0.1318	0.105988	4.08692
chr19-32100000-32200000	-0.122582	0.140099	0.107526	1.43049
chr19-32300000-32400000	-0.298732	0.17155	0.192984	1.19379
chr19-32400000-32500000	-0.233877	0.093335	0.094722	1.18066
chr19-32500000-32600000	-0.19567	0.213155	0.176594	1.14705
chr19-36500000-36600000	-0.066045	0.210041	0.328944	4.59847
chr19-32700000-32800000	-0.320817	0.216175	0.220642	1.26546
chr19-32900000-33000000	-0.179251	0.184943	0.13387	1.69968
chr19-57000000-57100000	-0.064494	-0.104859	0.167577	6.61525
chr19-53400000-53500000	0.030344	-0.27666	0.273871	3.92492
chr19-3300000-3400000	0.492485	-0.187297	0.037637	6.3827
chr19-33000000-33100000	-0.074644	0.077584	0.170854	3.15024
chr19-33200000-33300000	-0.234918	0.165686	0.203053	1.44672
chr19-33400000-33500000	-0.239133	0.188334	0.080061	2.86045
chr19-33500000-33600000	-0.223322	0.282021	0.202184	3.22622
chr19-33900000-34000000	-0.265873	-0.021514	0.31869	2.72918
chr19-3400000-3500000	0.489202	-0.186439	0.04866	6.34764
chr19-34100000-34200000	-0.16883	0.074341	0.272198	1.25541
chr19-43000000-43100000	0.017175	0.116595	0.367762	1.18912
chr19-41600000-41700000	-0.04362	0.126488	0.403187	2.43226
chr19-34300000-34400000	-0.239134	-0.046776	0.178139	1.77936
chr19-6600000-6700000	-0.004935	-0.275739	0.012921	1.59587
chr19-58800000-58900000	0.12677	-0.123941	0.295191	6.91212
chr19-34400000-34500000	-0.166871	0.022695	0.261329	1.164
chr19-47400000-47500000	0.279341	-0.002302	0.211683	4.76113
chr19-9000000-9100000	-0.167158	-0.079092	-0.16063	1.11629
chr19-34500000-34600000	-0.237818	0.096968	0.175622	1.25883
chr19-34900000-35000000	0.000116	-0.00543	0.179675	4.09168
chr19-35000000-35100000	-0.141173	0.108175	0.150221	1.27259
chr19-35100000-35200000	-0.247886	0.110018	0.228614	4.3447
chr19-55400000-55500000	-0.234052	-0.110244	0.386156	1.30934
chr19-59000000-59100000	0.133931	-0.280516	0.22671	10.3463
chr19-51000000-51100000	-0.100853	-0.151158	0.348372	3.49839
chr19-35300000-35400000	-0.202725	-0.009481	0.220152	1.16358
chr19-35800000-35900000	-0.187121	-0.001629	0.344684	1.85299
chr19-35900000-36000000	-0.15986	0.07939	0.28813	1.34507
chr19-3600000-3700000	0.420261	-0.045273	0.036304	7.25963
chr19-56300000-56400000	-0.261	-0.13081	0.231685	1.23534
chr19-54700000-54800000	-0.142672	-0.283705	0.272655	4.07088
chr19-36000000-36100000	-0.071806	0.054842	0.157625	3.04634
chr19-36100000-36200000	0.001508	0.088876	0.28371	4.50777
chr19-56100000-56200000	-0.006275	-0.284262	0.246704	9.08671
chr19-54600000-54700000	-0.012411	-0.268247	0.240281	7.38402
chr19-38400000-38500000	0.04252	0.015147	0.310815	6.02404
chr19-36600000-36700000	0.021785	0.262904	0.209342	5.96976
chr19-9200000-9300000	-0.078391	-0.121158	-0.038247	2.73653
chr19-49400000-49500000	0.255304	-0.167502	0.29109	6.71825
chr19-47600000-47700000	0.350636	-0.070497	0.324078	5.13838
chr19-50000000-50100000	0.190318	-0.265393	0.308395	5.68273
chr19-49300000-49400000	0.248818	-0.154742	0.341542	4.99399
chr19-36800000-36900000	-0.02418	0.115767	0.195495	2.9834
chr19-36900000-37000000	-0.040745	0.116042	0.309652	5.31481
chr19-48800000-48900000	0.166924	-0.18992	0.439145	5.7917
chr19-37200000-37300000	-0.150836	0.066712	0.315145	2.97426
chr19-44400000-44500000	0.050147	0.089606	0.141956	3.66803
chr19-57600000-57700000	-0.176728	-0.09106	0.21369	1.73434
chr19-37400000-37500000	-0.079905	0.101006	0.168578	4.71236
chr19-37600000-37700000	-0.092972	0.131442	0.129866	1.97738
chr19-51300000-51400000	-0.166444	0.00105	0.38601	2.94348
chr19-42800000-42900000	0.146567	0.129383	0.240998	3.38273
chr19-37800000-37900000	-0.096631	0.019502	0.28576	4.10524
chr19-37900000-38000000	-0.059592	0.087055	0.141727	8.00564
chr19-47700000-47800000	0.369529	-0.102807	0.356941	7.59818
chr19-38100000-38200000	-0.14759	0.11734	0.301554	5.11905
chr19-38900000-39000000	-0.179488	0.093043	0.501333	1.50361
chr19-3900000-4000000	0.422563	-0.165551	-0.043733	4.75678
chr19-4300000-4400000	0.368293	-0.213867	0.157567	7.25151
chr19-39200000-39300000	0.065024	0.101856	0.503186	6.49714
chr19-53600000-53700000	-0.081378	-0.098184	0.326869	4.54331
chr19-42500000-42600000	0.074868	-0.057425	0.36996	4.29526
chr19-42000000-42100000	-0.07542	0.01912	0.317816	1.30522
chr19-40000000-40100000	-0.086479	-0.001976	0.311034	3.51555
chr19-57400000-57500000	-0.274333	-0.132715	0.274089	1.18138
chr19-48100000-48200000	0.256043	-0.068545	0.364454	4.3151
chr19-40100000-40200000	-0.178295	0.083642	0.362256	1.23313
chr19-42400000-42500000	0.032829	-0.020596	0.507019	4.39203
chr19-40500000-40600000	-0.026203	0.043232	0.22577	7.38146
chr19-8500000-8600000	0.111375	-0.144297	-0.050268	5.35347
chr19-40600000-40700000	-0.09555	0.18066	0.254679	4.62643
chr19-48700000-48800000	0.110659	-0.125912	0.345317	2.9276
chr19-40700000-40800000	0.035517	0.230824	0.237146	4.98359
chr19-5300000-5400000	0.214817	-0.209352	-0.00244	2.04049
chr19-800000-900000	0.40038	0.431397	4.2e-05	4.61461
chr19-40800000-40900000	0.050475	0.193093	0.394128	4.34936
chr19-40900000-41000000	0.060247	0.258424	0.291548	6.35464
chr19-4100000-4200000	0.391339	-0.251473	0.133621	4.97501
chr19-41000000-41100000	0.126055	0.184707	0.381863	3.73982
chr19-56700000-56800000	-0.124771	-0.117346	0.202802	1.8358
chr19-41700000-41800000	-0.099694	0.057608	0.529289	7.80008
chr19-50600000-50700000	-0.131702	-0.113721	0.407931	2.13893
chr19-41900000-42000000	-0.184044	0.054739	0.395651	4.02988
chr19-42700000-42800000	0.143689	0.018426	0.275286	10.2108
chr19-42900000-43000000	0.025545	0.028198	0.291635	3.98251
chr19-43100000-43200000	-0.014309	0.232117	0.286966	1.71465
chr19-47000000-47100000	0.240017	0.007641	0.330689	1.73685
chr19-43300000-43400000	0.10152	0.324107	0.452086	2.43277
chr19-7200000-7300000	0.053121	-0.347937	-0.057677	1.82936
chr19-43400000-43500000	0.14677	0.331503	0.432976	2.18526
chr19-43800000-43900000	-0.041467	0.192361	0.444568	1.65036
chr19-43900000-44000000	0.065269	0.127299	0.388724	3.11766
chr19-44900000-45000000	0.107603	0.07774	0.242908	3.10477
chr19-46000000-46100000	0.363614	0.149847	0.398204	6.12619
chr19-4500000-4600000	0.483061	-0.320203	0.13777	2.88346
chr19-45200000-45300000	0.232338	0.153308	0.28756	4.56935
chr19-45500000-45600000	0.280589	0.122829	0.366635	5.93132
chr19-50100000-50200000	0.205596	-0.260097	0.366759	7.43378
chr19-45700000-45800000	0.261732	0.269001	0.355167	3.55144
chr19-45900000-46000000	0.344162	0.089593	0.376055	6.03532
chr19-4600000-4700000	0.414641	-0.270195	0.136671	7.16427
chr19-46100000-46200000	0.360086	0.115441	0.367663	5.03422
chr19-9900000-10000000	0.098031	-0.003118	-0.117362	4.92666
chr19-57700000-57800000	-0.067289	-0.161858	0.141456	4.4799
chr19-46200000-46300000	0.321655	0.05376	0.342791	6.45323
chr19-46600000-46700000	0.20514	0.008677	0.292792	2.85386
chr19-700000-800000	0.353195	0.425422	0.080554	4.31904
chr19-53300000-53400000	-0.101395	-0.276713	0.30246	2.00311
chr19-46700000-46800000	0.219245	0.051722	0.350563	1.35543
chr19-51400000-51500000	-0.196141	-0.127311	0.369377	1.2675
chr19-46900000-47000000	0.32408	0.01626	0.41035	2.93321
chr19-47800000-47900000	0.385713	-0.001992	0.362024	3.97445
chr19-47900000-48000000	0.265762	-0.032192	0.470365	4.12164
chr19-48200000-48300000	0.280683	-0.118095	0.491397	5.68461
chr19-48900000-49000000	0.197808	-0.111455	0.376255	5.12938
chr19-4900000-5000000	0.274666	-0.141297	0.002652	5.97183
chr19-49100000-49200000	0.295963	-0.17268	0.378253	5.02214
chr19-5000000-5100000	0.338137	-0.223833	-0.006396	6.0531
chr19-49200000-49300000	0.21705	-0.113668	0.408729	4.19421
chr19-54400000-54500000	-0.082295	-0.259463	0.252276	1.80077
chr19-50500000-50600000	-0.022017	-0.072581	0.32998	3.2543
chr19-49900000-50000000	0.205802	-0.147583	0.253547	5.292
chr19-50300000-50400000	0.153677	-0.246972	0.309589	8.29273
chr19-50900000-51000000	-0.074845	-0.297637	0.422865	2.58111
chr19-51100000-51200000	-0.134045	-0.249803	0.429792	2.13811
chr19-5700000-5800000	0.263619	-0.319122	0.018784	4.83684
chr19-51500000-51600000	-0.156764	-0.219075	0.26163	1.40446
chr19-51600000-51700000	-0.231733	-0.142127	0.349906	2.94449
chr19-5600000-5700000	0.196026	-0.224769	0.037933	6.14698
chr19-52000000-52100000	-0.127736	-0.088875	0.205525	3.53047
chr19-52100000-52200000	0.004264	-0.157508	0.19582	6.34617
chr19-58000000-58100000	0.093491	-0.057485	0.181464	5.39457
chr19-52700000-52800000	-0.007546	-0.115384	0.313879	3.93412
chr19-52900000-53000000	-0.151491	-0.289958	0.24897	4.09131
chr19-53100000-53200000	-0.045703	-0.196974	0.340065	3.1393
chr19-53500000-53600000	0.001951	-0.144413	0.226975	3.14447
chr19-53800000-53900000	-0.213423	-0.30068	0.309425	2.55515
chr19-53900000-54000000	-0.272315	-0.172297	0.32374	2.15172
chr19-54800000-54900000	-0.241965	-0.248502	0.320839	1.17732
chr19-54900000-55000000	-0.141583	-0.19591	0.196973	6.00428
chr19-5500000-5600000	0.272541	-0.264947	-0.039449	2.97719
chr19-55900000-56000000	-0.000364	-0.288778	0.316003	7.3004
chr19-56500000-56600000	-0.256555	-0.15484	0.247303	2.17378
chr19-8400000-8500000	0.158941	-0.179601	-0.062131	4.61397
chr19-56900000-57000000	-0.201651	-0.131106	0.19414	6.29377
chr19-57100000-57200000	-0.211217	-0.17668	0.171328	2.62934
chr19-6700000-6800000	0.027099	-0.381607	-0.011034	4.61388
chr19-57300000-57400000	-0.23247	-0.142766	0.151025	1.60941
chr19-5800000-5900000	0.186833	-0.303154	0.083401	3.33502
chr19-58100000-58200000	-0.000411	-0.165368	0.183686	3.79254
chr19-58500000-58600000	-0.121725	-0.314504	0.164823	4.44704
chr19-58300000-58400000	0.039576	-0.343645	0.319282	4.12469
chr19-58900000-59000000	0.069603	-0.208508	0.2505	6.2156
chr19-5900000-6000000	0.190424	-0.184018	0.03144	5.99435
chr19-600000-700000	0.323719	0.314451	0.062492	6.35278
chr19-6000000-6100000	0.066371	-0.117471	0.047365	3.7083
chr19-6200000-6300000	0.12006	-0.172607	0.053085	6.47998
chr19-6300000-6400000	0.151416	-0.235523	-0.040302	6.38274
chr19-6900000-7000000	-0.075724	-0.236944	-1.1e-05	1.25028
chr19-7100000-7200000	-0.001214	-0.242453	-0.02108	2.17466
chr19-7500000-7600000	-2.7e-05	-0.356711	0.007591	5.18034
chr19-9500000-9600000	-0.067359	-0.156528	0.028057	4.2854
chr19-7700000-7800000	0.020706	-0.337584	0.020976	2.81083
chr19-7900000-8000000	0.06736	-0.15941	-0.135623	6.32376
chr19-8200000-8300000	0.065043	-0.127414	-0.149447	1.86202
chr19-8700000-8800000	-0.078584	-0.177452	-0.190463	1.73705
chr19-8800000-8900000	-0.172641	-0.302446	-0.148511	1.22775
chr19-8900000-9000000	-0.164366	-0.190163	-0.052177	3.53298
chr19-900000-1000000	0.324668	0.373817	-0.046022	8.19808
chr19-9300000-9400000	-0.147597	-0.003839	-0.105168	1.19186
chr19-9400000-9500000	-0.08081	-0.03886	0.003321	3.91426
chr19-9600000-9700000	-0.115596	-0.139585	-0.095763	4.5766
