chr15-32500000-32600000	0.485794	-0.575097	-1.222	1
chr15-23200000-23300000	-1.01424	-0.005172	-1.08878	1.29844
chr15-89500000-89600000	-0.210017	-0.897726	0.285107	3.97403
chr15-36700000-36800000	-0.111693	0.297198	-0.110721	1.65465
chr15-100800000-100900000	-0.6666	-0.833821	0.033725	1.7016
chr15-25400000-25500000	-0.814084	0.15688	-0.686461	1.33898
chr15-21100000-21200000	-1.68215	-0.690226	-0.608984	0
chr15-81600000-81700000	-0.17827	-0.659292	0.030211	2.79046
chr15-23600000-23700000	-1.01199	-0.004844	-1.08813	1.25128
chr15-102200000-102300000	0.148315	-1.19932	0.085903	3.70392
chr15-43400000-43500000	0.622021	-0.19513	-0.305497	4.11748
chr15-100400000-100500000	-0.390301	-0.998577	-0.636218	1.71944
chr15-72700000-72800000	0.590764	-0.415695	0.199554	3.81149
chr15-43300000-43400000	0.368302	0.183723	-0.580697	2.76493
chr15-100000000-100100000	-0.008693	-1.05273	-0.281254	3.06264
chr15-48400000-48500000	-0.522774	0.116479	-0.161624	2.42596
chr15-24200000-24300000	-0.943247	-0.441339	-0.50017	1.19198
chr15-44100000-44200000	-0.041866	0.065194	-0.56307	2.5037
chr15-22100000-22200000	-1.68103	-0.687379	-0.609436	1
chr15-100700000-100800000	-0.485447	-1.2057	-0.27005	1.21406
chr15-53600000-53700000	-0.748264	-0.31334	-0.092312	1.13187
chr15-100500000-100600000	-0.107213	-1.30453	-0.255411	1.62656
chr15-24600000-24700000	-0.969111	0.013662	-1.20466	1.06437
chr15-48100000-48200000	-0.372852	-0.489072	-0.299106	1.57506
chr15-40000000-40100000	0.443636	0.15486	-0.30943	2.50067
chr15-37600000-37700000	-0.644935	0.169785	-0.227141	1.19142
chr15-20600000-20700000	-1.61115	-0.124458	-0.492988	1.15385
chr15-24500000-24600000	-0.642017	-0.251532	-1.56486	1.24495
chr15-73700000-73800000	0.106776	-0.725933	0.084748	1.29434
chr15-66500000-66600000	-0.091793	-0.611546	0.442016	2.61021
chr15-44500000-44600000	0.225755	-0.271271	-0.462766	2.26019
chr15-40800000-40900000	0.465423	0.340844	-0.005466	3.13037
chr15-88400000-88500000	-0.586008	-0.863427	0.200238	1.3282
chr15-100100000-100200000	0.235784	-0.655456	-0.047358	3.28398
chr15-26500000-26600000	-0.73731	-0.618707	-0.776308	1.17087
chr15-20500000-20600000	-1.4655	-0.311273	-0.94897	1.62321
chr15-100300000-100400000	-0.18691	-1.48975	-0.473505	1.31298
chr15-70000000-70100000	0.121375	-0.7604	0.60882	2.31008
chr15-58200000-58300000	-0.351404	-0.493258	-0.289151	1.22012
chr15-25200000-25300000	-0.080048	-0.548701	-0.889827	3.10675
chr15-87200000-87300000	-0.652614	-1.199	0.03489	1.13172
chr15-43500000-43600000	0.138601	-0.088982	-0.526802	1.55496
chr15-56800000-56900000	-0.496396	0.14597	0.114943	1.34762
chr15-36200000-36300000	-0.251267	0.064451	-0.523629	1.26769
chr15-30200000-30300000	0.040866	-0.450561	-1.01282	2.69266
chr15-56300000-56400000	-0.515545	0.132865	0.125048	2.0725
chr15-38400000-38500000	0.096267	0.107147	-0.325071	1.63935
chr15-32400000-32500000	0.486649	-0.576167	-1.22006	1.16393
chr15-100600000-100700000	-0.193869	-1.0149	-0.678842	2.58109
chr15-23800000-23900000	-0.770822	-0.737446	-0.589761	1.369
chr15-81800000-81900000	0.287052	-0.764569	-0.220068	1.35084
chr15-92600000-92700000	-0.685424	-1.24091	-0.168337	1.58016
chr15-54400000-54500000	-0.512923	-0.492651	-0.390463	1.26233
chr15-102000000-102100000	-0.536536	-1.45184	-0.177685	2.10418
chr15-87500000-87600000	-0.730569	-0.894882	0.017036	1.07518
chr15-45800000-45900000	-0.527069	-0.036893	-0.001762	3.77471
chr15-89000000-89100000	-0.614511	-1.31212	-0.081302	3.30658
chr15-90700000-90800000	0.404049	-1.21286	0.153087	5.44901
chr15-92800000-92900000	-0.599035	-1.08986	-0.123744	1.22201
chr15-69200000-69300000	0.402562	-0.719764	0.560645	1.94501
chr15-67400000-67500000	0.559855	-0.136282	0.274639	6.25828
chr15-63400000-63500000	0.409608	0.008426	0.226236	4.62942
chr15-100200000-100300000	0.023325	-0.980949	-0.413234	2.84704
chr15-30400000-30500000	0.117037	-0.466331	-1.50518	3.58272
chr15-27000000-27100000	-0.32155	-0.598647	-0.859852	1.15848
chr15-85000000-85100000	-0.73497	-1.30211	1.05719	1.39837
chr15-20900000-21000000	-1.68107	-0.69072	-0.606931	1
chr15-100900000-101000000	-0.81476	-1.07232	-0.445385	1.18223
chr15-59900000-60000000	-0.244272	-0.334542	0.310227	3.67157
chr15-102400000-102500000	-0.243155	-1.94815	-0.042685	1.28882
chr15-47200000-47300000	-0.853859	-0.482526	-0.340372	1.08741
chr15-29200000-29300000	-0.587857	0.190057	-0.719848	4.12858
chr15-101800000-101900000	-0.547909	-0.802567	0.198037	3.68797
chr15-34600000-34700000	0.468585	0.341066	-0.597	3.97143
chr15-101000000-101100000	-0.412742	-0.772561	-0.575869	1.19775
chr15-37700000-37800000	-0.176106	0.443335	-0.299212	1.26462
chr15-102100000-102200000	-0.375516	-1.16949	0.214074	3.81608
chr15-102300000-102400000	-0.204802	-1.61179	-0.068672	1.88447
chr15-93000000-93100000	-0.650753	-1.16218	-0.163045	1.18614
chr15-24100000-24200000	-0.647791	-0.625105	-0.937761	1.35587
chr15-77300000-77400000	0.409769	-0.669358	-0.212871	3.3274
chr15-86100000-86200000	0.141908	-0.676851	0.155708	2.37534
chr15-51100000-51200000	0.22832	-0.204593	-0.064801	2.26795
chr15-101500000-101600000	-0.234429	-1.18127	-0.301937	2.04887
chr15-42100000-42200000	0.786365	0.024794	-0.595219	3.84751
chr15-68600000-68700000	0.320651	-0.083605	0.557569	4.95042
chr15-66200000-66300000	-0.026579	-0.58543	0.296208	2.25351
chr15-101100000-101200000	-0.294451	-1.25204	-0.301005	2.99628
chr15-68100000-68200000	0.004656	-0.484665	0.71385	2.73486
chr15-33500000-33600000	-0.382468	-0.409641	-0.381949	1.47876
chr15-61600000-61700000	-0.591347	-0.546961	0.278166	1.15888
chr15-50300000-50400000	-0.335681	0.129482	0.018452	1.74744
chr15-30600000-30700000	0.121541	-0.467336	-1.50548	1.03873
chr15-21200000-21300000	-1.68419	-0.690487	-0.607806	0
chr15-83200000-83300000	-0.205416	-0.922569	0.189108	2.53607
chr15-98400000-98500000	-0.085548	-0.959786	-0.436622	1.23689
chr15-101600000-101700000	-0.421294	-1.13949	0.232371	4.1238
chr15-101200000-101300000	0.068691	-0.874596	-0.496801	3.86162
chr15-20300000-20400000	-1.46565	-0.309536	-0.9503	1.11026
chr15-91200000-91300000	0.199936	-1.17187	0.100086	3.65028
chr15-46300000-46400000	-0.834744	-0.184427	-0.290225	1.26559
chr15-101300000-101400000	-0.302697	-0.591414	-0.3087	2.16225
chr15-56600000-56700000	-0.791932	-0.34175	-0.018544	2.0305
chr15-54000000-54100000	-0.999437	-0.626525	-0.124516	1.17788
chr15-43600000-43700000	0.625104	-0.164701	-0.309494	4.21876
chr15-101400000-101500000	0.108213	-0.874821	-0.554884	2.75114
chr15-68000000-68100000	0.061736	-0.426568	0.150432	1.60202
chr15-39100000-39200000	0.173691	0.443804	-0.013922	3.85131
chr15-101700000-101800000	0.004993	-0.925447	0.149543	4.89344
chr15-60700000-60800000	-0.314643	-0.368313	0.475053	2.88041
chr15-24700000-24800000	-0.629501	-0.280518	-1.48936	1
chr15-48600000-48700000	-0.202428	0.192748	-0.188446	2.79817
chr15-42300000-42400000	0.455629	-0.402204	-0.374106	1.64714
chr15-31800000-31900000	-0.455356	-0.321318	-0.838922	2.11752
chr15-22300000-22400000	-1.67918	-0.687384	-0.610911	1.1266
chr15-40600000-40700000	0.324473	0.417779	-0.145009	8.56984
chr15-20000000-20100000	-1.6118	-0.596695	-0.477292	1.09787
chr15-97100000-97200000	-0.377299	-1.18971	-0.254666	1.22906
chr15-28000000-28100000	-0.679777	-0.160098	-0.529596	1.7685
chr15-101900000-102000000	-0.205611	-1.08065	-0.083232	1.93938
chr15-60500000-60600000	-0.516326	-0.410279	0.269074	1.1833
chr15-51700000-51800000	-0.338126	-0.392409	-0.346773	1.49224
chr15-20100000-20200000	-1.46546	-0.311335	-0.951829	1.18108
chr15-82100000-82200000	0.081712	-1.30046	0.017436	1.41629
chr15-97800000-97900000	-0.89915	-0.814707	-0.254891	1.08306
chr15-68300000-68400000	0.010797	-0.4696	0.704511	2.36811
chr15-24400000-24500000	-0.771005	-0.677672	-1.34577	1.05168
chr15-95200000-95300000	-0.824636	-1.02887	-0.24756	1.13581
chr15-26800000-26900000	-0.410863	-0.356648	-0.970307	1.55841
chr15-24300000-24400000	-0.788843	-0.24936	-1.00429	1.11639
chr15-80200000-80300000	0.368099	-1.16749	-0.005801	2.8954
chr15-59600000-59700000	0.178561	0.028162	0.257278	2.92545
chr15-59400000-59500000	-0.045768	-0.081293	0.044006	3.53614
chr15-59200000-59300000	-0.14432	0.195212	0.305716	3.98167
chr15-93700000-93800000	-0.953513	-0.908013	-0.323533	1.23817
chr15-22700000-22800000	-1.07892	-0.040387	-1.0742	1.17622
chr15-75500000-75600000	1.09515	-1.10909	0.455366	2.74177
chr15-80700000-80800000	0.486989	-0.934823	-0.220728	4.18174
chr15-68700000-68800000	0.346422	-0.593251	0.501881	4.12708
chr15-60800000-60900000	-0.30918	0.001917	0.049219	3.20885
chr15-48200000-48300000	-0.715388	-0.063014	-0.309527	1.46699
chr15-44700000-44800000	-0.140262	0.248159	0.0971	2.80376
chr15-79000000-79100000	0.408636	-1.45268	-0.403208	2.30779
chr15-79800000-79900000	-0.055614	-1.05341	-0.782709	1.2742
chr15-80300000-80400000	0.148432	-0.834673	-0.385901	2.14538
chr15-44300000-44400000	0.069868	-0.122318	0.044168	1.68832
chr15-39700000-39800000	0.516982	0.150431	-0.547873	1.76004
chr15-20400000-20500000	-1.46535	-0.311661	-0.951302	1.26059
chr15-88600000-88700000	-0.109111	-1.08419	-0.513031	1.18369
chr15-93300000-93400000	-0.142928	-1.0455	-0.394768	5.3581
chr15-93500000-93600000	-0.152884	-1.13791	-0.39769	3.21446
chr15-66300000-66400000	-0.30142	-0.19296	0.508798	1.29974
chr15-31700000-31800000	0.111968	-0.316653	-0.774647	3.77264
chr15-24800000-24900000	-0.800184	-0.245952	-0.988777	1.09762
chr15-20800000-20900000	-1.68203	-0.691455	-0.608971	2.0274
chr15-21900000-22000000	-1.68276	-0.688794	-0.608643	1.4216
chr15-26000000-26100000	0.080628	-0.065837	-0.98916	6.35158
chr15-24000000-24100000	-0.874513	-0.369856	-0.510474	1.28032
chr15-31000000-31100000	-0.427778	-0.606178	-1.48406	1.21695
chr15-86200000-86300000	-0.003271	-1.16566	0.008475	2.7347
chr15-91400000-91500000	-0.03948	-1.37226	0.011835	6.43917
chr15-26400000-26500000	-0.8716	-0.212444	-0.410978	1.27121
chr15-22400000-22500000	-1.20911	-0.475635	-0.765471	1.32354
chr15-22800000-22900000	-0.672848	-0.079911	-0.667574	4.50701
chr15-22600000-22700000	-1.07748	-0.042234	-1.07454	1
chr15-84000000-84100000	-0.35196	-0.588576	-0.234978	1.38217
chr15-86400000-86500000	-0.282604	-1.02316	-0.378447	1.32502
chr15-97600000-97700000	-0.839002	-0.736303	-0.264618	1.17809
chr15-37800000-37900000	0.09639	0.069915	-0.603656	1.21743
chr15-80500000-80600000	-0.091685	-1.24567	-0.264966	1.27459
chr15-22500000-22600000	-1.07545	-0.043438	-1.07476	1.64623
chr15-68900000-69000000	0.570162	-0.374857	0.431772	4.75309
chr15-44900000-45000000	-0.288537	0.369593	-0.519195	3.05102
chr15-22900000-23000000	-0.564018	0.071094	-0.148629	4.53608
chr15-69900000-70000000	-0.253073	-0.387772	0.592812	1.32797
chr15-56000000-56100000	-0.513058	-0.399939	0.22915	2.03674
chr15-49300000-49400000	0.209184	-0.10133	0.081285	2.94357
chr15-23000000-23100000	-0.571924	0.137637	-0.680243	3.45768
chr15-52200000-52300000	0.252915	-0.330726	-0.484059	3.12121
chr15-23100000-23200000	-0.919018	0.420376	-0.95255	1
chr15-50500000-50600000	-0.42286	0.094912	-0.061724	1.58108
chr15-41300000-41400000	0.679592	0.07727	-0.218589	2.51526
chr15-83600000-83700000	-0.23977	-0.891919	0.194785	3.95461
chr15-94500000-94600000	-0.778291	-0.79697	-0.10005	1.26776
chr15-69800000-69900000	0.113534	-0.73314	0.44914	1.69336
chr15-25100000-25200000	-0.449128	-0.170454	-0.850622	2.17301
chr15-41500000-41600000	0.659271	0.123142	-0.229332	3.2153
chr15-23700000-23800000	-0.687694	-0.180418	-0.682243	1.16965
chr15-25000000-25100000	-0.308823	-0.69985	-0.997501	1.78574
chr15-78100000-78200000	0.342241	-1.28146	0.085835	1.5311
chr15-23900000-24000000	-0.69793	-0.390644	-1.04961	1.93645
chr15-24900000-25000000	-0.80069	-0.756897	-0.746794	1.18452
chr15-58000000-58100000	-0.320796	-0.46096	-0.298248	1.52579
chr15-25300000-25400000	-0.51329	-0.186499	-0.985089	1.54745
chr15-56200000-56300000	-0.398089	-0.293169	0.447796	2.59839
chr15-36400000-36500000	0.231364	-0.424572	-0.596054	1.31185
chr15-90500000-90600000	-0.218398	-0.640244	0.496199	4.87392
chr15-70100000-70200000	0.275293	-0.536774	0.15118	2.36453
chr15-25500000-25600000	-0.338477	-0.065591	-0.899582	1.50493
chr15-65200000-65300000	0.524544	-0.366145	-0.008297	3.13316
chr15-38000000-38100000	-0.01972	-0.027893	-0.409971	1.54261
chr15-25600000-25700000	-0.010742	-0.485498	-0.736774	3.79554
chr15-67800000-67900000	0.147821	-0.366936	0.050828	4.67722
chr15-94800000-94900000	-0.364955	-1.05336	-0.547753	1.90504
chr15-34800000-34900000	-0.089849	0.569867	-0.834671	4.6307
chr15-25700000-25800000	-0.436913	-0.119722	-0.690123	1.71141
chr15-70800000-70900000	0.223112	-0.145395	0.539644	2.51374
chr15-90600000-90700000	-0.124388	-1.09343	0.235935	4.11602
chr15-25800000-25900000	-0.292342	-0.591828	-0.962563	1.33435
chr15-85100000-85200000	-0.295785	-1.17455	0.752646	5.41399
chr15-25900000-26000000	-0.447191	-0.063049	-0.833512	3.59418
chr15-26100000-26200000	-0.055066	-0.499427	-0.750588	4.16935
chr15-26200000-26300000	-0.483699	-0.130498	-0.78767	1.34618
chr15-82500000-82600000	-0.194636	-1.23916	0.694462	1.91499
chr15-53300000-53400000	-0.36818	-0.519515	-0.397284	1.17183
chr15-39400000-39500000	0.393356	0.229374	-0.02875	4.06472
chr15-26300000-26400000	-0.501498	-0.609756	-0.50189	2.49068
chr15-71300000-71400000	0.712191	-0.671212	-0.077269	2.2494
chr15-99600000-99700000	-0.000705	-1.18456	-0.151992	3.34425
chr15-64200000-64300000	0.374911	-0.348583	0.622603	2.34502
chr15-26600000-26700000	-0.782909	-0.159058	-0.471074	1.19761
chr15-64300000-64400000	0.641131	-0.195737	0.216559	3.11542
chr15-35300000-35400000	-0.039008	0.105669	-0.462225	1.61993
chr15-91600000-91700000	-0.545209	-0.98026	-0.058754	1.13627
chr15-26700000-26800000	-0.774644	-0.656477	-0.70115	1.14602
chr15-79300000-79400000	-0.088139	-1.21706	-0.388801	1.43665
chr15-84700000-84800000	-0.580347	-0.971505	0.621603	1.40141
chr15-26900000-27000000	-0.862029	-0.547018	-0.704899	1.20156
chr15-70400000-70500000	0.159605	-0.734253	0.488022	2.1027
chr15-27100000-27200000	-0.722849	-0.208989	-0.699371	1.51471
chr15-96500000-96600000	-0.327671	-0.619583	0.296366	1.56796
chr15-50800000-50900000	-0.00248	0.025909	0.084294	1.90696
chr15-69100000-69200000	0.318673	-0.158623	0.538911	6.62366
chr15-29800000-29900000	-0.507605	-0.136858	-0.736194	1.20945
chr15-83400000-83500000	-0.185917	-1.11003	0.464808	3.22434
chr15-85200000-85300000	-0.354557	-0.649416	0.754257	4.71875
chr15-65400000-65500000	0.547993	-0.405761	0.028969	4.01455
chr15-65100000-65200000	0.983285	-0.156328	0.112499	8.5595
chr15-49100000-49200000	0.089465	-0.218962	-0.002565	3.1937
chr15-34700000-34800000	0.092197	0.062408	-0.906281	1.55589
chr15-27200000-27300000	-0.657166	-0.776923	-0.766587	1.21222
chr15-27300000-27400000	-0.470636	-0.283161	-0.903965	1.24022
chr15-61700000-61800000	-0.520908	-0.044186	0.126731	1.25044
chr15-58400000-58500000	0.110567	-0.281836	-0.513429	1.27455
chr15-27400000-27500000	-0.784681	-0.592934	-0.593259	1.28634
chr15-96700000-96800000	-0.614776	-0.828173	0.13737	1.69622
chr15-58600000-58700000	0.093853	0.173314	0.301074	2.92913
chr15-54500000-54600000	-0.798469	-0.408542	0.079127	1.10072
chr15-38600000-38700000	0.129682	0.140034	-0.32781	1.75799
chr15-27500000-27600000	-0.318958	-0.615801	-0.910878	1.28962
chr15-54200000-54300000	-0.388817	-0.516588	-0.267379	1.16318
chr15-49500000-49600000	0.108494	-0.078071	-0.123591	1.96466
chr15-27600000-27700000	-0.501637	-0.330995	-0.465528	1.20692
chr15-32700000-32800000	0.483664	-0.57421	-1.22146	1
chr15-27700000-27800000	-0.273543	-0.475959	-0.939228	1.32195
chr15-27800000-27900000	-0.706762	-0.296489	-0.651045	1.25582
chr15-89300000-89400000	-0.339695	-1.06895	0.063152	1.45059
chr15-98100000-98200000	-0.544554	-0.976294	-0.695501	1.15548
chr15-27900000-28000000	-0.284902	-0.512319	-0.376761	1.41343
chr15-28100000-28200000	-0.55381	-0.582146	-0.865085	1.19725
chr15-28200000-28300000	-0.455519	-0.050023	-0.863983	1.28407
chr15-80800000-80900000	0.158145	-1.14069	0.113291	2.91668
chr15-62800000-62900000	0.562693	-0.384915	-0.157196	1.85475
chr15-53500000-53600000	-0.340353	-0.502242	-0.403745	1.13555
chr15-28300000-28400000	-0.965185	-0.169867	-0.605208	3.02198
chr15-28400000-28500000	-0.858665	0.382978	-0.522962	2.52989
chr15-59300000-59400000	-0.190996	-0.303131	0.517105	2.36091
chr15-57000000-57100000	0.060041	-0.190734	0.018418	3.57003
chr15-33600000-33700000	-0.667365	-0.55166	-0.83989	1.11608
chr15-28500000-28600000	-1.24786	0.762952	-0.488565	2.83615
chr15-73200000-73300000	0.623711	-0.763587	0.319744	2.21166
chr15-28600000-28700000	-1.24869	0.761478	-0.490226	1.70455
chr15-62400000-62500000	-0.079716	-0.317551	0.245299	1.91259
chr15-62300000-62400000	-0.622155	-0.401199	0.305148	2.70066
chr15-53700000-53800000	-0.328013	-0.519206	-0.360075	1.20301
chr15-28700000-28800000	-1.24899	0.762086	-0.487956	1.10511
chr15-62000000-62100000	-0.606268	-0.127255	0.048262	1.22467
chr15-57500000-57600000	-0.320637	-0.356274	0.405772	2.10506
chr15-35800000-35900000	0.346965	-0.301956	-0.553813	3.84723
chr15-31300000-31400000	-0.065337	-0.665416	-0.964905	1.91152
chr15-75800000-75900000	0.709129	-0.892237	0.100165	3.49753
chr15-28900000-29000000	-1.24982	0.762811	-0.490052	1.10964
chr15-47800000-47900000	-0.3101	-0.374811	0.0471	1.73368
chr15-30300000-30400000	0.115826	-0.466163	-1.5072	1.57593
chr15-72300000-72400000	0.352281	-0.150059	0.514215	1.94681
chr15-29000000-29100000	-1.25026	0.765039	-0.490724	1.04971
chr15-29100000-29200000	-1.06228	0.260235	-0.464523	3.841
chr15-29300000-29400000	-0.261622	-0.104903	-1.0039	3.05059
chr15-94300000-94400000	-0.763504	-0.83366	-0.105083	1.10686
chr15-67700000-67800000	0.154883	-0.087987	0.520506	1.56069
chr15-29400000-29500000	-0.774251	-0.26872	-0.770001	2.28748
chr15-41200000-41300000	0.402676	0.367269	-0.50745	5.84861
chr15-41100000-41200000	0.827843	0.253049	-0.198104	4.11732
chr15-36100000-36200000	0.205506	-0.053783	-0.793164	1.30556
chr15-63700000-63800000	0.558464	-0.182914	-0.043262	4.00642
chr15-43700000-43800000	0.250585	-0.367331	-0.628154	2.50914
chr15-29500000-29600000	-0.244655	-0.406177	-0.8893	3.0755
chr15-67500000-67600000	0.153684	-0.095223	0.602878	2.44482
chr15-67100000-67200000	0.243336	-0.156342	0.430636	5.1488
chr15-56100000-56200000	-0.03539	-0.122537	0.108297	2.41967
chr15-52300000-52400000	0.114248	-0.115593	-0.024847	3.06608
chr15-29600000-29700000	-0.726254	-0.28218	-0.670369	1.21418
chr15-70600000-70700000	0.378039	-0.375056	0.32054	1.44438
chr15-74400000-74500000	0.572608	-1.00726	0.332705	2.45652
chr15-78600000-78700000	0.419333	-1.0442	-0.497382	1.88139
chr15-92100000-92200000	-0.511279	-0.92928	-0.025872	1.30649
chr15-61200000-61300000	-0.261317	-0.456966	-0.222274	3.49185
chr15-29700000-29800000	-0.354292	-0.651988	-0.848281	1.25099
chr15-81300000-81400000	0.092738	-0.96004	-0.360305	1.85909
chr15-92500000-92600000	-0.606036	-0.805325	0.193218	1.5384
chr15-32200000-32300000	-0.474276	-0.344048	-0.694371	1.33037
chr15-54800000-54900000	-0.466607	-0.161803	-0.350018	1.14456
chr15-29900000-30000000	-0.079311	-0.432982	-0.977788	3.9772
chr15-74000000-74100000	0.589384	-0.990832	0.212469	2.56982
chr15-50600000-50700000	0.033011	-0.035204	0.247041	3.93691
chr15-30000000-30100000	0.033522	-0.002016	-0.597194	2.24533
chr15-94400000-94500000	-0.480259	-0.98206	-0.536333	1.11703
chr15-94600000-94700000	-0.536208	-0.884757	-0.584888	1.11031
chr15-38100000-38200000	0.379294	-0.339492	-0.610871	2.16267
chr15-30100000-30200000	0.278538	-0.444194	-0.540186	3.61442
chr15-30500000-30600000	0.119184	-0.4672	-1.50567	1
chr15-89100000-89200000	-0.262461	-1.03584	0.263635	3.8887
chr15-30900000-31000000	0.122703	-0.467487	-1.50342	1.3987
chr15-55800000-55900000	0.110845	-0.497788	-0.567185	3.06326
chr15-42600000-42700000	0.396377	0.270306	-0.622185	2.10211
chr15-99400000-99500000	-0.007673	-0.6967	-0.011805	4.91869
chr15-31100000-31200000	-0.224457	-0.418317	-0.98551	3.23777
chr15-57700000-57800000	-0.292328	-0.322976	0.364572	1.68428
chr15-51600000-51700000	-0.086695	-0.757926	-0.008958	1.62613
chr15-51000000-51100000	-0.00034	0.248006	0.067604	2.64373
chr15-57300000-57400000	0.030058	-0.06192	-0.172053	1.99175
chr15-31200000-31300000	0.230198	-0.375348	-0.640987	3.4683
chr15-66800000-66900000	0.743456	-0.374773	0.210375	2.41028
chr15-64700000-64800000	0.721831	0.172375	0.24709	2.41511
chr15-39600000-39700000	0.360512	0.361063	-0.11637	1.8241
chr15-31600000-31700000	-0.375438	-0.13176	-0.713596	5.0215
chr15-31400000-31500000	-0.42662	-0.303751	-0.779426	1.39159
chr15-46700000-46800000	-0.502173	-0.046781	-0.401645	1.20553
chr15-84600000-84700000	-0.393835	-0.98251	0.122148	1.20673
chr15-39300000-39400000	0.296421	0.344532	-0.543474	2.2558
chr15-31500000-31600000	0.123741	-0.282711	-0.861268	2.0308
chr15-31900000-32000000	-0.675948	-0.303369	-1.32837	2.87986
chr15-32000000-32100000	-0.380013	-0.24381	-0.86275	1.50742
chr15-32100000-32200000	-0.090275	-0.67698	-0.894827	1.72077
chr15-32300000-32400000	-0.036267	-0.564705	-0.974512	1.15875
chr15-89600000-89700000	0.156822	-0.697827	-0.07004	3.27513
chr15-32800000-32900000	0.483795	-0.573175	-1.21933	0
chr15-81000000-81100000	0.103813	-0.987177	0.414695	2.12464
chr15-32900000-33000000	0.48342	-0.572019	-1.2173	3.03035
chr15-77900000-78000000	0.189493	-1.36045	-0.087976	1.42504
chr15-59500000-59600000	0.392237	-0.384497	0.002324	3.37956
chr15-97000000-97100000	-0.810781	-0.845455	-0.327941	1.22582
chr15-33000000-33100000	0.237528	-0.558602	-0.746437	2.97193
chr15-73300000-73400000	0.1495	-0.681846	0.501016	2.9072
chr15-80400000-80500000	-0.020355	-0.839537	0.121662	4.09771
chr15-66100000-66200000	0.295266	-0.192145	0.075936	3.55312
chr15-60100000-60200000	-0.655145	-0.635149	0.133991	1.17428
chr15-46800000-46900000	-0.307782	-0.435547	-0.75809	1.25224
chr15-93800000-93900000	-0.516269	-1.00888	-0.625746	1.18014
chr15-33100000-33200000	0.339791	-0.403513	-0.263138	4.26858
chr15-77100000-77200000	0.644292	-0.807527	-0.37445	2.59182
chr15-33200000-33300000	0.15485	-0.331842	-0.733377	2.3034
chr15-53800000-53900000	-0.854022	-0.322754	-0.348447	1.09059
chr15-33300000-33400000	-0.045041	0.068199	-0.387289	3.76128
chr15-37000000-37100000	-0.254559	0.170804	-0.125007	1.5441
chr15-33400000-33500000	0.168752	-0.426346	-0.537714	2.85847
chr15-64100000-64200000	-0.096897	-0.165744	0.704753	3.15256
chr15-95300000-95400000	-0.455649	-0.88148	-0.6309	1.36552
chr15-37400000-37500000	0.128242	-0.302857	-0.688949	1.36832
chr15-33700000-33800000	-0.142951	-0.505094	-0.778573	1.2178
chr15-40100000-40200000	0.171366	0.285227	0.127732	2.27391
chr15-33800000-33900000	-0.48222	-0.481887	-0.367132	1.13959
chr15-86500000-86600000	-0.791472	-0.953304	-0.16567	1.14914
chr15-33900000-34000000	-0.408535	-0.086175	-0.762366	1.23455
chr15-67000000-67100000	0.621806	-0.37847	0.134105	5.90941
chr15-54700000-54800000	-0.83231	-0.550378	-0.193324	1.10988
chr15-50200000-50300000	-0.29755	-0.311031	-0.310606	1.90044
chr15-72400000-72500000	0.762415	-0.303497	0.201704	3.93219
chr15-78800000-78900000	-0.113585	-1.09135	-0.259443	3.49308
chr15-96000000-96100000	-0.105231	-0.940119	-0.249052	1.39387
chr15-65700000-65800000	0.266364	-0.11498	0.317548	4.24993
chr15-34000000-34100000	-0.003	-0.493168	-0.768818	1.54038
chr15-61500000-61600000	-0.628296	-0.078208	-0.002246	2.22642
chr15-34100000-34200000	-0.271311	-0.13083	-0.44789	1.61008
chr15-69700000-69800000	0.468395	-0.667668	0.024286	3.69482
chr15-34200000-34300000	0.073204	-0.462741	-0.700542	1.66204
chr15-54600000-54700000	-0.676757	-0.016307	-0.31764	1.10468
chr15-34300000-34400000	-0.003558	0.070127	-0.744884	3.83861
chr15-36000000-36100000	-0.133753	0.306504	-0.533358	1.70002
chr15-34400000-34500000	0.266282	-0.377255	-0.570245	1.77672
chr15-34500000-34600000	0.027165	0.108251	-0.542953	3.78106
chr15-34900000-35000000	-0.022056	0.079067	-0.560876	1.45906
chr15-35000000-35100000	0.166625	-0.411926	-0.656896	1.98681
chr15-82200000-82300000	-0.035066	-0.848301	0.284349	1.54171
chr15-39500000-39600000	0.635433	0.088567	-0.457674	3.95213
chr15-35100000-35200000	0.025258	-0.086256	-0.273007	1.83825
chr15-79200000-79300000	0.381634	-0.94999	-0.462678	3.69233
chr15-68800000-68900000	0.217386	-0.217468	0.792589	5.27705
chr15-51400000-51500000	-0.214092	0.109664	-0.281428	1.7899
chr15-35200000-35300000	0.31441	-0.275637	-0.701232	3.55961
chr15-35400000-35500000	-0.508235	0.162271	-0.185441	1.77559
chr15-91800000-91900000	-0.478388	-0.962286	-0.025472	1.30224
chr15-64400000-64500000	0.224292	0.044977	0.496241	3.61612
chr15-35500000-35600000	-0.13626	0.099041	-0.570843	1.49514
chr15-86700000-86800000	-0.68423	-0.976147	-0.061303	1.15718
chr15-55200000-55300000	-0.84899	-0.562026	-0.439375	1.09843
chr15-46600000-46700000	-0.827947	-0.242066	0.010999	1.0632
chr15-40700000-40800000	0.559846	0.262447	-0.539893	4.66315
chr15-35600000-35700000	-0.428846	0.19265	-0.116865	1.49732
chr15-66700000-66800000	0.360809	-0.055519	0.402544	3.41715
chr15-51800000-51900000	-0.590538	-0.151654	0.077725	1.57977
chr15-71000000-71100000	0.308538	-0.176122	0.646508	6.00189
chr15-60300000-60400000	0.11395	-0.597027	-0.58357	1.9637
chr15-35700000-35800000	-0.067911	0.100138	-0.507726	1.49458
chr15-71700000-71800000	0.530941	-0.596239	0.672887	2.20453
chr15-35900000-36000000	0.038881	-0.073091	-0.148696	1.71431
chr15-75900000-76000000	0.914832	-0.558455	0.381158	8.23658
chr15-43800000-43900000	0.673791	-0.425787	-0.863931	5.86395
chr15-36300000-36400000	0.065479	-0.045625	-0.961808	1.26657
chr15-83300000-83400000	-0.652505	-0.846221	0.455338	1.91052
chr15-70300000-70400000	0.634044	-0.604019	0.235492	3.49314
chr15-36500000-36600000	-0.037108	0.06282	-0.482504	1.20357
chr15-65600000-65700000	0.241846	-0.512046	0.673581	2.42932
chr15-45700000-45800000	-0.079148	-0.020397	-0.268445	3.06387
chr15-72000000-72100000	0.469428	-0.393284	0.555865	2.82876
chr15-89800000-89900000	-0.593335	-0.737171	0.280822	3.89201
chr15-52700000-52800000	-0.325836	-0.049143	0.165073	2.17913
chr15-36600000-36700000	-0.564612	0.052179	-0.297209	1.88014
chr15-72600000-72700000	0.259657	-0.786537	0.376751	3.5071
chr15-94200000-94300000	-0.57683	-1.05359	-0.577377	1.12298
chr15-50000000-50100000	-0.144928	0.050332	-0.339671	1.43526
chr15-76000000-76100000	0.78916	-0.914956	0.766788	3.75934
chr15-98200000-98300000	-0.897626	-0.759062	-0.30487	1.17978
chr15-36800000-36900000	-0.483877	0.033764	-0.429593	3.64432
chr15-78200000-78300000	0.820873	-1.26909	-0.223862	3.58751
chr15-36900000-37000000	0.062382	-0.028335	-0.524176	1.9456
chr15-64500000-64600000	0.195685	-0.402054	0.766491	1.76547
chr15-51300000-51400000	0.230289	-0.131162	-0.090847	2.48331
chr15-73600000-73700000	0.577327	-0.71193	-0.112399	1.81551
chr15-60600000-60700000	0.002704	-0.618961	0.134515	4.74136
chr15-48500000-48600000	-0.320563	-0.344932	-0.390276	1.28722
chr15-37500000-37600000	-0.176883	0.121825	-0.504289	1.31182
chr15-37100000-37200000	0.01085	0.15197	-0.610676	1.63375
chr15-73800000-73900000	0.564472	-0.693373	-0.197027	2.43351
chr15-95100000-95200000	-0.381518	-1.02695	-0.606207	1.21381
chr15-55100000-55200000	-0.748253	-0.131908	-0.104078	1.1208
chr15-46100000-46200000	-0.610806	0.037757	-0.459381	1.16161
chr15-37200000-37300000	-0.389503	0.128154	-0.221575	1.46508
chr15-37300000-37400000	0.106303	0.215454	-0.424227	3.41817
chr15-37900000-38000000	0.068343	-0.457786	-0.721446	1.18079
chr15-52000000-52100000	-0.409659	0.031849	-0.071584	3.03786
chr15-38200000-38300000	0.034882	0.111564	-0.483086	1.95724
chr15-41000000-41100000	0.344124	0.286415	-0.04979	4.32261
chr15-65000000-65100000	0.513749	-0.087267	0.315728	1.91002
chr15-38300000-38400000	0.544614	-0.109566	-0.381809	3.23552
chr15-41600000-41700000	0.286113	0.478023	-0.194515	2.41373
chr15-38500000-38600000	0.493633	-0.233553	-0.43405	3.56945
chr15-67200000-67300000	0.728565	-0.096208	0.179198	2.52048
chr15-38700000-38800000	0.53021	-0.227596	-0.457579	2.24721
chr15-38800000-38900000	0.26248	0.229495	-0.56246	1.80675
chr15-38900000-39000000	0.002845	0.244144	-0.099469	1.54209
chr15-60400000-60500000	-0.307512	-0.532211	-0.241106	1.44086
chr15-42700000-42800000	0.519014	-0.224747	-0.439673	3.17999
chr15-39000000-39100000	0.564956	0.142071	-0.202965	3.07733
chr15-64800000-64900000	0.610476	-0.279428	0.407037	2.21886
chr15-39200000-39300000	0.534518	0.099319	-0.111174	2.29915
chr15-39800000-39900000	0.507725	0.033131	-0.046298	3.1667
chr15-50700000-50800000	-0.404057	0.296509	0.298987	2.68287
chr15-39900000-40000000	0.188692	0.47705	-0.007248	2.24536
chr15-89700000-89800000	-0.091127	-0.904645	0.343974	3.07556
chr15-59000000-59100000	-0.120412	0.237269	0.247849	3.90697
chr15-55400000-55500000	-0.678959	0.041872	-0.084851	2.89392
chr15-71600000-71700000	0.60256	-0.265157	0.251916	3.56689
chr15-40200000-40300000	0.592618	0.298606	-0.13164	4.20581
chr15-66000000-66100000	0.514411	-0.652478	0.174628	2.4877
chr15-40300000-40400000	0.67229	-0.160023	-0.421096	6.97605
chr15-59100000-59200000	0.281462	-0.158919	0.243055	2.22204
chr15-57800000-57900000	0.11157	-0.389468	-0.01796	2.29417
chr15-40400000-40500000	0.541302	0.108955	-0.009889	2.05825
chr15-73500000-73600000	0.227741	-0.907425	0.271224	2.4115
chr15-40500000-40600000	0.512404	0.086887	-0.50888	2.82243
chr15-40900000-41000000	0.661237	-0.062477	-0.298707	2.92872
chr15-52400000-52500000	-0.328921	0.168969	-0.138819	3.66408
chr15-49700000-49800000	-0.564009	0.045172	0.253897	1.71319
chr15-41400000-41500000	0.969045	-0.115366	-0.597998	3.99469
chr15-58500000-58600000	0.108786	-0.317679	0.074855	1.9879
chr15-72800000-72900000	0.313212	-0.607589	0.585318	1.89112
chr15-56700000-56800000	-0.36704	-0.360585	0.333695	1.50899
chr15-54100000-54200000	-0.754055	-0.106115	-0.158877	1.17208
chr15-41700000-41800000	0.772715	0.318982	0.020917	3.45429
chr15-74600000-74700000	0.715762	-0.926725	0.360992	6.16402
chr15-92000000-92100000	-0.010915	-1.00115	-0.224772	1.67371
chr15-52800000-52900000	-0.025606	0.044075	-0.272447	4.16889
chr15-49000000-49100000	-0.30776	0.158145	0.055134	2.19384
chr15-52600000-52700000	-0.027892	-0.325758	-0.153388	2.26929
chr15-41800000-41900000	0.524657	0.273901	-0.438248	3.58094
chr15-41900000-42000000	0.662196	-0.231003	-0.48657	3.92049
chr15-51500000-51600000	-0.30618	-0.43153	-0.345497	1.43959
chr15-42000000-42100000	0.518089	0.113007	-0.148767	3.25835
chr15-42500000-42600000	0.369995	-0.209639	-0.665212	3.93025
chr15-64000000-64100000	0.256834	0.044499	0.398531	1.81786
chr15-42200000-42300000	0.533099	0.043458	-0.13164	4.95261
chr15-42400000-42500000	0.699234	0.071828	-0.316022	2.5771
chr15-42800000-42900000	0.321759	-0.092884	0.066169	3.12535
chr15-42900000-43000000	0.062205	0.356631	-0.014773	2.10387
chr15-67600000-67700000	-0.35425	-0.230699	0.479437	1.28096
chr15-43000000-43100000	0.082792	0.119571	-0.508502	3.59836
chr15-65300000-65400000	0.409045	-0.31406	0.525813	2.59932
chr15-58300000-58400000	0.085559	-0.420311	0.019117	1.28545
chr15-43100000-43200000	0.48701	0.171911	-0.209233	1.74133
chr15-49400000-49500000	-0.173531	0.209358	0.277572	3.60683
chr15-43200000-43300000	0.518119	-0.309942	-0.43357	2.61212
chr15-78000000-78100000	0.4354	-1.0381	-0.348904	1.3279
chr15-47100000-47200000	-0.727636	0.016465	-0.128866	1.26132
chr15-89400000-89500000	-0.716125	-0.838816	0.411528	4.97126
chr15-90000000-90100000	-0.236179	-1.49978	-0.063482	1.48306
chr15-63900000-64000000	-0.124817	-0.228546	0.602308	2.60297
chr15-43900000-44000000	0.933495	0.047172	-0.816263	1.26799
chr15-44000000-44100000	0.49578	-0.140528	-0.546813	5.71652
chr15-77000000-77100000	0.146136	-0.976419	-0.52063	1.41567
chr15-77700000-77800000	0.68427	-0.651194	-0.201426	3.50753
chr15-80000000-80100000	-0.172145	-1.13667	-0.403697	1.21543
chr15-44200000-44300000	0.392634	0.160319	-0.248528	2.11959
chr15-99200000-99300000	-0.075619	-0.877582	-0.089689	3.56872
chr15-66600000-66700000	0.059142	-0.216007	0.774416	2.73103
chr15-44400000-44500000	-0.141951	0.122772	-0.36041	1.93722
chr15-91300000-91400000	0.131706	-1.00234	-0.382959	2.09692
chr15-48800000-48900000	-0.31158	0.06204	0.073902	2.48534
chr15-53100000-53200000	-0.811172	-0.646908	-0.430192	1.16464
chr15-44600000-44700000	0.006541	0.219039	-0.417012	1.9781
chr15-53400000-53500000	-0.782597	-0.266599	-0.154513	1.08104
chr15-80100000-80200000	-0.112273	-0.967449	0.12409	2.7212
chr15-99700000-99800000	-0.356032	-0.849873	0.061434	3.4921
chr15-44800000-44900000	0.164025	0.094562	-0.338344	3.87289
chr15-49900000-50000000	-0.251861	0.073176	0.192796	2.33135
chr15-85300000-85400000	0.02153	-0.810437	0.439426	2.88547
chr15-90100000-90200000	0.156993	-1.1416	-0.152221	3.52547
chr15-92300000-92400000	-0.119326	-1.11449	-0.381471	2.08987
chr15-92700000-92800000	-1.01602	-0.800248	-0.288408	1.42938
chr15-94000000-94100000	-0.640071	-0.93994	0.149195	1.15898
chr15-45000000-45100000	0.008235	-0.074863	-0.504327	4.59944
chr15-45100000-45200000	0.108191	-0.002207	-1.03107	1.37748
chr15-45200000-45300000	-0.253706	0.2411	-0.710515	1.10999
chr15-58700000-58800000	-0.285692	-0.13224	0.469133	3.48075
chr15-56500000-56600000	-0.372764	-0.155936	0.260664	3.97054
chr15-50400000-50500000	-0.740165	-0.19206	0.265622	1.79377
chr15-72200000-72300000	0.339139	-0.652937	0.577118	1.59974
chr15-85800000-85900000	-0.212056	-1.15989	0.363338	2.54776
chr15-98000000-98100000	-0.724284	-0.884975	-0.185713	1.13366
chr15-45300000-45400000	-0.274091	0.458791	-0.221305	2.30982
chr15-92400000-92500000	-0.360425	-0.617048	-0.242166	2.12942
chr15-45400000-45500000	-0.119077	0.115053	-0.618885	3.85329
chr15-61400000-61500000	-0.323924	-0.480076	-0.203908	1.526
chr15-45500000-45600000	-0.391464	-0.352938	-0.626925	2.63812
chr15-45600000-45700000	0.080356	-0.518698	-0.47157	4.83601
chr15-45900000-46000000	-0.134706	0.061044	-0.39971	3.40337
chr15-46000000-46100000	-0.345319	-0.448969	-0.513988	1.3501
chr15-77400000-77500000	0.461411	-1.1199	0.085786	2.01234
chr15-46200000-46300000	-0.347419	-0.42567	-0.386604	1.41653
chr15-60200000-60300000	-0.337578	-0.531149	-0.291295	1.29766
chr15-46400000-46500000	-0.46791	-0.277925	-0.703309	1.27564
chr15-77600000-77700000	0.387862	-0.750496	0.211693	1.56138
chr15-55500000-55600000	-0.484831	-0.348805	0.285649	3.30549
chr15-46500000-46600000	-0.434084	0.067188	-0.276845	1.19919
chr15-91700000-91800000	-0.555963	-0.933273	-0.588647	1.2008
chr15-46900000-47000000	-0.541471	-0.475519	-0.256536	1.06412
chr15-47000000-47100000	-0.431294	-0.048724	-0.597299	1.09204
chr15-47300000-47400000	-0.983754	-0.172807	0.099159	1.16607
chr15-47400000-47500000	-0.592258	0.009237	-0.276181	1.60922
chr15-69300000-69400000	0.487625	-0.706704	0.015655	2.08987
chr15-63500000-63600000	-0.056136	0.028845	0.41108	3.24408
chr15-47500000-47600000	-0.292493	-0.479371	-0.321929	1.41583
chr15-90400000-90500000	0.133778	-1.02925	0.648198	3.41668
chr15-47600000-47700000	-0.547369	-0.004014	-0.172193	1.73551
chr15-47700000-47800000	-0.091763	-0.196787	-0.41724	2.91836
chr15-47900000-48000000	-0.323449	-0.241671	-0.477996	2.43149
chr15-48000000-48100000	-0.619712	-0.085434	-0.024185	2.78833
chr15-48300000-48400000	-0.524378	-0.375829	0.121333	1.4308
chr15-48700000-48800000	0.080041	-0.264193	-0.122997	2.82803
chr15-84200000-84300000	-0.277364	-0.586291	-0.21127	1.21016
chr15-48900000-49000000	0.218308	0.146673	0.115869	3.92726
chr15-49200000-49300000	-0.209309	0.2251	0.061106	2.63564
chr15-69000000-69100000	0.080371	-0.606118	0.444429	2.2629
chr15-67300000-67400000	0.497998	-0.517493	-0.052677	5.43501
chr15-49600000-49700000	-0.274287	0.293137	-0.173558	1.48303
chr15-49800000-49900000	-0.507482	0.157514	-0.283238	1.45669
chr15-96300000-96400000	-0.601246	-1.07106	0.044939	1.34647
chr15-50100000-50200000	-0.351375	-0.031932	0.170702	1.74292
chr15-83500000-83600000	-0.290406	-1.36654	-0.009307	2.17813
chr15-50900000-51000000	-0.306464	0.222631	0.502393	3.32412
chr15-95900000-96000000	-0.582916	-0.733791	-0.028627	1.35368
chr15-51200000-51300000	0.045597	-0.018904	-0.574683	3.21659
chr15-95600000-95700000	-0.519874	-1.08056	-0.146527	1.66198
chr15-51900000-52000000	-0.216467	-0.416188	-0.251652	3.17871
chr15-52100000-52200000	0.005097	-0.33282	0.005464	3.02721
chr15-76400000-76500000	0.42657	-0.770685	0.469408	4.63781
chr15-98500000-98600000	-0.564231	-0.83806	-0.162481	2.61544
chr15-52500000-52600000	-0.474529	-0.26288	0.182998	2.90371
chr15-52900000-53000000	-0.241597	-0.446312	-0.237577	2.75423
chr15-53000000-53100000	-0.726232	-0.330703	0.05529	1.57504
chr15-62200000-62300000	-0.197958	-0.071234	0.383922	1.53093
chr15-53200000-53300000	-0.659172	-0.506495	0.07267	1.11764
chr15-97200000-97300000	-0.352187	-0.920923	-0.751134	1.18331
chr15-99500000-99600000	0.215433	-0.798835	-0.482864	2.37868
chr15-55900000-56000000	-0.359511	-0.476129	-0.276148	1.57019
chr15-53900000-54000000	-0.688869	-0.242586	0.168944	1.09032
chr15-58100000-58200000	-0.568404	-0.266832	0.152236	1.25997
chr15-54300000-54400000	-0.717496	-0.157841	-0.000609	1.20955
chr15-76800000-76900000	0.505894	-1.03071	-0.463628	1.47829
chr15-90200000-90300000	0.083395	-0.689578	0.163977	4.01713
chr15-54900000-55000000	-0.905384	-0.487883	-0.329712	1.15383
chr15-90900000-91000000	0.2536	-0.648688	0.046659	3.32307
chr15-60000000-60100000	-0.777879	-0.113386	0.209689	1.14926
chr15-55000000-55100000	-0.76598	-0.589256	0.208721	1.13539
chr15-55300000-55400000	-0.882654	-0.449882	0.104432	1.14938
chr15-77800000-77900000	0.423041	-1.03081	-0.494972	2.77926
chr15-55600000-55700000	-0.049014	-0.270511	-0.049973	2.80928
chr15-55700000-55800000	-0.431807	-0.43867	-0.42037	2.733
chr15-56400000-56500000	-0.058765	-0.00782	-0.163014	1.6754
chr15-56900000-57000000	-0.382325	-0.361149	0.274772	1.36682
chr15-57100000-57200000	-0.438995	-0.013318	0.17298	3.00738
chr15-57200000-57300000	0.079353	-0.039244	0.364929	4.67532
chr15-68500000-68600000	0.03778	-0.534431	0.728585	5.35223
chr15-62100000-62200000	-0.406501	-0.580525	0.335944	1.34573
chr15-57400000-57500000	0.116832	-0.501018	0.115464	1.87858
chr15-99300000-99400000	0.190577	-0.697966	-0.497917	3.18011
chr15-68200000-68300000	0.40854	-0.202274	0.459359	1.74318
chr15-57600000-57700000	-0.044234	0.050579	0.107226	2.08009
chr15-57900000-58000000	-0.360203	-0.156283	0.149634	2.70763
chr15-58800000-58900000	0.115347	-0.170068	0.12693	2.96506
chr15-87600000-87700000	-0.411442	-0.584378	-0.311635	1.16977
chr15-58900000-59000000	-0.271785	-0.220781	0.489359	1.79636
chr15-59700000-59800000	-0.245553	-0.155836	0.5563	1.49166
chr15-59800000-59900000	-0.592645	0.060594	0.153942	1.64548
chr15-95400000-95500000	-0.625146	-1.10952	-0.14663	1.17829
chr15-60900000-61000000	-0.345198	-0.412544	0.425987	1.88219
chr15-61000000-61100000	0.011836	-0.277536	0.052642	1.91459
chr15-61100000-61200000	-0.496188	-0.243824	0.229246	1.60473
chr15-61300000-61400000	-0.024429	-0.119848	0.1173	1.78903
chr15-63600000-63700000	0.432833	-0.158754	0.469939	2.84588
chr15-61800000-61900000	0	0	0	1.30042
chr15-61900000-62000000	-0.250498	-0.42556	-0.223653	1.1915
chr15-62500000-62600000	-0.269743	0.16801	0.293571	1.28286
chr15-73400000-73500000	0.266038	-0.412794	0.052201	1.6495
chr15-82400000-82500000	0.032011	-0.889929	0.347882	2.81682
chr15-62600000-62700000	-0.292886	-0.375523	0.462619	3.66516
chr15-62700000-62800000	0.106319	-0.344291	0.095809	3.16237
chr15-62900000-63000000	0.087291	-0.315755	0.069947	1.94518
chr15-63800000-63900000	0.209959	0.073603	0.274256	3.93874
chr15-63000000-63100000	-0.265974	-0.322477	0.476963	3.33542
chr15-85400000-85500000	-0.21538	-1.19051	0.693893	3.44907
chr15-98800000-98900000	-0.422929	-1.07507	-0.602931	1.1685
chr15-63100000-63200000	0.200564	-0.174517	0.699132	4.05886
chr15-78400000-78500000	0.467204	-0.930394	-0.450949	3.05924
chr15-87100000-87200000	-0.630113	-0.78286	-0.327517	1.2005
chr15-65800000-65900000	0.48024	-0.59878	0.267668	3.48186
chr15-89200000-89300000	-0.746447	-0.761907	0.148985	1.58203
chr15-63200000-63300000	0.323965	0.251615	0.43824	3.1879
chr15-81200000-81300000	0.646366	-0.907028	-0.387468	3.95687
chr15-69500000-69600000	-0.237399	-0.317428	0.567542	2.88917
chr15-76100000-76200000	0.428516	-0.745317	0.405191	4.55639
chr15-63300000-63400000	0.03028	-0.122113	0.591563	5.08402
chr15-64600000-64700000	0.602267	-0.287162	0.554101	3.49579
chr15-64900000-65000000	0.222595	-0.168872	0.753856	3.60091
chr15-65500000-65600000	0.419523	-0.068282	0.404709	3.18274
chr15-65900000-66000000	0.496003	-0.305069	-0.188664	3.43164
chr15-66400000-66500000	-0.609126	-0.554461	0.363644	1.27639
chr15-66900000-67000000	0.380846	-0.075496	0.491379	4.07405
chr15-67900000-68000000	0.168233	-0.028193	0.440796	1.26569
chr15-68400000-68500000	0.24779	-0.032817	0.538774	2.56382
chr15-95000000-95100000	-0.809007	-0.956081	-0.257659	1.40015
chr15-95800000-95900000	-0.158963	-1.09928	-0.110435	2.2457
chr15-69400000-69500000	0.088518	-0.688259	0.362606	2.41078
chr15-76500000-76600000	0.327737	-0.852677	-0.064607	2.18202
chr15-69600000-69700000	0.111645	-0.679941	0.459563	2.92717
chr15-70200000-70300000	0.315734	-0.756718	0.632718	1.26547
chr15-70500000-70600000	0.038645	-0.298495	0.712765	1.73912
chr15-70700000-70800000	0.121904	-0.664574	0.683023	3.37387
chr15-78300000-78400000	0.51598	-0.997546	0.085218	4.27598
chr15-70900000-71000000	0.566764	-0.553331	0.442785	2.80654
chr15-71100000-71200000	0.535705	-0.622034	0.555257	4.90239
chr15-71200000-71300000	0.692676	-0.233729	0.230734	1.62323
chr15-75200000-75300000	0.813932	-0.870665	-0.004755	3.4062
chr15-79400000-79500000	0.131758	-0.779906	-0.515066	1.49885
chr15-71400000-71500000	0.655515	-0.451016	0.414509	3.9931
chr15-71500000-71600000	0.74578	-0.650607	-0.05787	3.97134
chr15-71800000-71900000	0.407594	-0.142662	0.447242	1.78897
chr15-91000000-91100000	0.331445	-1.13939	0.102907	3.28093
chr15-99800000-99900000	0.176247	-0.790912	-0.081071	1.78811
chr15-71900000-72000000	-0.051832	-0.262015	0.637727	1.96948
chr15-72100000-72200000	-0.079569	-0.356226	0.589062	1.68878
chr15-72500000-72600000	0.57377	-0.470932	0.68654	5.47479
chr15-72900000-73000000	0.765188	-0.918424	0.633007	3.7709
chr15-73000000-73100000	0.376021	-0.808271	0.279165	3.4439
chr15-73100000-73200000	0.612141	-0.590868	-0.172526	1.95736
chr15-88800000-88900000	-0.583474	-1.06725	0.005671	1.47266
chr15-73900000-74000000	0.218395	-0.602552	0.160968	4.50031
chr15-74100000-74200000	0.221533	-0.736172	0.47531	1.87685
chr15-74200000-74300000	0.572481	-0.685338	0.054352	10.792
chr15-74300000-74400000	0.807314	-0.521033	0.459111	5.65403
chr15-74500000-74600000	0.239316	-0.75579	0.536801	1.53639
chr15-85500000-85600000	-0.029474	-0.686096	0.604034	3.11086
chr15-74700000-74800000	0.428223	-0.593673	0.660248	5.73668
chr15-76700000-76800000	0.134357	-0.861826	-0.166711	1.50738
chr15-74800000-74900000	0.571624	-0.804425	0.24429	3.16453
chr15-89900000-90000000	-0.176067	-1.09137	0.237323	1.60562
chr15-74900000-75000000	0.963638	-0.650747	-0.070044	5.34734
chr15-75000000-75100000	0.673775	-0.701837	0.31508	4.80896
chr15-75100000-75200000	0.804564	-0.356947	-0.070285	5.88816
chr15-75300000-75400000	0.925046	-0.372106	0.181667	3.76147
chr15-75400000-75500000	0.717644	-0.817961	0.243927	3.28611
chr15-75600000-75700000	0.85207	-0.885127	-0.004024	4.93003
chr15-75700000-75800000	0.641834	-0.467254	-0.167625	4.08583
chr15-76200000-76300000	0.352429	-0.436704	-0.003052	1.95517
chr15-76300000-76400000	0.469759	-0.933764	-0.040746	1.61151
chr15-76600000-76700000	0.487769	-0.957972	-0.565231	2.69946
chr15-92200000-92300000	-0.613357	-0.970721	-0.567848	1.3568
chr15-96800000-96900000	-0.237653	-1.19673	-0.027929	6.67515
chr15-76900000-77000000	0.35502	-0.545021	-0.285865	1.55043
chr15-77200000-77300000	0.344027	-1.18713	-0.060426	2.5287
chr15-77500000-77600000	0.73768	-0.726142	-0.128948	1.69014
chr15-78500000-78600000	0.239422	-1.05883	0.003075	2.79594
chr15-78700000-78800000	0.335091	-0.841677	-0.022322	3.70418
chr15-78900000-79000000	0.277878	-0.949011	-0.58449	1.38137
chr15-79100000-79200000	0.405196	-1.1248	0.053787	4.16314
chr15-79500000-79600000	-0.328311	-0.729724	-0.243249	1.26643
chr15-79600000-79700000	-0.238019	-1.09115	0.183943	3.18556
chr15-80600000-80700000	0.057144	-0.907603	0.143188	1.60635
chr15-79700000-79800000	0.051507	-0.972658	-0.268372	2.00754
chr15-99000000-99100000	-0.399429	-1.14466	0.193227	2.48161
chr15-79900000-80000000	0.283109	-0.834373	-0.421536	2.30208
chr15-80900000-81000000	0.283778	-0.63873	0.08369	2.496
chr15-81100000-81200000	0.358577	-1.18932	-0.028883	1.72952
chr15-81400000-81500000	0.333765	-1.16144	0.098456	3.02715
chr15-90800000-90900000	0.408455	-0.96078	-0.332774	3.44782
chr15-81500000-81600000	0.127475	-0.806884	0.437327	1.86738
chr15-81700000-81800000	-0.021557	-1.18465	-0.066123	1.38549
chr15-81900000-82000000	0.634166	-1.09118	-0.419906	1.38921
chr15-82000000-82100000	0.13942	-0.892735	-0.339826	1.18518
chr15-82300000-82400000	0.185549	-0.989834	-0.169398	2.84914
chr15-83700000-83800000	0.191536	-0.881513	-0.180151	3.48368
chr15-83800000-83900000	0.039671	-1.23137	0.180858	3.06707
chr15-83900000-84000000	-0.06579	-0.669641	0.192787	1.95222
chr15-84100000-84200000	-0.334584	-0.851754	0.262259	1.24906
chr15-84300000-84400000	-0.033354	-0.990665	0.076464	1.30882
chr15-84400000-84500000	-0.460622	-0.672201	-0.047153	1.1474
chr15-84500000-84600000	-0.099622	-0.958255	-0.330301	1.3107
chr15-84800000-84900000	-0.733813	-1.30418	1.05383	1.23013
chr15-84900000-85000000	-0.733854	-1.30394	1.05618	1.22664
chr15-85600000-85700000	-0.378138	-1.03908	0.415971	2.48841
chr15-85700000-85800000	-0.480321	-1.28357	0.846266	1.28095
chr15-85900000-86000000	0.032942	-0.798976	0.088381	2.20245
chr15-86000000-86100000	-0.313761	-0.561666	0.408386	2.2052
chr15-86300000-86400000	-0.458021	-0.890189	0.168953	2.55371
chr15-97500000-97600000	-0.571466	-1.20358	-0.345884	1.11536
chr15-86600000-86700000	-0.434601	-1.06763	-0.548032	1.11344
chr15-86800000-86900000	-0.389875	-0.59071	-0.322621	1.12858
chr15-86900000-87000000	-0.628664	-1.06089	-0.189982	1.11341
chr15-87000000-87100000	-0.708658	-0.690943	0.212586	1.07052
chr15-87300000-87400000	-0.774501	-0.721327	-0.201175	1.10329
chr15-87700000-87800000	-0.81274	-0.763249	0.019523	1.12251
chr15-87400000-87500000	-0.453413	-1.10797	-0.438664	1.27907
chr15-87800000-87900000	-0.328524	-1.05655	0.033571	1.18964
chr15-87900000-88000000	-0.424219	-0.60299	-0.273665	1.31898
chr15-88000000-88100000	-0.17248	-1.09011	-0.402324	1.11049
chr15-97400000-97500000	-0.418305	-0.881978	-0.77408	1.14686
chr15-88100000-88200000	-0.406906	-0.673713	-0.098285	1.3311
chr15-88200000-88300000	-0.209222	-1.09299	-0.413846	1.60063
chr15-88300000-88400000	-0.142464	-1.21633	0.117986	1.89576
chr15-88500000-88600000	-0.387897	-0.661144	-0.271475	1.20452
chr15-88700000-88800000	-0.661136	-0.966904	-0.548856	1.32513
chr15-88900000-89000000	-0.140279	-1.11915	-0.325321	1.51727
chr15-90300000-90400000	-0.155713	-1.17156	0.265422	5.21181
chr15-91100000-91200000	0.290165	-0.868181	-0.350273	3.24857
chr15-91500000-91600000	-0.064691	-0.971534	-0.370746	3.28259
chr15-93200000-93300000	-0.668693	-0.906277	-0.209909	1.91958
chr15-91900000-92000000	-0.43194	-0.963516	-0.577637	1.23275
chr15-92900000-93000000	-0.303087	-1.12345	-0.581952	1.26144
chr15-93100000-93200000	-0.269082	-1.06243	-0.544885	1.29434
chr15-93400000-93500000	-0.250369	-1.04133	0.110931	3.73479
chr15-95500000-95600000	-0.737903	-0.655913	0.16634	1.27615
chr15-93600000-93700000	-0.557317	-1.0881	0.023313	1.1913
chr15-93900000-94000000	-0.742833	-1.31149	-0.250945	1.14859
chr15-94100000-94200000	-0.881283	-0.700041	-0.2827	1.18705
chr15-94700000-94800000	-0.575349	-1.07958	-0.043594	2.48555
chr15-94900000-95000000	-0.408274	-0.563943	-0.263799	1.65716
chr15-96900000-97000000	-0.31067	-0.950897	-0.548072	2.00179
chr15-95700000-95800000	-0.337372	-0.958651	-0.64867	1.82645
chr15-96100000-96200000	-0.497041	-0.817866	0.134157	1.71453
chr15-96200000-96300000	-0.097365	-1.03248	-0.182524	1.46881
chr15-96400000-96500000	-0.831331	-0.567055	0.081505	1.38255
chr15-96600000-96700000	-0.345488	-0.557178	-0.259863	1.59522
chr15-97300000-97400000	-0.598441	-1.21956	-0.363699	1.17795
chr15-97700000-97800000	-0.486781	-1.03106	-0.603227	1.23366
chr15-97900000-98000000	-0.630467	-0.919311	-0.729026	1.08491
chr15-98300000-98400000	-0.554328	-0.86262	-0.745778	1.22143
chr15-98600000-98700000	-0.501609	-1.02643	-0.660829	1.55768
chr15-98700000-98800000	-0.43036	-0.614737	-0.28444	1.17326
chr15-98900000-99000000	-0.795189	-1.10897	-0.204095	1.56506
chr15-99100000-99200000	-0.455931	-0.603432	0.202811	3.99046
chr15-99900000-100000000	0.416028	-0.941022	-0.535922	4.50548
