chr14-49500000-49600000	-0.123286	0.021136	0.285419	1.25588
chr14-34300000-34400000	0.122961	0.732232	0.292803	1.41881
chr14-32500000-32600000	-0.206847	0.689	0.575383	3.47923
chr14-104400000-104500000	-1.06508	0.100352	-0.535976	1.53163
chr14-98300000-98400000	-0.802324	-0.610702	0.061549	1.19492
chr14-49700000-49800000	-0.067264	0.046265	0.25255	1.39994
chr14-100000000-100100000	-1.05457	-0.224778	-0.993241	7.86636
chr14-83300000-83400000	-0.645453	-0.004889	0.395402	1.22508
chr14-100800000-100900000	-0.679167	0.508795	-0.651301	4.50523
chr14-106200000-106300000	-1.51131	0.406966	-0.035285	1.08737
chr14-81500000-81600000	-0.751596	-0.417053	0.215064	1.36713
chr14-100400000-100500000	-1.13066	-0.014885	-0.387031	2.85945
chr14-78000000-78100000	-0.141616	0.186075	-0.542589	2.73142
chr14-44200000-44300000	0.481912	-0.275115	0.745019	1.14057
chr14-106700000-106800000	-1.11938	-0.378845	0.40787	1.16318
chr14-101100000-101200000	-1.18049	-0.089689	-0.536028	3.25752
chr14-37500000-37600000	-0.056046	0.401937	1.01215	1.58894
chr14-100700000-100800000	-0.589742	0.043481	-1.15741	5.57547
chr14-33800000-33900000	-0.038394	-0.311437	0.793878	1.13121
chr14-28800000-28900000	-0.474292	-0.074843	1.05804	1.07534
chr14-84000000-84100000	0.041855	-0.754963	-0.008749	1.21751
chr14-44800000-44900000	0.471486	-0.221935	0.588211	1.12486
chr14-80000000-80100000	-0.470525	0.650913	-0.17306	2.11433
chr14-33100000-33200000	0.274081	0.521613	0.471604	1.46004
chr14-100100000-100200000	-1.00103	0.452549	-0.924142	3.16452
chr14-106100000-106200000	-2.22673	0.36561	0.048371	1.47754
chr14-64000000-64100000	0.439684	-0.264814	-0.52768	3.10564
chr14-60800000-60900000	0.485817	-0.453536	-0.073452	1.30026
chr14-60000000-60100000	-0.073073	0.103138	-0.287797	1.64686
chr14-102100000-102200000	-0.962042	-0.662058	-0.669862	1.73756
chr14-104100000-104200000	-0.294821	0.241523	-0.930503	6.19428
chr14-77000000-77100000	-0.665876	0.642979	0.157862	1.26487
chr14-88600000-88700000	-0.694912	-0.590864	0.077738	1.32772
chr14-91500000-91600000	-0.451517	-0.465309	-0.451571	2.8382
chr14-31800000-31900000	0.089514	1.0242	0.220209	2.8869
chr14-37000000-37100000	0.234702	0.393058	0.830115	1.22133
chr14-102500000-102600000	-0.377117	-0.428309	-0.962931	4.70253
chr14-68800000-68900000	0.341742	0.307288	-0.577377	2.39807
chr14-26700000-26800000	0.276704	-0.199838	0.86656	1.29753
chr14-100500000-100600000	-0.534292	0.20262	-0.585483	2.44501
chr14-100300000-100400000	-0.669506	0.495997	-0.505248	2.68283
chr14-105500000-105600000	-0.846525	0.237997	-1.10871	5.69791
chr14-75400000-75500000	-0.278351	0.785958	-0.323424	4.1913
chr14-88200000-88300000	-0.715715	-0.692531	0.089462	2.76432
chr14-102700000-102800000	0.081441	-0.179908	-1.26913	5.86597
chr14-104300000-104400000	-0.987238	-0.381298	-0.981135	2.53106
chr14-50000000-50100000	0.55345	-0.140623	0.039002	5.08519
chr14-43800000-43900000	-0.172027	0.051749	1.12588	1.23838
chr14-27700000-27800000	-0.140676	-0.454811	0.74101	1.1334
chr14-104200000-104300000	-0.354508	-0.420421	-0.761283	2.2717
chr14-106000000-106100000	-1.71116	0.335966	-0.035554	1.58329
chr14-63500000-63600000	0.581196	-0.364601	0.01452	1.2271
chr14-21000000-21100000	-0.501831	0.266321	0.929775	1.67549
chr14-102000000-102100000	-1.37332	-0.128489	-0.880618	1.49572
chr14-72800000-72900000	-0.699579	0.472822	0.278401	1.3083
chr14-78200000-78300000	-0.820085	-0.064847	-0.377562	3.13481
chr14-92700000-92800000	-1.10966	-0.115306	-0.281621	1.31633
chr14-56600000-56700000	0.518659	-0.096439	0.085856	1.72897
chr14-50800000-50900000	0.838304	0.117477	0.010516	2.65363
chr14-100600000-100700000	-1.08175	0.432223	-0.908067	3.75133
chr14-83200000-83300000	-0.585326	-0.593851	0.013391	1.2597
chr14-83400000-83500000	-0.481119	-0.578777	0.014049	1.2829
chr14-27600000-27700000	0.14112	0.084345	1.08007	1.04015
chr14-21800000-21900000	0.597243	0.705639	0.145715	3.13161
chr14-102400000-102500000	-0.748558	0.058033	-1.11255	5.77871
chr14-49900000-50000000	-0.097585	0.043112	0.206326	1.53309
chr14-43200000-43300000	0.483459	-0.24658	0.919123	1.17924
chr14-100200000-100300000	-0.963228	-0.099407	-0.535484	6.17568
chr14-100900000-101000000	-1.07435	-0.034468	-0.527478	3.27595
chr14-105800000-105900000	-1.00684	0.432976	-1.02798	5.82544
chr14-78600000-78700000	-0.842055	-0.088588	0.424886	1.22775
chr14-43400000-43500000	0.497103	-0.364045	0.586764	1.13783
chr14-105600000-105700000	-1.17893	0.792325	-1.09308	3.18375
chr14-70600000-70700000	-0.522633	0.727539	0.154443	1.72478
chr14-74200000-74300000	-0.163734	0.826089	-0.963425	6.28635
chr14-49600000-49700000	0.153949	-0.6175	0.200997	1.32323
chr14-101000000-101100000	-0.791721	-0.271323	-1.07234	1.9805
chr14-105000000-105100000	-1.33434	0.324383	-0.249921	1.3341
chr14-90100000-90200000	-0.593738	0.277735	-0.501355	2.16977
chr14-58400000-58500000	-0.02281	-0.645327	0.161081	1.24246
chr14-45800000-45900000	-0.120717	-0.521855	0.527232	1.15008
chr14-101400000-101500000	-1.0862	-0.625334	-0.597544	2.5361
chr14-56200000-56300000	-0.044046	0.752529	0.143343	1.47162
chr14-101800000-101900000	-1.04601	-0.040964	-0.411163	1.66536
chr14-105200000-105300000	-0.975147	0.443839	-1.10967	6.8797
chr14-49400000-49500000	0.153211	-0.566335	0.025312	1.15145
chr14-67500000-67600000	-0.82969	0.452129	0.283184	1.36648
chr14-56700000-56800000	0.255744	0.435776	-0.257063	2.0533
chr14-27500000-27600000	-0.541267	-0.093455	1.03056	1.17186
chr14-101600000-101700000	-1.05647	-0.234311	-0.590727	1.3609
chr14-61200000-61300000	0.258628	-0.187807	-0.738516	2.36698
chr14-36400000-36500000	-0.28561	0.604964	0.616043	1.17154
chr14-101200000-101300000	-0.764644	-0.369646	-0.983945	3.55558
chr14-47200000-47300000	-0.109837	0.018672	0.288591	1.21548
chr14-39600000-39700000	0.432802	0.598015	0.77131	3.83138
chr14-105700000-105800000	-0.967618	0.778541	-0.463299	5.74123
chr14-60700000-60800000	-0.16563	-0.681583	0.052474	3.69054
chr14-24100000-24200000	-0.674111	0.529473	0.876315	1.58082
chr14-101300000-101400000	-1.16375	0.068975	-0.604363	3.08497
chr14-59100000-59200000	0.444988	0.556475	-0.110554	2.61688
chr14-102300000-102400000	-0.33375	-0.291226	-0.683957	2.98015
chr14-48800000-48900000	0.402114	-0.519084	0.182097	1.54542
chr14-22500000-22600000	0.306951	0.574994	0.609827	1.39636
chr14-106300000-106400000	-1.58574	0.059567	0.53345	1.45361
chr14-57200000-57300000	-0.027843	-0.677849	0.051435	1.12687
chr14-24800000-24900000	0.108792	0.823975	0.578283	5.61499
chr14-105100000-105200000	-1.44923	0.039497	-0.860251	8.47959
chr14-73000000-73100000	-0.377544	0.834537	-0.235915	3.55642
chr14-62500000-62600000	0.011618	-0.230538	-0.488098	1.62206
chr14-62300000-62400000	0.29653	-0.551658	-0.094008	2.19798
chr14-57500000-57600000	-0.461321	0.493693	0.628915	1.15629
chr14-44300000-44400000	-0.107974	-0.604316	0.514686	1.10974
chr14-103500000-103600000	-0.125036	0.283799	-1.61824	4.61787
chr14-66300000-66400000	-0.179758	0.043033	0.101684	1.33412
chr14-80500000-80600000	-0.203213	0.053356	0.118717	1.30115
chr14-39400000-39500000	0.523835	-0.465724	0.345074	1.80706
chr14-33400000-33500000	-0.009387	0.450689	1.11037	1.99242
chr14-31500000-31600000	0.460595	0.55485	-0.092164	2.4629
chr14-31400000-31500000	0.691719	0.773251	0.492078	3.52695
chr14-26500000-26600000	-0.476361	0.571193	0.672566	1.03322
chr14-84800000-84900000	-0.687989	-0.407381	-0.220718	1.15133
chr14-62100000-62200000	0.415915	0.568623	-0.244924	3.0503
chr14-101500000-101600000	-0.5599	-0.445048	-0.966127	3.1713
chr14-79100000-79200000	-0.567907	-0.527706	-0.108706	1.21336
chr14-20000000-20100000	-0.768317	-0.991156	2.075	1
chr14-71100000-71200000	-0.585525	0.189729	-0.375274	2.07307
chr14-62600000-62700000	0.351804	0.39563	-0.494316	1.63039
chr14-46500000-46600000	0.511197	-0.431984	0.590939	1.25664
chr14-42700000-42800000	0.401494	-0.518952	0.593678	1.09546
chr14-101700000-101800000	-1.37925	-0.474953	-0.027713	1.3824
chr14-101900000-102000000	-1.0531	-0.666436	-0.630274	1.80504
chr14-41300000-41400000	0.413744	-0.13163	0.731783	1.11572
chr14-107000000-107100000	-1.49631	0.044623	0.199864	1.17495
chr14-106600000-106700000	-1.33011	0.241788	0.602365	1.13793
chr14-102200000-102300000	-0.816868	-0.06148	-1.01713	2.78432
chr14-103800000-103900000	0.295924	0.076364	-1.17704	4.48655
chr14-74000000-74100000	0.098525	0.968772	-0.954807	3.07953
chr14-58300000-58400000	-0.248619	-0.00157	0.284683	1.15995
chr14-103400000-103500000	-0.008401	-0.201301	-1.18389	5.2992
chr14-103600000-103700000	-0.182489	-0.241268	-1.28064	3.27483
chr14-103200000-103300000	-0.200864	-0.214061	-1.1175	3.51509
chr14-89500000-89600000	-0.804794	-0.450313	-0.494799	1.84868
chr14-56400000-56500000	0.431173	-0.28662	-0.010545	1.54131
chr14-54600000-54700000	0.856474	0.089083	0.017506	1.60572
chr14-43300000-43400000	0.459874	0.35277	0.537538	1.33011
chr14-96800000-96900000	-0.948897	0.557805	0.083562	3.27139
chr14-103000000-103100000	-0.038429	-0.025191	-1.27813	3.37282
chr14-74400000-74500000	-0.321998	0.86824	-0.780853	3.67518
chr14-78800000-78900000	-0.861642	-0.145605	0.480838	1.08685
chr14-50200000-50300000	0.586443	-0.079255	-0.031204	3.77801
chr14-72200000-72300000	-0.578402	0.633534	-0.003324	2.56189
chr14-72500000-72600000	-0.76843	-0.161301	0.400205	1.18425
chr14-76600000-76700000	-0.542383	0.161208	-0.088485	2.6462
chr14-81300000-81400000	-0.464281	-0.01481	-0.264092	2.14279
chr14-92400000-92500000	-0.819859	-0.026752	-0.323107	2.48533
chr14-34000000-34100000	-0.438942	0.514438	0.727844	1.22418
chr14-102600000-102700000	-0.336464	0.214826	-1.01118	5.27211
chr14-74700000-74800000	-0.412828	0.219944	-0.915128	2.87701
chr14-98600000-98700000	-1.02491	0.033267	0.316638	1.11677
chr14-25200000-25300000	-0.070712	0.534062	1.04283	1.48198
chr14-102800000-102900000	-0.465964	-0.515068	-1.0265	3.5448
chr14-106400000-106500000	-1.72573	-0.260911	-0.028856	1.18249
chr14-104900000-105000000	-1.37345	-0.3302	-0.130033	1.40057
chr14-102900000-103000000	-0.673992	0.075008	-1.15111	5.11774
chr14-26300000-26400000	0.051766	-0.210298	0.869356	1.10581
chr14-80100000-80200000	-0.202193	0.029999	-0.011686	1.34594
chr14-103100000-103200000	-0.431318	0.368638	-0.953423	2.41085
chr14-103700000-103800000	-0.288003	0.360189	-1.27246	2.69652
chr14-62200000-62300000	0.138134	-0.000997	-0.516655	3.12242
chr14-46400000-46500000	-0.186703	-0.53172	0.612515	1.06602
chr14-42100000-42200000	-0.075483	-0.53796	0.62603	1.07053
chr14-66800000-66900000	-0.403828	-0.176629	0.53347	1.2775
chr14-77200000-77300000	-1.06202	0.085448	-0.345236	3.53126
chr14-103300000-103400000	-0.347762	0.381982	-1.16645	2.87283
chr14-64100000-64200000	0.482526	0.433418	-0.538524	3.09297
chr14-103900000-104000000	-0.25258	0.312988	-1.06247	5.12659
chr14-45700000-45800000	0.457125	-0.111661	0.625586	3.10166
chr14-36500000-36600000	-0.0407	-0.027524	0.439251	1.37965
chr14-30800000-30900000	0.142184	0.523832	0.571562	1.13969
chr14-90200000-90300000	-0.330144	-0.332017	-0.652792	2.68268
chr14-104800000-104900000	-1.34657	0.318271	0.011115	1.26117
chr14-50300000-50400000	0.737218	0.211494	-0.628022	4.91078
chr14-104000000-104100000	-0.758783	-0.13037	-1.14472	8.21491
chr14-43500000-43600000	-0.196305	-0.387193	0.704067	1.07896
chr14-106500000-106600000	-1.41146	-0.4099	0.537846	1.20929
chr14-104500000-104600000	-1.46306	-0.224238	-0.105447	1.42487
chr14-84700000-84800000	-0.824779	-0.152197	0.428885	1.21232
chr14-104600000-104700000	-1.54294	0.046513	0.547688	1.41159
chr14-69000000-69100000	0.448237	0.421515	-0.396661	4.88599
chr14-55600000-55700000	0.290396	0.417824	-0.339933	2.18723
chr14-53100000-53200000	0.676422	-0.325865	-0.575609	4.09671
chr14-104700000-104800000	-1.43098	-0.310753	0.026525	1.32465
chr14-22100000-22200000	0.036209	0.188345	0.416718	1.20981
chr14-88400000-88500000	-0.67691	-0.053914	-0.236841	3.55169
chr14-59000000-59100000	0.387039	0.161334	-0.683617	1.78168
chr14-28300000-28400000	-0.010157	-0.291273	1.0122	1.11362
chr14-105300000-105400000	-0.497537	0.789707	-0.837316	4.92515
chr14-36700000-36800000	0.274376	0.43513	0.670788	2.71648
chr14-30500000-30600000	-0.186882	0.5534	0.892574	1.37374
chr14-67000000-67100000	-0.111042	0.022073	0.154281	1.42905
chr14-69600000-69700000	0.181567	0.874996	-0.358684	4.42672
chr14-105400000-105500000	-1.13457	0.62338	-0.675133	6.75991
chr14-105900000-106000000	-1.36294	0.676374	-0.575092	5.22804
chr14-49000000-49100000	0.403372	-0.515594	0.191381	1.47756
chr14-45600000-45700000	0.276835	0.316318	0.099079	2.74669
chr14-65000000-65100000	0.36556	0.308887	-0.556384	2.83143
chr14-65500000-65600000	-0.536041	0.602158	-0.417208	3.27744
chr14-87000000-87100000	-0.259547	-0.65324	-0.09202	1.46312
chr14-94000000-94100000	-0.758385	-0.602404	0.056734	1.33266
chr14-36000000-36100000	0.404887	0.228116	0.770867	1.37168
chr14-106800000-106900000	-1.63748	-0.00208	0.576541	1.21479
chr14-106900000-107000000	-1.03745	-0.31406	0.540522	1.11974
chr14-28200000-28300000	0.571307	-0.139802	1.38802	1.03617
chr14-107100000-107200000	-0.865833	0.155191	0.405175	1.24915
chr14-34700000-34800000	-0.207444	0.451245	0.958754	1.37449
chr14-107200000-107300000	-1.14497	-0.421067	0.195217	1.57809
chr14-53300000-53400000	0.582125	-0.267368	-0.623512	2.82816
chr14-20300000-20400000	-0.431941	-0.129207	0.688673	1.31276
chr14-19000000-19100000	-0.249446	-0.742669	1.50788	1.53463
chr14-31100000-31200000	0.18612	0.732296	0.744169	1.87757
chr14-22300000-22400000	-0.255767	0.753936	0.366415	1.38617
chr14-19100000-19200000	-0.253169	-1.30679	1.84053	1
chr14-57800000-57900000	-0.032201	0.060915	0.123499	3.45538
chr14-26000000-26100000	-0.471384	0.206858	0.996312	1.04924
chr14-19300000-19400000	-0.253987	-1.30796	1.83928	1
chr14-64500000-64600000	-0.153913	0.043786	-0.055715	1.36739
chr14-73200000-73300000	-0.179137	0.8464	-0.303401	3.13182
chr14-19400000-19500000	-0.254778	-1.30839	1.83762	1.24268
chr14-48200000-48300000	-0.180541	-0.413045	0.673512	1.13283
chr14-44000000-44100000	0.339819	-0.669071	0.271344	1.12131
chr14-80600000-80700000	-0.375572	-0.593296	-0.046487	1.50851
chr14-35400000-35500000	1.06551	0.020414	0.117136	3.00809
chr14-19500000-19600000	-0.254556	-1.3077	1.83587	1
chr14-59200000-59300000	0.005117	0.235694	-0.507484	1.50923
chr14-55500000-55600000	0.424401	-0.240154	-0.423512	4.64859
chr14-80300000-80400000	-0.196476	0.059038	-0.016638	1.38315
chr14-19600000-19700000	-0.255463	-1.30822	1.83429	1
chr14-20100000-20200000	-0.745084	-0.793338	1.84019	1
chr14-19700000-19800000	-0.256298	-1.30864	1.83265	1.50441
chr14-26400000-26500000	-0.58549	-0.004252	1.06166	1.0563
chr14-19800000-19900000	-0.767214	-0.989952	2.07201	1
chr14-77700000-77800000	-0.815305	0.078204	-0.319554	3.19749
chr14-54400000-54500000	0.707609	-0.283795	-0.250102	3.19877
chr14-41800000-41900000	-0.037225	-0.544462	0.603671	1.19229
chr14-38100000-38200000	-0.001202	0.614805	0.387669	1.69537
chr14-34100000-34200000	-0.144494	-0.053637	0.972753	1.16165
chr14-19900000-20000000	-0.767075	-0.990293	2.07386	0
chr14-76700000-76800000	-0.959053	0.300349	0.426548	1.37078
chr14-25400000-25500000	-0.27892	0.238878	0.249971	1.9024
chr14-25000000-25100000	-0.508608	0.545591	0.713529	1.29995
chr14-20200000-20300000	-0.628726	-0.497509	1.24579	1.27931
chr14-79400000-79500000	-0.161013	-0.499777	-0.544028	1.73722
chr14-44700000-44800000	-0.078291	-0.648217	0.484011	1.4094
chr14-20400000-20500000	0.030528	-0.603971	0.903622	1.09347
chr14-68000000-68100000	-0.294113	0.215645	-0.75071	2.18245
chr14-46000000-46100000	-0.125585	0.581883	0.722654	1.17476
chr14-28500000-28600000	0.032327	-0.265003	0.830647	1.09938
chr14-26200000-26300000	-0.47689	0.245054	0.872095	1.09771
chr14-75200000-75300000	-0.09964	0.976939	-0.597632	2.76591
chr14-75700000-75800000	-0.086896	0.327814	-0.797653	3.51843
chr14-86100000-86200000	-0.678506	0.569425	0.215787	1.19987
chr14-97800000-97900000	-1.01913	-0.014148	0.276758	1.21534
chr14-42800000-42900000	-0.168665	-0.102386	0.486333	1.25006
chr14-20500000-20600000	-0.576686	-0.434393	0.717958	1.15059
chr14-20600000-20700000	-0.410685	0.155962	1.03121	1.11747
chr14-73800000-73900000	-0.025613	0.924289	-0.596389	2.27944
chr14-51700000-51800000	0.499032	0.605057	-0.373016	3.40314
chr14-95000000-95100000	-0.834335	0.574386	-0.045817	2.23671
chr14-20700000-20800000	0.037873	0.698212	1.05336	1.96587
chr14-64300000-64400000	0.190407	0.218324	-0.359141	1.59934
chr14-71700000-71800000	-0.395528	0.306445	-0.814109	3.28184
chr14-20800000-20900000	-0.502121	0.286099	0.87779	3.59735
chr14-84600000-84700000	-0.451889	-0.637792	0.07807	1.23198
chr14-20900000-21000000	-0.235001	0.873018	0.718067	4.24163
chr14-23700000-23800000	-0.165114	0.895986	0.762679	6.42457
chr14-21100000-21200000	-0.567091	0.808305	0.480529	4.53907
chr14-58800000-58900000	0.520242	0.415507	-0.066566	2.9289
chr14-50100000-50200000	0.465274	0.562175	-0.040754	4.7823
chr14-21200000-21300000	-0.799054	0.361784	0.962429	1.13495
chr14-65800000-65900000	-0.059554	0.722475	-0.135929	3.25319
chr14-90400000-90500000	-0.559326	0.618753	-0.274599	2.66415
chr14-96200000-96300000	-0.70607	-0.686288	0.106496	1.13378
chr14-96700000-96800000	-0.853059	0.039645	-0.340778	5.19364
chr14-36800000-36900000	-0.411466	0.395273	0.77998	1.34769
chr14-29800000-29900000	0.137377	-0.424755	0.661697	1.16662
chr14-45400000-45500000	-0.016983	0.120458	0.189407	3.0181
chr14-21300000-21400000	-0.455121	-0.074707	1.34838	1.33576
chr14-67300000-67400000	-0.584114	0.485241	0.583108	1.53763
chr14-61700000-61800000	0.349793	-0.284306	-0.527607	2.90973
chr14-23200000-23300000	0.253795	1.24398	-0.286127	4.29298
chr14-67200000-67300000	-0.177446	0.091236	0.186982	1.30829
chr14-52200000-52300000	0.861773	0.169342	-0.647737	1.85814
chr14-34200000-34300000	-0.454913	0.469654	0.634549	1.24702
chr14-21400000-21500000	0.223162	0.055148	1.17765	2.87865
chr14-98500000-98600000	-0.979247	-0.624968	0.099833	1.20978
chr14-58500000-58600000	-0.027873	0.065249	0.159861	1.60388
chr14-83800000-83900000	-0.134913	0.047068	-0.100751	1.28983
chr14-21500000-21600000	0.304332	0.437738	0.661747	5.4841
chr14-78100000-78200000	-0.622228	0.602397	-0.256696	3.07962
chr14-92300000-92400000	-0.823077	0.549153	0.085999	2.13715
chr14-98800000-98900000	-0.810768	-0.672494	-0.0697	1.19289
chr14-41200000-41300000	-0.076975	-0.632882	0.677161	1.13596
chr14-27000000-27100000	-0.165642	-0.389242	0.723322	1.3046
chr14-21600000-21700000	-0.197806	0.892735	0.698496	1.92497
chr14-61400000-61500000	0.457353	0.347923	-0.363135	3.01684
chr14-21700000-21800000	-0.002365	0.920229	0.027427	2.4905
chr14-72700000-72800000	-0.748685	-0.206894	0.215887	1.23883
chr14-32400000-32500000	0.365188	0.684591	0.199457	2.30229
chr14-21900000-22000000	0.02955	1.06937	0.156626	4.46466
chr14-55800000-55900000	0.549928	0.313826	-0.132292	2.94773
chr14-42000000-42100000	0.381517	0.012875	0.580146	1.19108
chr14-22000000-22100000	0.462667	0.6929	0.551326	1.54825
chr14-86800000-86900000	-0.224632	-0.603381	-0.061746	1.39298
chr14-51300000-51400000	0.791336	0.125562	-0.046955	2.64688
chr14-24500000-24600000	-0.23543	0.883934	0.250067	4.22703
chr14-22200000-22300000	-0.435901	0.331914	0.881866	1.17826
chr14-22400000-22500000	-0.047986	0.128344	0.224451	1.47549
chr14-55700000-55800000	0.384784	-0.265189	-0.396019	2.4333
chr14-39700000-39800000	0.663707	0.20744	0.303479	3.63552
chr14-97000000-97100000	-0.876573	-0.170387	-0.063226	1.62419
chr14-22600000-22700000	0.139231	0.764443	-0.037038	1.68296
chr14-68500000-68600000	0.005557	0.173754	-0.731472	1.66221
chr14-82600000-82700000	-0.770636	-0.323062	0.814355	1.04632
chr14-39800000-39900000	-0.030407	0.169233	0.260384	1.87511
chr14-37400000-37500000	0.202191	0.228999	0.395538	1.91549
chr14-99500000-99600000	-1.01376	0.009027	0.457135	1.82183
chr14-24200000-24300000	-0.287622	0.932924	0.488166	1.12129
chr14-22700000-22800000	-0.271189	1.11547	0.345321	1.68707
chr14-22800000-22900000	0.155954	0.868715	-0.104619	1.49611
chr14-22900000-23000000	0.557502	0.367755	0.034849	1.44148
chr14-27300000-27400000	0.193195	0.298395	0.698417	1.19614
chr14-23000000-23100000	0.380891	0.988744	0.248878	4.11425
chr14-29300000-29400000	-0.19031	-0.338717	0.686668	1.08818
chr14-23800000-23900000	-0.746275	0.870955	0.420675	3.00761
chr14-23100000-23200000	0.793425	0.905163	-0.237351	1.76012
chr14-87600000-87700000	-0.400864	-0.747779	0.137697	1.37704
chr14-50400000-50500000	0.275108	0.640159	-0.690709	5.37022
chr14-23300000-23400000	0.757886	0.863145	-0.220081	8.44639
chr14-94400000-94500000	-1.05302	0.249257	-0.349816	3.15962
chr14-29600000-29700000	-0.339999	0.401133	0.831873	1.43019
chr14-87800000-87900000	-0.407974	-0.702244	0.055313	1.40615
chr14-94500000-94600000	-0.536267	-0.045257	-0.680212	3.58078
chr14-23400000-23500000	0.374537	1.0655	0.296837	5.41032
chr14-32300000-32400000	-0.247307	0.696983	0.526204	1.96881
chr14-27200000-27300000	0.045409	-0.386227	0.718632	1.15888
chr14-23500000-23600000	0.177927	1.0229	-0.312496	5.74917
chr14-70500000-70600000	-0.770128	0.127094	0.362662	1.47147
chr14-89000000-89100000	-0.365828	0.10956	-0.107973	3.356
chr14-49200000-49300000	0.066588	0.777849	0.27897	1.6941
chr14-43000000-43100000	0.024564	-0.634338	0.336399	1.1735
chr14-29400000-29500000	0.499346	-0.29192	0.713568	1.26256
chr14-23600000-23700000	-0.257119	1.14976	0.14306	1.79
chr14-76400000-76500000	-0.610346	0.636418	-0.3912	2.38793
chr14-92600000-92700000	-1.12832	0.527222	-0.035114	1.88514
chr14-98400000-98500000	-0.900899	-0.02207	0.426574	1.12408
chr14-38600000-38700000	0.317376	-0.558135	0.213725	2.3077
chr14-23900000-24000000	-0.50694	0.47975	0.903516	2.48884
chr14-24000000-24100000	-0.302485	0.958391	0.477505	5.42583
chr14-75500000-75600000	0.007315	0.353447	-0.702119	4.58731
chr14-60300000-60400000	0.404341	0.374787	-0.129933	1.80012
chr14-24300000-24400000	-0.55488	0.548503	0.919932	1.34
chr14-55300000-55400000	0.767584	0.224835	0.036746	1.85849
chr14-46100000-46200000	-0.280992	-0.112913	0.654946	1.08173
chr14-33300000-33400000	-0.339619	-0.148195	0.955884	1.27357
chr14-86400000-86500000	-0.371172	-0.005048	0.151716	1.27877
chr14-24400000-24500000	-0.279465	1.20218	0.859626	2.70259
chr14-77400000-77500000	-0.310261	0.247502	-0.844264	6.4229
chr14-35000000-35100000	0.980913	0.533633	0.356057	4.03102
chr14-24600000-24700000	0.413924	0.90306	0.371669	7.90455
chr14-84300000-84400000	-0.315617	-0.016588	0.196686	1.1747
chr14-59400000-59500000	0.746106	-0.157631	-0.102493	1.6575
chr14-24700000-24800000	-0.011172	0.843188	-0.093759	6.67747
chr14-42300000-42400000	0.440447	-0.413629	0.218366	1.11365
chr14-33200000-33300000	-0.327074	0.537414	0.815046	1.28378
chr14-24900000-25000000	0.029799	0.334584	1.08629	5.73644
chr14-58100000-58200000	-0.226868	-0.647328	-0.052426	1.09507
chr14-52300000-52400000	0.280009	-0.120778	-0.486403	2.11884
chr14-25100000-25200000	-0.397495	-0.097564	0.972628	1.284
chr14-90500000-90600000	-0.75297	-0.019631	-0.383884	1.48666
chr14-25300000-25400000	0.298953	0.154582	0.579671	1.94679
chr14-81400000-81500000	-0.764731	0.275265	0.315881	1.57863
chr14-61300000-61400000	0.644091	-0.284174	-0.195705	1.8895
chr14-25500000-25600000	0.039446	0.754963	0.540643	2.00545
chr14-61000000-61100000	0.45306	0.76536	0.133307	1.57616
chr14-81000000-81100000	-0.316724	0.495573	-0.415749	1.65114
chr14-27800000-27900000	0.205337	0.133703	0.910296	1.24525
chr14-27400000-27500000	-0.472602	0.549671	0.744563	1.11218
chr14-25600000-25700000	0.142759	0.194961	0.955045	1.34292
chr14-72000000-72100000	0.195509	0.313317	-0.624133	2.77828
chr14-52600000-52700000	0.416238	0.754616	0.010487	1.40234
chr14-38500000-38600000	-0.026854	0.047014	0.243894	1.56047
chr14-25700000-25800000	-0.546291	0.244177	0.854312	1.16325
chr14-76000000-76100000	-0.027848	-0.208112	-0.454658	1.82877
chr14-25800000-25900000	-0.000238	-0.13168	1.05666	1.10981
chr14-25900000-26000000	-0.486761	-0.393387	0.621172	1.15889
chr14-26100000-26200000	-0.25765	-0.414711	0.738008	1.11694
chr14-26600000-26700000	-0.390886	-0.035225	1.02457	1.30689
chr14-95400000-95500000	-1.02918	0.515075	0.096303	1.35425
chr14-59300000-59400000	0.330256	-0.345644	-0.594148	1.61028
chr14-57000000-57100000	-0.025963	-0.675686	0.045642	3.05055
chr14-26800000-26900000	-0.42722	-0.169922	0.86397	1.12238
chr14-68300000-68400000	-0.174267	0.203959	-0.679092	1.60594
chr14-91300000-91400000	-0.882075	0.530824	0.145512	2.13605
chr14-26900000-27000000	0.192088	0.08572	1.10759	1.09477
chr14-54500000-54600000	0.409715	0.301339	-0.444476	1.48601
chr14-27100000-27200000	-0.070006	0.169269	1.14758	1.14364
chr14-27900000-28000000	-0.207606	0.637096	0.647974	1.18294
chr14-28000000-28100000	-0.425798	0.045678	0.994448	1.07846
chr14-51800000-51900000	0.721146	-0.015187	-0.413851	3.60255
chr14-28100000-28200000	0.116109	-0.419906	0.948968	1.07201
chr14-93000000-93100000	-0.300625	-0.445078	-0.682987	3.30315
chr14-31000000-31100000	0.505968	0.265893	0.333747	3.67274
chr14-97200000-97300000	-1.18331	0.057139	0.331344	2.09988
chr14-28400000-28500000	-0.363748	0.310029	0.89959	1.15527
chr14-84400000-84500000	-0.537222	0.5847	-0.105942	1.59109
chr14-35100000-35200000	0.55811	1.06018	0.288873	3.0624
chr14-28600000-28700000	-0.545524	0.069021	1.07967	1.25495
chr14-59700000-59800000	0.53888	0.159038	0.010307	1.86451
chr14-86700000-86800000	-0.879524	-0.444715	-0.239726	1.27102
chr14-28700000-28800000	0.126623	0.296244	1.09015	1.12559
chr14-79200000-79300000	-0.778536	-0.101388	0.396179	1.10749
chr14-28900000-29000000	-0.417257	0.50433	0.661684	1.2426
chr14-58000000-58100000	-0.360742	-0.64395	0.622849	1.13693
chr14-74500000-74600000	-0.160539	0.192417	-0.794365	2.16489
chr14-41000000-41100000	-0.336028	0.389265	1.00079	1.17676
chr14-29000000-29100000	-0.214699	-0.131454	0.878498	1.15847
chr14-45000000-45100000	-0.112634	-0.734018	0.285716	1.18704
chr14-29100000-29200000	0.065724	0.409532	1.25971	1.57658
chr14-65600000-65700000	-0.123879	0.984837	0.029497	2.53375
chr14-85800000-85900000	-0.510159	0.163841	-0.356261	1.64164
chr14-41400000-41500000	-0.190301	-0.502151	0.596754	1.12188
chr14-32700000-32800000	0.630786	-0.165778	0.363016	1.7872
chr14-67800000-67900000	-0.259782	0.078298	-0.597751	3.33678
chr14-89900000-90000000	0.337915	-0.375416	-0.76645	3.4604
chr14-54100000-54200000	0.444749	0.355736	-0.204478	1.24267
chr14-49800000-49900000	-0.080619	0.738661	0.169669	1.40602
chr14-29200000-29300000	0.302489	0.165551	0.625034	1.50895
chr14-61100000-61200000	0.227526	0.42366	-0.444648	5.58177
chr14-50500000-50600000	0.707571	0.715212	-0.199645	4.34497
chr14-29500000-29600000	-0.201084	-0.263032	0.699074	1.26722
chr14-85600000-85700000	-0.104528	-0.907276	-0.042809	1.16643
chr14-34600000-34700000	-0.061308	0.772302	0.363553	1.30698
chr14-29700000-29800000	0.200885	0.217404	0.409544	1.72888
chr14-49300000-49400000	-0.046081	0.08448	0.194902	1.09301
chr14-29900000-30000000	0.34871	0.223533	0.772882	1.40777
chr14-50600000-50700000	0.772662	0.074996	-0.044302	2.93727
chr14-30000000-30100000	-0.09015	0.749811	0.55502	1.58458
chr14-30100000-30200000	0.248017	0.141435	0.492468	1.49868
chr14-67600000-67700000	-0.241258	0.858611	0.200192	1.91811
chr14-81800000-81900000	-0.481731	-0.451553	0.188618	1.19547
chr14-47800000-47900000	-0.127974	-0.467969	0.692049	1.08905
chr14-30200000-30300000	0.765623	-0.070671	0.094938	1.62212
chr14-69500000-69600000	-0.244626	0.424369	-0.659897	3.46998
chr14-76300000-76400000	-0.26015	0.111552	-0.101881	1.77726
chr14-30300000-30400000	0.501714	0.06699	0.707356	2.37689
chr14-56000000-56100000	0.122217	-0.439495	-0.35471	2.91324
chr14-52000000-52100000	0.399565	0.027252	-0.555913	3.6491
chr14-32600000-32700000	0.448156	0.499386	0.521998	2.27814
chr14-30400000-30500000	0.433469	0.769898	0.657346	1.31151
chr14-61800000-61900000	-0.005444	-0.747018	-0.137852	2.1653
chr14-63600000-63700000	0.134318	-0.251828	-0.502783	3.01849
chr14-69400000-69500000	0.369784	0.367953	-0.869082	5.95795
chr14-81600000-81700000	-0.34364	0.113658	0.01035	4.35416
chr14-30600000-30700000	0.44679	0.297453	0.803537	1.7148
chr14-63200000-63300000	0.06593	-0.491229	-0.483293	1.41021
chr14-56800000-56900000	-0.219531	0.712356	0.177903	1.97275
chr14-38400000-38500000	-0.282226	0.593316	0.561754	1.32907
chr14-30700000-30800000	0.132475	-0.136536	0.337849	1.73973
chr14-30900000-31000000	0.038104	-0.153849	0.673794	1.22475
chr14-31200000-31300000	0.413669	0.269069	0.311011	1.31101
chr14-37600000-37700000	0.465466	-0.067451	0.923554	3.47928
chr14-97300000-97400000	-0.701796	-0.151071	-0.111146	1.33888
chr14-35700000-35800000	0.750019	0.552866	0.302792	2.58803
chr14-31300000-31400000	0.049079	0.834991	0.284118	1.61659
chr14-62400000-62500000	0.539715	0.084773	-0.22563	2.37532
chr14-53000000-53100000	0.810468	0.091466	-0.065995	1.82172
chr14-31600000-31700000	0.930934	0.234572	0.236088	3.93425
chr14-82400000-82500000	-0.314234	0.028029	0.277649	1.08124
chr14-51000000-51100000	0.336677	0.449479	-0.362269	2.51263
chr14-42500000-42600000	0.479081	-0.441396	0.330305	1.34776
chr14-33700000-33800000	-0.599828	0.095856	0.797205	1.14418
chr14-31700000-31800000	0.674913	0.801341	0.504999	2.34496
chr14-73700000-73800000	0.286195	0.403793	-0.851021	3.30023
chr14-46800000-46900000	-0.228368	-0.695274	0.565371	1.21471
chr14-82700000-82800000	-0.470656	-0.693052	0.315658	1.06559
chr14-95800000-95900000	-0.922489	0.477038	0.171123	1.65254
chr14-31900000-32000000	0.301625	0.620198	0.740793	2.25665
chr14-63000000-63100000	-0.056908	-0.616706	-0.32934	1.2518
chr14-52700000-52800000	0.749327	0.169212	0.051826	2.11538
chr14-43600000-43700000	0.373504	-0.576447	0.326427	1.18587
chr14-32000000-32100000	0.552669	-0.037836	0.743153	2.30875
chr14-72300000-72400000	-0.228622	0.030011	0.026044	1.34738
chr14-87200000-87300000	-0.073074	-0.624669	-0.356078	1.39101
chr14-94100000-94200000	-0.916902	-0.007617	-0.265129	1.23133
chr14-32100000-32200000	0.194091	0.172922	1.28897	1.44158
chr14-45500000-45600000	0.464109	-0.351417	0.142655	2.55641
chr14-45100000-45200000	-0.148836	-0.3952	0.896907	1.19412
chr14-43700000-43800000	0.39313	0.014344	0.709825	1.25037
chr14-32200000-32300000	0.386197	0.452045	0.6789	1.48999
chr14-32800000-32900000	0.500514	0.472659	0.179298	1.99524
chr14-65700000-65800000	-0.627763	0.573205	0.22064	2.96267
chr14-32900000-33000000	0.246399	0.53749	0.813887	2.26117
chr14-48000000-48100000	-0.047615	0.019718	0.270133	1.14151
chr14-40800000-40900000	-0.176519	-0.634856	0.595634	1.11332
chr14-33000000-33100000	0.496035	-0.116385	0.659352	1.83667
chr14-95500000-95600000	-0.992824	-0.048468	-0.306026	1.8435
chr14-51200000-51300000	0.415126	0.41528	-0.518778	2.90176
chr14-48500000-48600000	-0.023985	0.053702	0.212823	1.18311
chr14-33500000-33600000	-0.188359	-0.181477	0.866004	1.1095
chr14-33600000-33700000	-0.033315	0.490632	0.799196	1.11833
chr14-86000000-86100000	-0.218242	0.037695	0.104174	1.86388
chr14-33900000-34000000	0.150362	0.315984	1.04373	1.21828
chr14-34400000-34500000	-0.075105	0.084099	0.181784	1.82477
chr14-34500000-34600000	0.474749	0.341444	0.456322	2.98559
chr14-92200000-92300000	-0.938331	-0.058656	0.377348	1.20214
chr14-98000000-98100000	-1.00355	-0.075241	0.413702	1.11732
chr14-43100000-43200000	0.118137	0.06517	0.40046	1.07034
chr14-34800000-34900000	0.372882	0.635663	0.577609	1.36218
chr14-89700000-89800000	-0.23735	0.202181	-0.667228	2.77974
chr14-94300000-94400000	-1.1003	-0.255992	0.150581	1.38175
chr14-54900000-55000000	0.509025	-0.336327	-0.604574	3.76088
chr14-34900000-35000000	0.667852	0.050107	0.77914	2.75813
chr14-35200000-35300000	1.05861	0.612199	0.430488	2.47858
chr14-37700000-37800000	0.044418	0.41295	0.59216	1.41793
chr14-35300000-35400000	0.751861	0.544883	-0.138615	3.21344
chr14-40400000-40500000	-0.375796	-0.578413	0.683961	1.11781
chr14-39100000-39200000	-0.131807	0.027938	0.982812	1.25432
chr14-84500000-84600000	-0.630906	-0.084117	-0.322564	1.22689
chr14-88000000-88100000	-0.869079	0.216784	0.361773	1.2308
chr14-91100000-91200000	-0.624811	-0.03849	-0.370721	2.32921
chr14-97500000-97600000	-0.862897	-0.226256	0.619734	1.25029
chr14-35500000-35600000	0.789421	0.599501	0.33055	4.42711
chr14-88100000-88200000	-0.893251	-0.411103	0.698672	1.18362
chr14-91600000-91700000	-1.01458	-0.721114	-0.133711	3.11946
chr14-35600000-35700000	0.126706	0.80333	0.354705	1.86247
chr14-60400000-60500000	0.385993	-0.329836	-0.161248	1.27462
chr14-60200000-60300000	-0.117901	0.078132	0.151138	1.39781
chr14-35800000-35900000	0.225928	0.94408	0.15761	5.30952
chr14-68200000-68300000	-0.431768	0.721436	-0.278876	2.55339
chr14-35900000-36000000	-0.123034	0.681811	0.717021	1.34313
chr14-38000000-38100000	0.313912	0.073721	0.693917	1.93825
chr14-96400000-96500000	-1.27738	0.436304	0.029735	1.37743
chr14-36100000-36200000	0.581781	-0.332567	0.397869	1.74559
chr14-36200000-36300000	0.316206	0.312454	0.448668	2.56366
chr14-70000000-70100000	-0.282428	0.149904	-0.430891	3.34128
chr14-36300000-36400000	0.059673	0.257506	1.12653	1.46812
chr14-89600000-89700000	-0.1115	-0.461129	-0.540983	2.63821
chr14-36600000-36700000	0.40247	-0.198999	0.9493	1.83806
chr14-89100000-89200000	-0.906591	0.541392	-0.020592	1.60927
chr14-94200000-94300000	-1.34834	0.366734	0.09729	1.24132
chr14-36900000-37000000	-0.058025	0.054838	0.289556	1.21417
chr14-59500000-59600000	0.25392	0.338185	-0.068951	1.57101
chr14-37100000-37200000	-0.457051	0.305318	0.760934	1.42055
chr14-51500000-51600000	0.484145	-0.366353	-0.131633	1.44667
chr14-37200000-37300000	0.17424	0.043244	0.833907	1.44203
chr14-55400000-55500000	0.340693	0.445745	-0.431972	2.41484
chr14-37300000-37400000	-0.38341	0.432373	0.733632	1.33416
chr14-86200000-86300000	-0.772314	-0.10213	0.417576	1.16018
chr14-53800000-53900000	0.684214	-0.295363	-0.111215	2.20212
chr14-86300000-86400000	-0.816515	0.545521	0.178649	1.0975
chr14-44100000-44200000	-0.204379	-0.444078	0.673697	1.26891
chr14-37800000-37900000	0.415119	-0.11121	0.880235	1.32138
chr14-37900000-38000000	-0.120928	-0.481268	0.650993	1.15817
chr14-38200000-38300000	-0.343164	0.271648	0.902342	1.19769
chr14-45300000-45400000	0.018121	0.509033	0.791234	3.19253
chr14-38300000-38400000	0.28694	0.157439	0.62646	1.6977
chr14-38700000-38800000	0.585125	0.090282	0.208826	3.70789
chr14-72600000-72700000	-0.765131	0.474697	0.199727	1.13387
chr14-74300000-74400000	0.265722	0.689954	-0.482468	3.17141
chr14-38800000-38900000	0.071454	0.416285	0.532236	2.58607
chr14-38900000-39000000	0.507278	-0.096111	0.700614	1.35092
chr14-39000000-39100000	0.198171	0.496043	0.568943	1.38976
chr14-39200000-39300000	-0.011405	0.45435	0.453672	1.29627
chr14-39300000-39400000	0.182297	-0.088859	0.828884	1.33376
chr14-91800000-91900000	-0.767436	-0.619683	-0.279071	1.45139
chr14-53600000-53700000	0.748745	0.62522	-0.524271	3.48561
chr14-48100000-48200000	0.421216	-0.502189	0.299296	1.2307
chr14-44500000-44600000	0.031826	-0.617638	0.570353	1.16343
chr14-73500000-73600000	0.104464	0.385411	-0.768746	2.85083
chr14-39500000-39600000	0.70038	0.221764	0.260582	3.37069
chr14-68400000-68500000	0.235188	0.657095	-0.338666	1.42114
chr14-93200000-93300000	-0.931765	-0.022169	-0.386443	3.55677
chr14-39900000-40000000	0.458645	0.002272	0.771187	4.02168
chr14-40600000-40700000	-0.251009	0.497887	1.03948	1.18519
chr14-40000000-40100000	0.377165	-0.622798	0.428453	1.39937
chr14-64400000-64500000	0.328238	-0.428916	-0.191238	1.45176
chr14-71800000-71900000	0.250204	0.337171	-0.610605	2.07333
chr14-48600000-48700000	0.43298	-0.477961	0.252964	1.20258
chr14-40100000-40200000	-0.232607	-0.582024	0.753232	1.18829
chr14-48400000-48500000	0.497167	-0.311316	0.511907	1.14878
chr14-40500000-40600000	0.081183	-0.121743	0.963198	1.10679
chr14-40200000-40300000	-0.484588	0.057863	0.864572	1.18953
chr14-77100000-77200000	-0.911201	0.007503	0.31769	1.37623
chr14-57600000-57700000	-0.115962	-0.019474	0.311512	1.38205
chr14-48300000-48400000	0.076374	-0.703787	0.076657	1.10841
chr14-40300000-40400000	0.146883	-0.202975	0.982336	1.16784
chr14-68600000-68700000	0.144872	0.709659	-0.366281	2.35637
chr14-40700000-40800000	-0.570921	-0.096458	0.833692	1.0924
chr14-40900000-41000000	0.011372	-0.21654	1.1396	1.13561
chr14-41100000-41200000	0.221168	-0.050052	0.937271	1.11592
chr14-76100000-76200000	-0.677704	-0.005783	-0.311377	2.62043
chr14-54300000-54400000	0.563843	0.377433	-0.126407	1.69074
chr14-41700000-41800000	-0.367563	-0.019224	0.961773	1.11592
chr14-41500000-41600000	-0.097987	0.099822	0.973785	1.20848
chr14-83500000-83600000	-0.670214	-0.028916	0.4209	1.37113
chr14-45200000-45300000	-0.076107	-0.013772	0.306566	1.17876
chr14-41600000-41700000	0.057799	-0.586587	0.89916	1.25106
chr14-41900000-42000000	-0.268557	0.066577	0.867757	1.09261
chr14-42200000-42300000	0.268029	0.086161	0.691137	1.15762
chr14-42400000-42500000	-0.208792	-0.569775	0.460253	1.10538
chr14-42600000-42700000	0.475707	0.196893	0.666856	1.43241
chr14-42900000-43000000	0.538765	-0.182556	0.471872	1.12212
chr14-64900000-65000000	0.393133	-0.313111	-0.246233	4.56993
chr14-43900000-44000000	-0.214408	-0.517759	0.701846	1.09261
chr14-48700000-48800000	-0.175714	-0.591147	0.576735	1.55698
chr14-44400000-44500000	-0.206559	-0.109484	1.00519	1.2235
chr14-97600000-97700000	-1.28603	-0.317345	0.066512	1.27026
chr14-44600000-44700000	-0.421573	-0.151623	0.861831	1.19831
chr14-77800000-77900000	-0.692051	-0.568291	-0.088593	2.34348
chr14-44900000-45000000	-0.191174	-0.271566	0.814804	1.12779
chr14-45900000-46000000	-0.367302	-0.035205	0.973196	1.30435
chr14-46200000-46300000	0.042975	-0.665384	0.388873	1.14929
chr14-46300000-46400000	0.431542	-0.279475	0.834723	1.14335
chr14-59800000-59900000	0.230351	0.610617	-0.352554	1.85178
chr14-57300000-57400000	-0.291248	-0.425483	0.640815	1.13914
chr14-46600000-46700000	-0.014984	-0.706665	0.206866	1.11209
chr14-79600000-79700000	-0.235087	0.76597	-0.254719	1.22565
chr14-46700000-46800000	-0.128661	-0.0223	0.363321	1.11275
chr14-68100000-68200000	-0.151773	0.104013	-0.103549	3.66147
chr14-71600000-71700000	-0.220657	0.897012	-0.616739	2.57379
chr14-91000000-91100000	-0.809565	-0.638188	-0.100294	2.72785
chr14-46900000-47000000	0.430463	-0.445304	0.700643	1.12258
chr14-54800000-54900000	0.435686	0.337097	-0.50212	2.02126
chr14-90800000-90900000	-0.74488	-0.620507	-0.093275	4.70471
chr14-47000000-47100000	-0.282223	-0.368532	0.709946	1.22647
chr14-47100000-47200000	0.168681	-0.62394	0.234453	1.20286
chr14-54700000-54800000	0.532715	-0.353289	-0.36936	1.72818
chr14-83100000-83200000	-0.389647	-0.52399	0.693991	1.4373
chr14-52500000-52600000	0.887426	0.259741	-0.011454	3.66668
chr14-47300000-47400000	0.304782	-0.553736	0.301033	1.08838
chr14-47600000-47700000	0.049757	0.071352	0.325191	1.24075
chr14-47400000-47500000	-0.280975	-0.464777	0.689328	1.09009
chr14-47700000-47800000	0.236168	-0.563747	0.093483	1.23437
chr14-47500000-47600000	-0.393259	0.211302	0.854495	1.05426
chr14-47900000-48000000	0.170638	-0.622399	0.069389	1.12867
chr14-48900000-49000000	0.286718	0.041013	0.618611	1.20765
chr14-67900000-68000000	-0.47565	0.662175	-0.269792	1.84863
chr14-85900000-86000000	-0.370472	0.740966	0.016234	2.7117
chr14-49100000-49200000	0.054958	0.077311	0.233093	1.57634
chr14-56500000-56600000	-0.1467	0.08011	0.029739	1.5953
chr14-50700000-50800000	0.522048	0.703092	-0.199692	2.50093
chr14-92000000-92100000	-0.877193	0.652568	-0.108441	1.75076
chr14-92100000-92200000	-0.782183	-0.014925	-0.280696	1.24953
chr14-56100000-56200000	0.13208	0.241904	-0.318985	1.57796
chr14-50900000-51000000	0.665922	-0.145314	-0.558584	3.07977
chr14-73900000-74000000	0.077905	0.29762	-0.839729	4.0086
chr14-51100000-51200000	0.813937	0.197995	-0.024367	2.96559
chr14-51400000-51500000	0.093423	0.155046	-0.154428	2.84834
chr14-59600000-59700000	0.261864	-0.265298	-0.423739	2.57137
chr14-51600000-51700000	0.75845	0.184734	0.144591	1.29241
chr14-93600000-93700000	-1.02298	-0.023624	-0.384684	3.50456
chr14-51900000-52000000	0.498444	0.585011	-0.242261	3.49799
chr14-52100000-52200000	0.643058	0.277557	0.012674	3.46831
chr14-58600000-58700000	0.40907	-0.445594	-0.021104	3.27602
chr14-92500000-92600000	-0.80516	0.581921	-0.659503	5.12479
chr14-52400000-52500000	0.339989	0.527307	-0.30369	2.9606
chr14-81700000-81800000	-0.951842	0.01492	0.365951	1.23199
chr14-52800000-52900000	0.931484	-0.271424	-0.423556	2.08699
chr14-52900000-53000000	0.538817	-0.524179	0.089899	1.48105
chr14-53200000-53300000	0.946497	0.289848	-0.455244	3.58588
chr14-99600000-99700000	-1.29508	-0.302135	-0.081042	1.27872
chr14-53400000-53500000	1.07828	0.169218	-0.528522	2.96577
chr14-53500000-53600000	0.435895	0.031449	-0.679332	1.73355
chr14-53700000-53800000	0.701315	-0.02507	-0.740029	2.35912
chr14-73600000-73700000	0.233015	-0.244864	-0.990201	3.16071
chr14-53900000-54000000	0.325964	0.035488	-0.603336	1.81373
chr14-61500000-61600000	0.515159	-0.180254	-0.787271	4.16168
chr14-96600000-96700000	-0.610902	-0.436832	-0.769422	4.8486
chr14-54000000-54100000	0.60027	-0.299645	-0.054188	1.54288
chr14-54200000-54300000	0.546522	-0.302782	-0.08406	1.3028
chr14-60100000-60200000	0.35537	-0.379611	-0.029466	1.46237
chr14-55000000-55100000	0.879663	-0.042831	-0.098021	3.83827
chr14-66400000-66500000	-0.254966	-0.642729	0.017033	1.29186
chr14-82800000-82900000	-0.71862	-0.084647	0.558268	1.12049
chr14-55100000-55200000	0.391508	0.361878	-0.208776	2.82962
chr14-62700000-62800000	0.033468	-0.241601	-0.526994	1.36092
chr14-80200000-80300000	-0.15964	-0.384533	-0.560402	1.28519
chr14-55200000-55300000	0.579058	-0.258409	-0.430158	4.56901
chr14-80700000-80800000	0.003067	-0.238642	-0.526588	1.61803
chr14-55900000-56000000	0.599532	-0.343324	0.134609	1.64356
chr14-56300000-56400000	0.532071	0.385052	0.065478	1.5394
chr14-56900000-57000000	-0.070286	0.018351	0.198407	1.40504
chr14-57100000-57200000	-0.213238	-0.129999	0.442667	1.46197
chr14-57400000-57500000	-0.119324	0.079564	0.209089	1.20835
chr14-91400000-91500000	-0.904264	-0.002826	-0.309023	1.1993
chr14-57700000-57800000	-0.016184	-0.630611	-0.024545	3.25334
chr14-97400000-97500000	-0.986572	0.362396	0.275407	1.2482
chr14-57900000-58000000	-0.151709	-0.620721	-0.042006	1.19341
chr14-58200000-58300000	-0.143569	-0.587784	0.631775	1.19389
chr14-58700000-58800000	0.029742	0.039303	-0.359155	3.69617
chr14-87100000-87200000	-0.663476	-0.279603	-0.522442	1.84554
chr14-58900000-59000000	0.566101	-0.276458	-0.19161	1.64599
chr14-59900000-60000000	0.58627	0.098169	-0.048296	3.94839
chr14-69100000-69200000	-0.106563	0.23425	-0.701428	5.80171
chr14-60500000-60600000	0.778293	0.220549	-0.311841	3.90798
chr14-66200000-66300000	-0.621958	0.38705	0.516774	1.58173
chr14-71200000-71300000	-0.356824	0.745664	-0.064506	1.76433
chr14-86600000-86700000	-0.694981	-0.863561	0.298996	1.20857
chr14-60600000-60700000	0.370117	-0.307282	-0.219663	3.00262
chr14-60900000-61000000	0.22959	0.104266	0.203161	3.16859
chr14-61600000-61700000	0.160013	0.375655	-0.641604	4.65756
chr14-61900000-62000000	0.473859	-0.276975	-0.380729	3.20649
chr14-62000000-62100000	0.214008	0.196007	-0.7412	4.98926
chr14-82100000-82200000	-0.83018	0.291736	0.390919	1.13177
chr14-62800000-62900000	0.134215	-0.669276	0.00972	1.3195
chr14-79300000-79400000	-0.454769	0.081446	-0.21023	1.16854
chr14-62900000-63000000	0.053459	0.017674	-0.069042	1.45007
chr14-63100000-63200000	0	0	0	1.92261
chr14-67700000-67800000	0.081072	0.658386	-0.374194	2.90197
chr14-78500000-78600000	-0.949623	0.593358	0.411733	1.1798
chr14-63300000-63400000	0.035568	0.052352	-0.059909	1.28993
chr14-89400000-89500000	-0.677707	0.250541	-0.400002	2.43842
chr14-63400000-63500000	-0.052076	-0.618144	-0.159201	1.37072
chr14-63700000-63800000	0.113129	0.062586	0.095779	1.95628
chr14-72400000-72500000	-0.605141	0.501835	0.36013	1.12957
chr14-63800000-63900000	0.176229	0.735451	-0.133293	1.70984
chr14-74100000-74200000	0.32225	0.358023	-0.93119	5.1702
chr14-63900000-64000000	0.406556	0.393563	-0.677496	1.86348
chr14-64200000-64300000	0.017831	0.909329	-0.343932	1.76952
chr14-97100000-97200000	-0.877415	0.526038	-0.101953	1.28153
chr14-64600000-64700000	-0.100342	-0.559135	-0.359136	1.97393
chr14-99200000-99300000	-0.915551	-0.757527	0.139709	1.11695
chr14-64700000-64800000	0.519174	-0.298218	-0.293967	1.5115
chr14-75300000-75400000	-0.216641	0.364772	-0.855178	3.64721
chr14-82000000-82100000	-0.671691	-0.396136	0.356274	1.81725
chr14-64800000-64900000	-0.054466	-0.271301	-0.735671	2.97992
chr14-65100000-65200000	-0.063147	0.845159	-0.444844	2.53517
chr14-69300000-69400000	-0.030663	0.89368	-0.964783	5.87697
chr14-65200000-65300000	0.151085	0.223051	-0.551351	2.52605
chr14-69200000-69300000	0.159421	0.686786	-0.30414	6.58752
chr14-83000000-83100000	-0.792641	-0.091482	0.307616	1.10179
chr14-65300000-65400000	0.043592	0.855925	-0.32919	2.87396
chr14-65400000-65500000	-0.009814	0.167997	-0.460173	2.95674
chr14-65900000-66000000	-0.139335	0.050131	0.063073	1.70034
chr14-66000000-66100000	-0.267005	-0.600479	-0.101056	1.49201
chr14-66100000-66200000	-0.170746	0.046144	0.128465	1.35284
chr14-9500000-9600000	-0.285618	-1.03586	1.99309	0
chr14-66500000-66600000	-0.755076	-0.177459	0.033845	1.30571
chr14-66600000-66700000	-0.151798	0.07309	0.265713	1.2266
chr14-66700000-66800000	-0.708309	0.440416	0.376335	1.29714
chr14-95600000-95700000	-0.925837	0.583479	-0.030642	3.12642
chr14-66900000-67000000	-0.636338	0.451358	0.329303	3.67286
chr14-84900000-85000000	-0.152226	-0.694114	0.128197	1.17104
chr14-67100000-67200000	-0.654277	-0.043275	-0.285307	1.3717
chr14-70100000-70200000	-0.18188	0.798274	-0.567471	3.25296
chr14-67400000-67500000	-0.245781	0.739414	0.04848	1.24255
chr14-68700000-68800000	-0.313108	0.291605	-0.679521	2.11556
chr14-68900000-69000000	-0.052317	0.849991	-0.576236	2.68802
chr14-69700000-69800000	-0.486062	0.878871	-0.21636	2.31772
chr14-94800000-94900000	-0.670809	0.617438	-0.421438	1.63533
chr14-69800000-69900000	-0.369611	0.42001	-0.691637	2.93186
chr14-69900000-70000000	-0.391332	0.764382	-0.100388	1.65434
chr14-70200000-70300000	-0.113974	0.91638	0.133087	3.31727
chr14-70300000-70400000	-0.709436	0.56155	-0.0053	2.15061
chr14-70400000-70500000	-0.242593	0.121885	-0.100915	1.99074
chr14-70700000-70800000	-0.881432	0.164963	0.26653	1.22134
chr14-70800000-70900000	-0.562341	0.749448	0.050547	2.81625
chr14-87500000-87600000	-0.800615	-0.163426	0.129732	1.48812
chr14-70900000-71000000	-0.959824	0.290232	-0.28589	1.35648
chr14-71000000-71100000	-0.518538	0.782442	-0.055125	1.99344
chr14-79000000-79100000	-0.804425	-0.166283	0.426081	1.46104
chr14-80400000-80500000	-0.362057	0.736922	-0.031701	1.4524
chr14-71300000-71400000	0.029183	0.368937	-0.508655	3.40483
chr14-71400000-71500000	-0.418067	0.870222	-0.463358	2.17366
chr14-75000000-75100000	-0.384891	0.911136	-0.662113	9.19151
chr14-71500000-71600000	0.055003	0.94784	0.032152	2.40411
chr14-75100000-75200000	0.015228	0.43861	-0.917187	3.58294
chr14-91200000-91300000	-0.638472	0.646608	-0.495584	3.6176
chr14-71900000-72000000	-0.082238	0.827165	-0.328889	1.99264
chr14-72100000-72200000	0.037186	0.84398	-0.259683	2.72577
chr14-87300000-87400000	-0.415211	-0.546644	0.251193	1.40434
chr14-72900000-73000000	-0.530857	0.160602	-0.33525	2.16442
chr14-73100000-73200000	-0.412454	0.415674	-0.748978	4.22216
chr14-73300000-73400000	-0.508444	0.403284	-0.646974	3.34397
chr14-73400000-73500000	-0.109221	0.869714	-0.319343	3.01672
chr14-74600000-74700000	-0.465896	0.667153	-0.420686	1.378
chr14-74800000-74900000	-0.126408	0.837063	-0.754257	1.54007
chr14-76200000-76300000	-0.686208	0.617899	-0.007342	2.11066
chr14-74900000-75000000	-0.380453	0.241325	-0.651302	4.87329
chr14-75600000-75700000	-0.200591	-0.305	-0.71793	3.02983
chr14-75800000-75900000	-0.281325	-0.29626	-0.55384	2.91254
chr14-88300000-88400000	-0.710222	-0.133739	0.483382	1.2537
chr14-75900000-76000000	-0.439647	0.347412	-0.459233	4.29091
chr14-76500000-76600000	-0.957397	0.628845	0.217792	1.65455
chr14-76800000-76900000	-1.00086	0.610186	-0.177578	1.30218
chr14-76900000-77000000	-1.12828	0.214331	0.381917	1.22229
chr14-77300000-77400000	-0.770886	0.688908	-0.596924	4.73965
chr14-99300000-99400000	-1.00055	-0.168352	0.477691	1.20776
chr14-77500000-77600000	-0.757789	0.081022	-0.345955	5.52581
chr14-77600000-77700000	-0.889812	-0.591612	-0.215458	1.77895
chr14-77900000-78000000	-0.122182	-0.494625	-0.491915	2.87946
chr14-78300000-78400000	-0.642987	-0.59376	0.050789	1.77277
chr14-78400000-78500000	-1.01164	-0.009478	0.081988	1.30687
chr14-78700000-78800000	-0.657609	-0.646596	0.052766	1.20193
chr14-78900000-79000000	-0.724386	0.498049	0.258531	1.13602
chr14-79500000-79600000	-0.065237	0.105875	-0.203911	1.34691
chr14-79700000-79800000	-0.176706	0.189358	-0.597093	2.05491
chr14-79800000-79900000	-0.069962	-0.496683	-0.568079	1.50338
chr14-84100000-84200000	-0.643877	-0.559272	0.016171	1.13438
chr14-79900000-80000000	-0.064695	0.177685	-0.487635	1.52582
chr14-96500000-96600000	-0.858594	0.09261	-0.414223	3.83457
chr14-80800000-80900000	-0.384663	0.309409	-0.359607	1.78781
chr14-80900000-81000000	-0.768561	0.734156	0.04345	1.71969
chr14-81100000-81200000	-0.204661	-0.01283	0.05261	1.65098
chr14-87700000-87800000	-0.793898	-0.222281	0.372717	1.17671
chr14-89300000-89400000	-0.316698	-0.326067	-0.468575	2.01024
chr14-81200000-81300000	-0.180135	-0.664602	-0.181994	1.44623
chr14-81900000-82000000	-0.696777	0.081275	-0.195749	2.05743
chr14-82200000-82300000	-0.299012	-0.149754	0.247782	1.21592
chr14-95300000-95400000	-1.27106	-0.109207	0.209285	1.3544
chr14-82300000-82400000	-0.955259	-0.212294	0.473159	1.11418
chr14-82500000-82600000	-0.72351	-0.539197	0.146163	1.07081
chr14-82900000-83000000	-0.621725	-0.765894	0.425422	1.09075
chr14-83600000-83700000	-0.103815	0.029014	0.004894	1.44384
chr14-83700000-83800000	-0.531698	-0.538641	-0.055233	1.20062
chr14-83900000-84000000	-0.609381	-0.471559	-0.012578	1.24176
chr14-84200000-84300000	0.057133	-0.544495	-0.093753	1.2148
chr14-85000000-85100000	-0.296747	-0.010877	0.041309	1.28729
chr14-87400000-87500000	-0.378096	-0.28818	-0.4181	1.31529
chr14-85100000-85200000	-0.888849	-0.032809	0.438213	1.14441
chr14-85200000-85300000	-0.386692	0.008687	-0.062228	1.18334
chr14-85300000-85400000	-0.68928	-0.596798	0.1365	1.14304
chr14-85700000-85800000	0.011156	-0.301576	-0.380958	1.38368
chr14-85400000-85500000	-0.008263	-0.676577	-0.050578	1.14181
chr14-85500000-85600000	-0.691798	-0.511368	-0.096522	1.17278
chr14-90300000-90400000	-0.461907	0.287253	-0.899117	2.73091
chr14-86500000-86600000	-0.362698	-0.587577	-0.26856	1.12962
chr14-99400000-99500000	-1.05623	-0.176932	-0.209221	1.19655
chr14-86900000-87000000	-0.804822	-0.303109	-0.336417	1.22363
chr14-87900000-88000000	-0.678849	-0.399925	0.617363	1.32033
chr14-88500000-88600000	-0.857192	-0.028062	0.437523	1.15042
chr14-88700000-88800000	-0.994584	-0.06721	0.392618	1.19542
chr14-88800000-88900000	-0.571932	-0.577056	0.203365	2.85762
chr14-88900000-89000000	-0.535105	-0.443001	-0.498754	2.88197
chr14-89200000-89300000	-0.925762	-0.111304	-0.221393	2.99101
chr14-89800000-89900000	-0.325402	-0.466338	-0.585476	3.81957
chr14-90000000-90100000	-0.245196	-0.082064	-0.969321	2.61739
chr14-90600000-90700000	-0.867306	-0.633497	-0.640618	1.67614
chr14-94700000-94800000	-0.847267	-0.043365	-0.401694	1.60127
chr14-90700000-90800000	-0.186683	-0.479042	-0.496659	3.90416
chr14-90900000-91000000	-0.913831	-0.045374	-0.437891	1.67369
chr14-91700000-91800000	-1.17864	-0.069966	-0.252919	3.33154
chr14-91900000-92000000	-0.919247	0.044612	-0.439379	4.3645
chr14-92800000-92900000	-0.725097	-0.654557	-0.352655	2.37812
chr14-92900000-93000000	-0.797332	-0.001924	-0.588119	4.7138
chr14-93100000-93200000	-0.553147	0.118099	-0.954582	3.26374
chr14-93300000-93400000	-1.01286	-0.71726	-0.382263	1.47668
chr14-99700000-99800000	-1.3901	0.398009	0.0367	1.3236
chr14-93400000-93500000	-0.959883	-0.029641	-0.352424	1.98774
chr14-93500000-93600000	-0.583264	-0.528966	-0.601647	2.35879
chr14-93700000-93800000	-0.879043	0.057881	0.300509	2.84644
chr14-93800000-93900000	-0.758546	-0.599398	0.10989	1.48325
chr14-93900000-94000000	-0.966087	-0.017889	0.372963	1.26692
chr14-98900000-99000000	-0.888018	-0.146043	0.366275	1.1531
chr14-94600000-94700000	-0.592683	0.578729	-0.425326	1.88363
chr14-94900000-95000000	-0.722792	-0.055177	-0.287919	2.20965
chr14-95100000-95200000	-1.03894	-0.013584	-0.329293	1.67158
chr14-95200000-95300000	-1.26509	0.554951	0.014602	1.23336
chr14-95700000-95800000	-1.21849	0.005174	-0.235756	1.41178
chr14-95900000-96000000	-1.19545	0.209592	-0.442171	4.30649
chr14-96000000-96100000	-0.976143	0.499414	0.163004	2.98286
chr14-96100000-96200000	-1.0837	-0.162856	0.331782	1.19259
chr14-96300000-96400000	-1.21909	-0.240535	0.14447	1.69809
chr14-96900000-97000000	-0.589732	0.318793	-0.462803	3.65338
chr14-97700000-97800000	-0.828778	-0.651958	0.461657	1.20904
chr14-97900000-98000000	-0.603607	-0.523819	0.067882	1.1864
chr14-98100000-98200000	-0.923385	0.561898	0.177183	1.16142
chr14-98200000-98300000	-1.2033	-0.074006	0.211178	1.23187
chr14-98700000-98800000	-0.852787	-0.569672	0.615147	1.12931
chr14-99000000-99100000	-1.04233	0.518804	0.314123	1.17476
chr14-99100000-99200000	-0.814585	-0.121399	0.395872	1.15396
chr14-99800000-99900000	-1.05391	-0.05256	-0.394775	2.25077
chr14-99900000-100000000	-0.480807	-0.376759	-0.643009	5.98698
