chr13-54100000-54200000	-0.246334	0.150809	0.389513	1.18829
chr13-100800000-100900000	-0.313476	-0.23421	-0.177992	1.94603
chr13-45300000-45400000	-0.520725	0.24857	-0.318198	2.52645
chr13-83400000-83500000	-0.341422	-0.249674	0.09811	1.15513
chr13-96100000-96200000	-0.216177	-0.128354	-0.18848	1.62189
chr13-102600000-102700000	-0.134474	-0.078401	0.003284	1.24058
chr13-114600000-114700000	-0.238806	0.238776	-0.58381	7.99459
chr13-100000000-100100000	-0.152771	-0.021625	-0.359488	2.20305
chr13-79900000-80000000	0.240508	0.039588	0.034119	3.30856
chr13-100400000-100500000	0.004304	-0.198291	-0.030023	1.30797
chr13-51400000-51500000	-0.327411	0.340475	0.236496	4.11467
chr13-51000000-51100000	-0.390199	0.311021	-0.129372	1.72316
chr13-39000000-39100000	-0.408336	0.079884	0.414504	1.28136
chr13-19400000-19500000	-0.32931	-0.086441	0.720626	1.07256
chr13-102500000-102600000	-0.179391	-0.295086	0.056227	1.26782
chr13-26800000-26900000	-0.662982	-0.076804	0.236936	2.6176
chr13-60400000-60500000	-0.102477	0.284089	-0.048095	1.32392
chr13-102100000-102200000	-0.362735	-0.25512	-0.166892	3.46528
chr13-88500000-88600000	-0.095934	-0.153621	0.040417	1.13084
chr13-113300000-113400000	-0.471085	-0.052016	-0.155323	4.0709
chr13-59400000-59500000	0.012434	0.1572	0.346947	1.23786
chr13-100700000-100800000	-0.30862	-0.080395	-0.33959	2.36188
chr13-91300000-91400000	0.033531	-0.243841	0.135702	1.2035
chr13-37500000-37600000	-0.615318	0.079201	-0.096828	3.66679
chr13-35000000-35100000	-0.436139	0.035075	0.406806	1.68238
chr13-28100000-28200000	-0.550222	-0.090599	0.28439	3.13517
chr13-106300000-106400000	-0.159106	-0.123863	-0.268289	1.19415
chr13-86500000-86600000	-0.124707	-0.063676	0.115341	1.22104
chr13-33100000-33200000	-0.639587	-0.030451	0.038712	3.385
chr13-20100000-20200000	-0.645553	-0.321382	0.335768	2.60759
chr13-104500000-104600000	-0.299167	-0.307068	-0.130387	1.18737
chr13-71000000-71100000	-0.19811	-0.053563	0.280269	1.3893
chr13-100500000-100600000	-0.154688	-0.070294	-0.134686	1.2283
chr13-55000000-55100000	-0.097041	-0.045998	0.445468	1.15444
chr13-105500000-105600000	0.057259	-0.246331	0.016507	1.21199
chr13-62500000-62600000	-0.091188	0.00389	0.446138	1.13891
chr13-77500000-77600000	-0.030969	0.279898	0.020671	3.24205
chr13-107500000-107600000	-0.190991	-0.235971	-0.115018	2.46192
chr13-95600000-95700000	-0.129047	-0.029065	-0.180772	1.79188
chr13-99100000-99200000	0.004862	0.013631	-0.282506	4.99317
chr13-42200000-42300000	-0.569556	0.283228	-0.205042	3.23861
chr13-102700000-102800000	-0.252286	-0.256066	0.051716	1.31738
chr13-31400000-31500000	-0.510747	0.33274	-0.095439	4.98873
chr13-88100000-88200000	-0.105236	-0.295467	0.127164	1.13664
chr13-100300000-100400000	-0.016865	0.018999	-0.02182	1.907
chr13-39400000-39500000	-0.284028	0.01365	0.283147	1.23991
chr13-112100000-112200000	-0.164159	-0.267551	-0.067765	1.33764
chr13-73300000-73400000	0.00127	0.177836	-0.017366	3.56066
chr13-103100000-103200000	-0.340813	-0.215605	0.05228	1.61239
chr13-105100000-105200000	0.042028	-0.19897	-0.112827	1.34614
chr13-60100000-60200000	-0.204475	0.312399	0.282797	1.20325
chr13-51100000-51200000	-0.212372	0.267081	-0.003402	2.56891
chr13-100100000-100200000	-0.336003	-0.129391	-0.277882	3.56643
chr13-101500000-101600000	-0.127277	-0.274188	-0.1282	1.56942
chr13-103500000-103600000	-0.353843	-0.218477	0.027458	2.28993
chr13-79400000-79500000	0.013522	-0.084552	0.26039	1.17508
chr13-46500000-46600000	-0.383616	0.38007	0.092884	1.44219
chr13-75600000-75700000	-0.031023	0.209585	0.161908	1.31118
chr13-33500000-33600000	-0.462586	0.231891	-0.045952	1.6739
chr13-28500000-28600000	-0.642243	-0.107306	0.092845	1.99952
chr13-107100000-107200000	-0.107321	-0.130673	-0.347874	2.15268
chr13-101100000-101200000	-0.207401	-0.026549	-0.261246	2.20734
chr13-59500000-59600000	-0.090745	0.113071	0.151219	1.18347
chr13-82500000-82600000	-0.205018	-0.287132	0.159973	1.1478
chr13-84200000-84300000	-0.365172	-0.319722	0.156584	1.21037
chr13-43300000-43400000	-0.561778	0.303627	0.040609	1.87542
chr13-111400000-111500000	-0.346692	0.090704	-0.198844	1.92902
chr13-101000000-101100000	-0.022109	0.031942	-0.283061	2.1745
chr13-85500000-85600000	-0.355656	-0.284647	0.185352	1.29555
chr13-36300000-36400000	-0.612547	0.148634	0.233943	1.86382
chr13-105000000-105100000	-0.183158	-0.17785	-0.105586	1.15115
chr13-76100000-76200000	-0.389707	-0.001552	-0.162515	3.23827
chr13-49400000-49500000	-0.452598	0.311307	-0.086104	1.41349
chr13-41400000-41500000	-0.643697	0.244541	-0.019473	2.77649
chr13-101800000-101900000	-0.299995	-0.333076	-0.184601	1.48169
chr13-67800000-67900000	-0.171291	0.286344	0.206195	2.64902
chr13-38100000-38200000	-0.602296	0.117909	-0.087002	1.47983
chr13-58800000-58900000	-0.216645	-0.006932	0.239342	1.11685
chr13-76800000-76900000	-0.387586	-0.253035	0.120076	1.29809
chr13-85400000-85500000	-0.128968	-0.342864	0.224827	1.33114
chr13-47300000-47400000	-0.300136	0.409051	0.000492	3.39076
chr13-100600000-100700000	-0.261768	-0.260405	-0.198727	1.28254
chr13-74800000-74900000	-0.108564	0.185417	-0.199077	1.85531
chr13-45500000-45600000	-0.556095	0.14955	-0.181364	2.61395
chr13-108200000-108300000	-0.303431	-0.096722	-0.138762	1.76348
chr13-61200000-61300000	-0.043182	0.03663	0.41136	1.20257
chr13-67400000-67500000	0.131818	0.218882	-0.000591	1.59337
chr13-72800000-72900000	-0.065608	0.103173	0.247442	1.229
chr13-78600000-78700000	-0.292401	-0.158219	0.127249	1.3725
chr13-89400000-89500000	0.096125	-0.153252	0.226005	1.10271
chr13-38400000-38500000	-0.466015	0.161034	0.127893	1.55745
chr13-21600000-21700000	-0.676582	0.047338	-0.087467	4.01753
chr13-102000000-102100000	-0.245983	-0.089865	-0.278179	3.01037
chr13-102400000-102500000	-0.160899	-0.07961	-0.013748	1.38564
chr13-105200000-105300000	-0.1892	-0.242801	-0.094924	1.30228
chr13-106000000-106100000	-0.216538	-0.212496	-0.229008	1.28793
chr13-69200000-69300000	0.085311	0.071191	0.313372	1.11524
chr13-81400000-81500000	-0.207098	-0.151266	0.31013	1.11036
chr13-90800000-90900000	0.103597	-0.191276	0.106702	1.13307
chr13-32800000-32900000	-0.579649	0.146842	-0.091024	3.13422
chr13-111000000-111100000	-0.290826	0.029258	-0.394024	4.96689
chr13-76200000-76300000	-0.504516	-0.145403	-0.091866	3.74038
chr13-78000000-78100000	0.021124	0.061906	0.121798	1.38661
chr13-94200000-94300000	-0.010861	0.152775	-0.246801	1.35817
chr13-105600000-105700000	0.040618	-0.059976	-0.118653	1.33969
chr13-81500000-81600000	-0.108254	-0.320843	0.174894	1.23219
chr13-49000000-49100000	-0.275022	0.407911	-0.126671	2.24889
chr13-32600000-32700000	-0.638997	0.30246	0.183421	2.47885
chr13-56000000-56100000	-0.220831	0.110902	0.461603	1.16216
chr13-58200000-58300000	-0.247518	0.000668	0.253966	1.14286
chr13-89900000-90000000	0.086871	-0.261701	0.181352	1.21607
chr13-98800000-98900000	-0.131807	0.204594	-0.265759	4.10934
chr13-29200000-29300000	-0.672489	0.069419	0.187694	3.74886
chr13-27000000-27100000	-0.510788	0.016202	0.273803	3.54333
chr13-104600000-104700000	-0.08075	-0.292594	-0.092346	1.27297
chr13-63800000-63900000	0.057425	0.383566	-0.04038	1.3447
chr13-83600000-83700000	-0.260785	-0.280694	0.022916	1.41472
chr13-52200000-52300000	-0.365098	0.480292	-0.042127	2.54692
chr13-50400000-50500000	-0.276416	0.544649	0.077656	2.56171
chr13-41800000-41900000	-0.548061	0.316537	-0.037447	2.87816
chr13-102800000-102900000	-0.035745	-0.222757	0.01828	1.9945
chr13-56800000-56900000	-0.298746	0.014477	0.392195	1.17086
chr13-27800000-27900000	-0.617138	0.035127	0.142326	3.08786
chr13-23300000-23400000	-0.505164	0.03951	0.226837	1.34111
chr13-70800000-70900000	-0.175238	0.045755	0.42486	1.15342
chr13-92800000-92900000	0.031163	-0.089504	-0.03653	1.1393
chr13-52800000-52900000	-0.297933	0.582976	0.288999	1.11646
chr13-100200000-100300000	-0.198051	0.001942	-0.178439	2.17735
chr13-49800000-49900000	-0.455969	0.293684	-0.146218	3.58459
chr13-69600000-69700000	-0.21485	-0.055389	0.283443	1.15304
chr13-83200000-83300000	-0.304944	-0.21921	0.11658	1.74449
chr13-100900000-101000000	-0.112456	-0.159242	-0.242976	1.75284
chr13-81900000-82000000	-0.203697	-0.209565	0.335927	1.11104
chr13-49500000-49600000	-0.294372	0.395727	-0.205532	3.38408
chr13-29100000-29200000	-0.606028	-0.147112	0.194025	2.37739
chr13-23800000-23900000	-0.644747	-0.011684	0.238142	3.64779
chr13-105800000-105900000	-0.234915	0.032592	-0.168402	1.29949
chr13-63400000-63500000	0.039354	0.390578	0.044835	1.38089
chr13-67700000-67800000	-0.121634	0.211298	-0.016935	1.6819
chr13-74100000-74200000	-0.123979	0.215031	0.076929	1.35784
chr13-36700000-36800000	-0.391472	0.25753	0.248092	1.24725
chr13-34700000-34800000	-0.47769	0.025561	0.207553	1.89171
chr13-115000000-115100000	-0.5082	0.042552	-0.444877	4.87788
chr13-98200000-98300000	0.045215	-0.096672	-0.199438	1.46924
chr13-54000000-54100000	-0.256039	-0.021994	0.227807	1.18234
chr13-105400000-105500000	0.004907	-0.078733	-0.136658	1.18676
chr13-70200000-70300000	-0.114765	-0.021281	0.458644	1.17136
chr13-32300000-32400000	-0.518466	0.175027	0.122874	2.06789
chr13-29500000-29600000	-0.336487	0.173632	0.419227	1.34947
chr13-21500000-21600000	-0.727146	-0.062045	0.060283	4.27332
chr13-113800000-113900000	-0.354088	0.117785	-0.30543	5.99049
chr13-101200000-101300000	-0.238115	-0.232678	-0.157724	2.19238
chr13-94600000-94700000	-0.165153	-0.018271	-0.310547	1.31979
chr13-40000000-40100000	-0.550544	0.195052	0.255657	1.9537
chr13-101300000-101400000	-0.012089	-0.193891	-0.20495	2.14643
chr13-60200000-60300000	-0.230693	0.183279	0.091489	1.42737
chr13-62300000-62400000	-0.014931	-0.01411	0.417074	1.21622
chr13-64300000-64400000	0.197622	0.393793	0.120032	1.31913
chr13-105300000-105400000	0.009436	-0.253926	0.006505	1.16207
chr13-71700000-71800000	0.008855	-0.031312	0.250742	1.13747
chr13-38800000-38900000	-0.437345	0.10773	0.212171	1.26997
chr13-38700000-38800000	-0.428528	0.024266	0.418503	1.19973
chr13-104200000-104300000	-0.008085	-0.116043	0.016655	1.13134
chr13-65500000-65600000	-0.072884	0.331216	0.053776	1.37249
chr13-72300000-72400000	0.034898	-0.025591	0.304689	1.19922
chr13-78500000-78600000	-0.108439	-0.183882	0.015628	1.44731
chr13-45000000-45100000	-0.425254	0.210651	-0.243571	2.57423
chr13-38000000-38100000	-0.54401	0.297388	0.012148	2.03479
chr13-101400000-101500000	-0.182111	-0.065557	-0.143409	1.28824
chr13-109200000-109300000	-0.184917	-0.066731	0.067503	1.18771
chr13-54800000-54900000	-0.209204	0.143207	0.457824	1.20608
chr13-56600000-56700000	-0.308526	0.008656	0.46917	1.092
chr13-30700000-30800000	-0.5824	0.041047	-0.113541	2.60351
chr13-101600000-101700000	-0.005366	-0.273276	0.0503	1.42706
chr13-70500000-70600000	-0.024519	0.172516	0.331032	1.09545
chr13-90200000-90300000	0.100682	-0.234609	0.042512	1.11681
chr13-31300000-31400000	-0.573089	0.143	-0.198118	2.97089
chr13-101700000-101800000	-0.166281	-0.170683	-0.081067	1.60445
chr13-80300000-80400000	0.030986	0.095197	-0.150967	1.86297
chr13-101900000-102000000	-0.094612	-0.24163	-0.246686	2.38311
chr13-47800000-47900000	-0.357767	0.227004	-0.083832	1.67008
chr13-107400000-107500000	0.020215	-0.161412	-0.064427	1.18389
chr13-106200000-106300000	-0.069402	-0.313607	-0.16366	1.37691
chr13-103800000-103900000	-0.151961	-0.227299	-0.081071	1.09842
chr13-103000000-103100000	-0.129532	-0.274632	-0.019465	2.67225
chr13-96300000-96400000	-0.264808	-0.041933	-0.306089	2.66864
chr13-102200000-102300000	-0.165814	-0.338328	-0.114152	1.73852
chr13-46600000-46700000	-0.43279	0.222544	0.252898	2.25712
chr13-104700000-104800000	-0.306393	-0.286929	-0.054576	1.40682
chr13-111100000-111200000	-0.140406	0.113271	-0.260185	4.29373
chr13-95700000-95800000	-0.030701	0.089705	-0.356082	2.81274
chr13-104100000-104200000	-0.120917	-0.310123	0.0302	1.20239
chr13-102300000-102400000	-0.336858	-0.191853	-0.118651	1.37012
chr13-91500000-91600000	-0.01239	-0.113671	0.256641	1.22575
chr13-95800000-95900000	-0.052083	-0.006763	-0.159618	3.70566
chr13-102900000-103000000	-0.15435	-0.053706	-0.04949	1.37582
chr13-25700000-25800000	-0.416466	-0.012581	0.221138	1.26827
chr13-90700000-90800000	-0.026615	-0.150229	0.294689	1.14476
chr13-103400000-103500000	-0.156942	-0.180865	-0.111118	6.21581
chr13-103200000-103300000	-0.295378	-0.220099	-0.177692	3.20861
chr13-48000000-48100000	-0.344439	0.353895	0.226131	1.68374
chr13-37800000-37900000	-0.526212	0.237166	0.003825	1.79311
chr13-35300000-35400000	-0.531566	0.030316	0.316139	1.33586
chr13-103300000-103400000	-0.299585	-0.007937	-0.113713	1.63687
chr13-79700000-79800000	-0.046258	-0.128605	0.338375	1.18761
chr13-54700000-54800000	-0.210028	0.216725	0.23977	1.09077
chr13-103600000-103700000	-0.126934	-0.284452	0.042351	1.17403
chr13-83000000-83100000	0.044798	-0.166409	0.222173	1.15317
chr13-103700000-103800000	-0.050626	-0.069015	0.050623	1.16559
chr13-84800000-84900000	-0.133234	-0.071575	0.090059	1.19135
chr13-103900000-104000000	-0.096644	-0.254922	0.128313	1.41006
chr13-104800000-104900000	-0.133997	-0.376456	0.070987	1.20125
chr13-23500000-23600000	-0.394063	0.104611	0.474149	1.47649
chr13-58300000-58400000	-0.141333	0.089716	0.434754	1.32785
chr13-110600000-110700000	-0.302166	0.048418	-0.277395	2.80882
chr13-104000000-104100000	-0.273703	-0.144915	0.028843	1.21298
chr13-19300000-19400000	-0.349679	-0.181638	0.818206	1.03807
chr13-106100000-106200000	-0.030297	-0.093189	-0.169438	1.24444
chr13-75200000-75300000	-0.081595	0.091008	0.111149	1.24758
chr13-51600000-51700000	-0.290113	0.404679	0.098708	1.31062
chr13-115100000-115200000	-0.528341	0.085316	-0.528508	1.38537
chr13-113700000-113800000	-0.328566	-0.021794	-0.400082	2.24463
chr13-66500000-66600000	0.093808	0.230916	0.034394	1.36501
chr13-79000000-79100000	-0.016834	-0.094601	0.287718	1.22084
chr13-104300000-104400000	-0.093594	-0.29124	0.127567	1.09098
chr13-52700000-52800000	-0.300106	0.582816	0.287847	3.6037
chr13-50100000-50200000	-0.300602	0.36988	-0.193596	2.77168
chr13-104400000-104500000	-0.311588	-0.238934	0.097323	1.15988
chr13-104900000-105000000	0.026883	-0.300725	-0.059238	1.40345
chr13-39300000-39400000	-0.2645	0.227228	0.351321	1.18704
chr13-66600000-66700000	-0.08229	0.318528	0.133136	1.25917
chr13-31100000-31200000	-0.642287	0.104364	-0.131851	3.15418
chr13-105700000-105800000	-0.096726	-0.134574	-0.264275	1.49378
chr13-113900000-114000000	-0.436411	-0.065647	-0.277342	4.20743
chr13-105900000-106000000	-0.050616	-0.053136	-0.257443	1.81416
chr13-74900000-75000000	0.026218	0.210891	-0.020648	1.38435
chr13-106400000-106500000	-0.341926	-0.206707	-0.155466	1.28691
chr13-56400000-56500000	-0.261916	-0.068387	0.356162	1.12109
chr13-96000000-96100000	-0.119703	0.083928	-0.195467	2.15287
chr13-39200000-39300000	-0.33357	0.025142	0.299198	1.27846
chr13-108500000-108600000	0.01595	-0.077449	-0.207293	3.66623
chr13-24500000-24600000	-0.680639	-0.029817	-0.118109	2.18376
chr13-108700000-108800000	-0.250632	-0.231147	0.054499	1.2374
chr13-106700000-106800000	-0.205568	-0.138741	-0.329492	2.0094
chr13-106500000-106600000	-0.148802	-0.152536	-0.265825	1.66688
chr13-73700000-73800000	-0.178023	0.298261	-0.093103	2.02468
chr13-45700000-45800000	-0.296079	0.417613	-0.085187	2.99695
chr13-21400000-21500000	-0.675438	0.085239	-0.094769	3.13555
chr13-106600000-106700000	-0.198281	0.062813	-0.216294	1.95284
chr13-96700000-96800000	-0.089296	-0.05765	0.024	3.34531
chr13-30500000-30600000	-0.656104	0.118533	0.090499	2.59868
chr13-106800000-106900000	-0.382465	-0.211273	-0.205958	1.86819
chr13-106900000-107000000	-0.18215	-0.142346	-0.193838	1.38596
chr13-107000000-107100000	-0.157281	0.067195	-0.242319	2.31468
chr13-56300000-56400000	-0.252997	0.152691	0.428342	1.13903
chr13-92500000-92600000	0.125777	-0.129421	0.170078	1.08962
chr13-98300000-98400000	-0.105325	0.041332	-0.125332	1.49954
chr13-114200000-114300000	-0.392498	0.065352	-0.400063	3.93598
chr13-107200000-107300000	0.019957	-0.004	-0.187786	2.85247
chr13-94500000-94600000	0.054507	0.031059	-0.261237	1.47464
chr13-48300000-48400000	-0.37037	0.365928	0.223183	1.36206
chr13-110300000-110400000	-0.367645	-0.260495	-0.273568	1.65062
chr13-79300000-79400000	-0.205276	-0.104032	0.21724	1.1769
chr13-107300000-107400000	-0.185424	-0.084321	-0.096694	1.22013
chr13-107600000-107700000	-0.382578	-0.101356	-0.117141	1.78432
chr13-114100000-114200000	-0.469817	-0.035922	-0.228049	4.32418
chr13-107700000-107800000	-0.209883	-0.221523	-0.059948	1.57648
chr13-82800000-82900000	0.050197	-0.195939	0.157035	1.27228
chr13-49200000-49300000	-0.190878	0.422859	0.02369	1.19127
chr13-47400000-47500000	-0.354155	0.257291	0.141563	1.8008
chr13-43400000-43500000	-0.349143	0.268708	-0.036492	1.55209
chr13-41200000-41300000	-0.400728	0.303577	0.299399	1.62709
chr13-107800000-107900000	-0.410656	-0.332826	-0.104873	3.45721
chr13-67500000-67600000	-0.065023	0.292461	-0.070274	1.57041
chr13-107900000-108000000	-0.334266	-0.134602	-0.115531	3.88471
chr13-43100000-43200000	-0.395537	0.316816	0.28651	1.44452
chr13-108000000-108100000	-0.338326	-0.271112	-0.281562	3.03626
chr13-59900000-60000000	-0.155009	0.257729	0.308357	1.69102
chr13-21300000-21400000	-0.568465	-0.088753	-0.025941	2.95763
chr13-28400000-28500000	-0.621401	-0.061542	0.303277	1.16458
chr13-19500000-19600000	-0.302729	0.01476	0.523505	1.28655
chr13-109100000-109200000	-0.03266	-0.163887	-0.063952	1.24233
chr13-68100000-68200000	0.026268	0.297642	0.099602	1.15793
chr13-108100000-108200000	-0.145775	-0.241066	-0.183093	2.48686
chr13-108300000-108400000	-0.127055	0.026029	-0.205652	2.04068
chr13-55400000-55500000	-0.213492	0.058106	0.457278	1.25561
chr13-39900000-40000000	-0.416419	0.197691	0.083972	1.75231
chr13-108400000-108500000	-0.178147	-0.186726	-0.165503	1.90264
chr13-92700000-92800000	0.032307	-0.188142	0.174697	1.30347
chr13-50600000-50700000	-0.428495	0.432693	0.050795	3.5426
chr13-41500000-41600000	-0.490034	0.134324	0.030814	1.92173
chr13-36800000-36900000	-0.57661	0.140599	0.169454	2.63342
chr13-34500000-34600000	-0.437275	0.022772	0.384897	1.49648
chr13-114800000-114900000	-0.459233	0.083779	-0.3712	8.454
chr13-109400000-109500000	-0.325811	-0.300662	-0.028462	1.58258
chr13-58600000-58700000	-0.238725	-0.026668	0.255093	1.10783
chr13-108600000-108700000	-0.180779	-0.159723	-0.14147	1.1804
chr13-96200000-96300000	-0.087705	0.053389	-0.238944	2.58832
chr13-29400000-29500000	-0.409092	-0.035982	0.3513	1.15583
chr13-108800000-108900000	-0.370221	-0.364856	-0.091881	3.72387
chr13-108900000-109000000	-0.201752	-0.247137	-0.199352	1.7016
chr13-32100000-32200000	-0.521581	-0.152737	0.342355	1.16773
chr13-76700000-76800000	-0.241415	-0.12773	0.210209	1.28374
chr13-109000000-109100000	-0.244749	-0.101112	-0.023605	1.26189
chr13-109300000-109400000	-0.135823	-0.211652	-0.097457	1.52415
chr13-97000000-97100000	-0.138301	-0.113523	0.019832	1.21144
chr13-48500000-48600000	-0.363758	0.441242	0.194484	2.82939
chr13-109500000-109600000	-0.188914	-0.275147	-0.20038	1.86584
chr13-66100000-66200000	-0.056707	0.43555	0.027829	1.34358
chr13-109800000-109900000	-0.387861	-0.126348	-0.342053	2.78262
chr13-78200000-78300000	0.056176	-0.009679	0.205944	1.30387
chr13-83300000-83400000	-0.27238	-0.328597	0.299903	1.37471
chr13-109600000-109700000	-0.094004	-0.097716	-0.315564	1.99164
chr13-46800000-46900000	-0.344905	0.174747	0.142408	1.55704
chr13-31500000-31600000	-0.4147	0.165929	-0.038176	1.74229
chr13-82000000-82100000	0.01117	-0.142303	0.263084	1.09558
chr13-44400000-44500000	-0.338469	0.356495	-0.124338	3.06254
chr13-109700000-109800000	-0.237037	-0.040689	-0.174914	1.73081
chr13-82400000-82500000	-0.03921	-0.203475	0.286404	1.14732
chr13-33800000-33900000	-0.636668	0.103536	-0.087477	3.67148
chr13-114300000-114400000	-0.381296	0.098441	-0.568783	2.45727
chr13-22300000-22400000	-0.525933	-0.202289	0.231136	1.65398
chr13-109900000-110000000	-0.184621	-0.056719	-0.377489	2.38384
chr13-49100000-49200000	-0.403614	0.400226	0.067259	3.88239
chr13-98600000-98700000	-0.287493	0.052362	-0.326696	3.08076
chr13-32000000-32100000	-0.494375	-0.024748	0.168528	1.15695
chr13-110000000-110100000	-0.307087	0.089558	-0.268081	2.18294
chr13-69100000-69200000	-0.116644	0.084931	0.414758	1.1614
chr13-85800000-85900000	-0.30845	-0.344418	0.058389	1.39616
chr13-42700000-42800000	-0.4356	0.19973	-0.135806	1.85948
chr13-110100000-110200000	-0.116526	-0.026026	-0.275304	1.6957
chr13-66200000-66300000	-0.169815	0.262734	-0.077019	1.21567
chr13-110200000-110300000	-0.300981	-0.09139	-0.36063	1.89561
chr13-36400000-36500000	-0.536586	-0.038891	0.323709	2.41755
chr13-27700000-27800000	-0.598327	0.244284	0.109971	3.20054
chr13-27400000-27500000	-0.445923	0.187398	0.165198	1.2602
chr13-36000000-36100000	-0.420841	0.296053	0.258375	1.43438
chr13-32500000-32600000	-0.60067	0.147787	0.040532	2.0626
chr13-110400000-110500000	-0.388712	-0.071788	-0.375793	3.26696
chr13-81100000-81200000	0.031621	-0.145566	0.28068	1.1073
chr13-39500000-39600000	-0.498301	0.097068	0.310595	1.59452
chr13-110500000-110600000	-0.405875	-0.102721	-0.161321	2.07939
chr13-57700000-57800000	-0.06131	0.064814	0.506599	1.16097
chr13-97400000-97500000	-0.197786	-0.102995	0.061664	1.31091
chr13-40700000-40800000	-0.293586	0.202967	0.193846	1.56171
chr13-88400000-88500000	-0.065909	-0.380656	0.076448	1.2022
chr13-110700000-110800000	-0.347366	-0.163296	-0.255637	3.28137
chr13-71100000-71200000	0.028971	-0.065269	0.227792	1.2447
chr13-110800000-110900000	-0.317822	0.049826	-0.316562	3.99049
chr13-110900000-111000000	-0.332471	-0.163619	-0.324248	5.13192
chr13-47600000-47700000	-0.399119	0.252881	-0.125988	1.57626
chr13-111200000-111300000	-0.349345	-0.006318	-0.234859	4.66851
chr13-63000000-63100000	0.056492	0.130835	0.176778	1.19388
chr13-70000000-70100000	-0.071503	-0.088932	0.388731	1.12077
chr13-26700000-26800000	-0.511887	0.087345	0.276697	4.78547
chr13-20600000-20700000	-0.596842	-0.026888	0.138511	2.78245
chr13-64200000-64300000	0.07047	0.379676	-0.061452	1.27642
chr13-64600000-64700000	0.101517	0.290725	0.016773	1.46746
chr13-68200000-68300000	-0.036633	0.204804	0.305831	1.1693
chr13-111300000-111400000	-0.186087	0.114792	-0.329214	4.74367
chr13-111500000-111600000	-0.244186	-0.066922	-0.302161	3.72421
chr13-99000000-99100000	-0.223669	0.020708	-0.292075	4.91291
chr13-34600000-34700000	-0.492602	0.224848	0.329237	1.96454
chr13-111600000-111700000	-0.393915	-0.168742	-0.183891	3.10748
chr13-23700000-23800000	-0.495389	-0.147428	0.323138	1.50711
chr13-53300000-53400000	-0.330907	0.139039	0.375437	1.19843
chr13-20300000-20400000	-0.743537	-0.137227	0.08673	3.09138
chr13-111700000-111800000	-0.223399	-0.141635	-0.3409	1.86941
chr13-27300000-27400000	-0.412564	0.008252	0.268462	1.17642
chr13-114400000-114500000	-0.477104	0.090238	-0.441075	2.47952
chr13-112800000-112900000	-0.163763	-0.166504	0.009175	1.22462
chr13-111800000-111900000	-0.379032	-0.12962	-0.230992	4.23283
chr13-63300000-63400000	0.081611	0.253755	0.216325	1.42239
chr13-111900000-112000000	-0.212002	-0.05684	-0.119363	3.98771
chr13-36500000-36600000	-0.478959	-0.073275	0.106877	1.62074
chr13-112000000-112100000	-0.3432	-0.212254	-0.194431	1.32295
chr13-50700000-50800000	-0.467865	0.252798	-0.09901	2.25712
chr13-23200000-23300000	-0.381842	-0.026344	0.40393	1.29819
chr13-112200000-112300000	-0.32937	-0.196888	0.063875	1.22499
chr13-69700000-69800000	-0.058785	0.117828	0.25131	1.19918
chr13-25300000-25400000	-0.469869	0.184973	0.463938	1.32628
chr13-61700000-61800000	-0.182291	-0.055306	0.361619	1.18706
chr13-112300000-112400000	-0.311383	-0.403595	0.060352	1.24815
chr13-112400000-112500000	-0.283053	-0.543701	-0.047384	0
chr13-33300000-33400000	-0.596468	0.256282	-0.015091	1.73326
chr13-75000000-75100000	0.10766	0.030974	0.091731	1.375
chr13-22500000-22600000	-0.56253	0.153279	0.309557	2.80555
chr13-112500000-112600000	-0.241321	-0.367223	-0.028631	1.1851
chr13-59300000-59400000	-0.149673	0.056232	0.453637	1.08354
chr13-99400000-99500000	-0.216995	0.087281	-0.245393	2.00819
chr13-29000000-29100000	-0.59434	0.069764	0.140429	2.00029
chr13-112600000-112700000	-0.248553	-0.160049	-0.064016	1.34034
chr13-61800000-61900000	-0.046174	0.125677	0.411335	1.14771
chr13-25000000-25100000	-0.637647	0.181396	0.223496	3.81461
chr13-112700000-112800000	-0.161618	-0.369046	-0.06821	1.22793
chr13-42900000-43000000	-0.337964	0.208669	0.113512	1.48958
chr13-22900000-23000000	-0.495241	-0.134203	0.332212	1.21516
chr13-112900000-113000000	-0.344838	-0.264134	0.079776	1.22851
chr13-49900000-50000000	-0.523507	0.403583	0.043086	2.21913
chr13-113000000-113100000	-0.160639	-0.357507	0.024569	1.25454
chr13-65100000-65200000	0.113054	0.256724	-0.000179	1.24933
chr13-35500000-35600000	-0.409771	-0.080946	0.328909	2.35963
chr13-33400000-33500000	-0.512381	0.104192	0.116786	2.10642
chr13-113100000-113200000	-0.334582	-0.317759	-0.133529	1.90174
chr13-113200000-113300000	-0.270997	-0.121084	-0.205956	3.25543
chr13-92000000-92100000	-0.005272	-0.147383	0.185494	3.40103
chr13-47700000-47800000	-0.388544	0.422106	0.015112	1.65303
chr13-21100000-21200000	-0.653481	0.273805	0.046521	3.3151
chr13-113400000-113500000	-0.331697	-0.123453	-0.290304	2.9124
chr13-74200000-74300000	-0.154275	0.258114	-0.135952	1.83533
chr13-42800000-42900000	-0.477621	0.362878	0.016268	2.94107
chr13-113500000-113600000	-0.234205	0.063981	-0.321928	2.56385
chr13-34800000-34900000	-0.442412	0.200531	0.332113	1.34109
chr13-113600000-113700000	-0.379198	-0.064673	-0.192988	1.42419
chr13-92400000-92500000	-0.055563	-0.206465	0.039477	1.1716
chr13-45800000-45900000	-0.511687	0.390121	-0.095286	2.32513
chr13-114000000-114100000	-0.361989	0.104288	-0.328004	4.41644
chr13-44800000-44900000	-0.464035	0.213659	-0.2052	3.28142
chr13-114700000-114800000	-0.383791	0.158776	-0.535058	6.86275
chr13-114500000-114600000	-0.289766	0.179588	-0.480744	6.68875
chr13-84000000-84100000	-0.124294	-0.277543	0.07107	1.44051
chr13-93400000-93500000	0.023861	-0.245421	-0.158782	1.22411
chr13-114900000-115000000	-0.481845	-0.068118	-0.267306	2.70983
chr13-51700000-51800000	-0.294423	0.232922	0.251882	1.91801
chr13-19000000-19100000	-0.354394	-0.179528	0.820065	0
chr13-77700000-77800000	0.051858	0.130635	-0.145046	1.77358
chr13-19100000-19200000	-0.353065	-0.1816	0.819927	1
chr13-37100000-37200000	-0.424016	0.154856	0.159811	1.16036
chr13-19200000-19300000	-0.351874	-0.180526	0.818054	1.32673
chr13-31600000-31700000	-0.595113	0.042468	-0.099228	2.5321
chr13-95200000-95300000	0.140701	-0.037121	-0.1715	4.21431
chr13-48200000-48300000	-0.297498	0.190445	0.103392	1.4866
chr13-37700000-37800000	-0.521197	0.05146	-0.098362	1.87477
chr13-19600000-19700000	-0.488999	-0.087365	0.451919	1.21234
chr13-95100000-95200000	-0.025887	-0.163521	-0.07377	1.38118
chr13-35400000-35500000	-0.335632	0.127415	0.36271	1.30194
chr13-20800000-20900000	-0.612716	-0.006882	0.212	1.32823
chr13-19700000-19800000	-0.552567	-0.223283	0.28468	1.25776
chr13-24800000-24900000	-0.613705	0.187097	0.259108	2.75505
chr13-59700000-59800000	-0.239293	0.191632	0.22939	1.21549
chr13-60500000-60600000	-0.207259	0.415368	0.107632	1.45881
chr13-19800000-19900000	-0.39142	-0.163416	0.42956	1.1718
chr13-62000000-62100000	-0.159072	0.138158	0.318312	1.1552
chr13-19900000-20000000	-0.516208	-0.301684	0.496175	1.18956
chr13-65700000-65800000	-0.087384	0.361743	0.087103	1.21629
chr13-85300000-85400000	-0.33195	-0.243072	0.169744	1.08476
chr13-31000000-31100000	-0.556665	0.234163	0.013191	2.93075
chr13-22800000-22900000	-0.480678	0.046238	0.198502	1.44515
chr13-20000000-20100000	-0.517613	-0.299863	0.495286	1
chr13-79800000-79900000	0.113437	-0.112974	0.172555	1.41271
chr13-20200000-20300000	-0.569161	-0.156924	0.176683	3.58355
chr13-44100000-44200000	-0.402434	0.461536	0.13104	1.36274
chr13-40200000-40300000	-0.481266	-0.01506	0.138058	2.77562
chr13-20400000-20500000	-0.707792	-0.066313	-0.095034	2.86923
chr13-80100000-80200000	0.104356	-0.022563	0.16671	1.74311
chr13-51500000-51600000	-0.359081	0.188808	0.072459	1.44926
chr13-79200000-79300000	0.015336	-0.114883	0.219095	2.34898
chr13-99500000-99600000	-0.371517	-0.066086	-0.320372	2.43264
chr13-35200000-35300000	-0.453039	-0.168053	0.340845	1.27196
chr13-20500000-20600000	-0.612316	0.129277	-0.020854	3.30639
chr13-73100000-73200000	-0.165256	0.07055	0.174936	1.26958
chr13-91100000-91200000	-0.012146	-0.057394	-0.118912	1.53319
chr13-40300000-40400000	-0.392515	0.192888	0.106101	1.66782
chr13-93800000-93900000	-0.181602	0.005632	-0.233437	2.25869
chr13-26600000-26700000	-0.454607	0.172133	0.481801	1.26767
chr13-22600000-22700000	-0.515628	-0.052706	0.304672	1.84008
chr13-20700000-20800000	-0.632087	0.156959	0.043634	2.89473
chr13-79500000-79600000	-0.172586	0.024403	0.191215	1.16536
chr13-80400000-80500000	0.151611	0.135439	0.022257	1.66765
chr13-97600000-97700000	0.014161	-0.146194	-0.054889	1.96063
chr13-25900000-26000000	-0.503908	0.046138	0.262462	1.36777
chr13-20900000-21000000	-0.61586	-0.116566	0.016143	2.75767
chr13-23600000-23700000	-0.489267	0.07277	0.284396	1.70518
chr13-81700000-81800000	-0.222299	-0.113579	0.198774	1.15127
chr13-92300000-92400000	-0.132309	-0.16397	0.239313	1.19983
chr13-21000000-21100000	-0.623512	0.078619	-0.036132	2.69702
chr13-50200000-50300000	-0.395735	0.434289	0.016027	2.43437
chr13-21200000-21300000	-0.546722	0.121467	-0.005226	2.35939
chr13-58400000-58500000	-0.243661	-0.029191	0.265467	1.12367
chr13-74300000-74400000	0.003362	0.122285	-0.023904	1.72544
chr13-98000000-98100000	0.078494	-0.054132	-0.193271	2.96183
chr13-54300000-54400000	-0.150857	0.169935	0.329555	1.20343
chr13-21700000-21800000	-0.751713	-0.091309	0.058738	3.55268
chr13-87000000-87100000	-0.22776	-0.328271	0.275364	1.14425
chr13-50300000-50400000	-0.376755	0.442087	0.231303	3.18392
chr13-43000000-43100000	-0.287921	0.419417	0.113064	1.36999
chr13-67200000-67300000	-0.130169	0.288683	0.007304	1.68617
chr13-69000000-69100000	0.029703	-0.087838	0.342589	1.24452
chr13-89600000-89700000	0.099097	-0.133687	0.169625	1.15538
chr13-21800000-21900000	-0.694877	-0.174668	0.250053	1.87645
chr13-65000000-65100000	-0.058526	0.41161	0.004875	1.37975
chr13-21900000-22000000	-0.691373	0.027816	0.288139	1.88295
chr13-48600000-48700000	-0.21755	0.390621	0.03395	3.37185
chr13-22000000-22100000	-0.763381	0.067658	0.10087	2.36803
chr13-33700000-33800000	-0.578051	-0.093186	-0.002943	2.73623
chr13-26400000-26500000	-0.429296	0.147258	0.470984	1.26795
chr13-22100000-22200000	-0.630922	0.129813	0.282673	2.72422
chr13-71200000-71300000	-0.208331	-0.040407	0.253783	1.17233
chr13-28200000-28300000	-0.68814	0.029802	0.366768	1.94932
chr13-22200000-22300000	-0.542193	-0.059328	0.393436	2.51067
chr13-40500000-40600000	-0.31499	0.166383	0.208961	1.35586
chr13-22400000-22500000	-0.609072	-0.011088	0.194407	1.6514
chr13-68000000-68100000	0.102939	0.105732	0.158969	1.19779
chr13-53700000-53800000	-0.344109	0.018482	0.230918	1.97212
chr13-22700000-22800000	-0.563945	-0.123045	0.087392	1.52161
chr13-38600000-38700000	-0.318106	0.210094	0.480208	1.37493
chr13-30000000-30100000	-0.602093	0.1555	0.175252	2.95074
chr13-23000000-23100000	-0.376158	-0.029196	0.488573	1.32804
chr13-56200000-56300000	-0.324095	-0.044936	0.328225	1.17828
chr13-81000000-81100000	-0.182865	-0.095	0.191123	1.27154
chr13-23100000-23200000	-0.432233	0.182639	0.455098	1.25843
chr13-52400000-52500000	-0.233048	0.255699	0.146464	1.75734
chr13-23400000-23500000	-0.571286	-0.033497	0.434382	1.62623
chr13-70100000-70200000	-0.0005	0.093233	0.290317	1.25222
chr13-70300000-70400000	-0.18896	-0.037375	0.238436	1.16192
chr13-23900000-24000000	-0.648453	0.044085	0.017723	3.19521
chr13-46200000-46300000	-0.3557	0.293821	0.29514	1.40994
chr13-24000000-24100000	-0.626049	-0.166232	0.032184	2.89226
chr13-71800000-71900000	-0.086032	0.174318	0.295514	1.19526
chr13-24100000-24200000	-0.659094	0.025113	-0.063418	3.69759
chr13-28600000-28700000	-0.693463	0.117151	0.15773	1.72063
chr13-24200000-24300000	-0.661529	-0.13142	0.031584	3.37647
chr13-88800000-88900000	-0.185615	-0.241818	0.209396	1.22072
chr13-24300000-24400000	-0.582475	0.048342	0.007227	2.34414
chr13-75300000-75400000	0.059999	0.148518	-0.050554	1.75411
chr13-24400000-24500000	-0.593205	-0.144455	0.071435	3.14438
chr13-68800000-68900000	-0.084272	0.117186	0.138815	1.24199
chr13-95300000-95400000	-0.06978	-0.13934	-0.168758	1.35475
chr13-99600000-99700000	-0.196779	-0.078486	-0.250492	2.2298
chr13-46300000-46400000	-0.392402	0.146024	0.137349	1.43898
chr13-28300000-28400000	-0.460181	0.090553	0.388057	1.21879
chr13-24600000-24700000	-0.706856	0.032198	0.078706	2.22713
chr13-37000000-37100000	-0.284798	0.200684	0.323226	1.2373
chr13-35700000-35800000	-0.497564	-0.125512	0.35107	1.34596
chr13-73200000-73300000	0.06971	0.025212	0.160033	1.36101
chr13-24700000-24800000	-0.629911	0.189229	0.032889	3.46809
chr13-24900000-25000000	-0.795884	0.308834	0.345532	1.81031
chr13-52000000-52100000	-0.364529	0.438834	0.003744	4.18083
chr13-38200000-38300000	-0.48717	0.186436	0.102033	1.44749
chr13-34200000-34300000	-0.72192	-0.044553	0.123034	2.14032
chr13-29600000-29700000	-0.387777	0.004155	0.302345	1.20892
chr13-25100000-25200000	-0.690932	0.055511	0.39043	1.38263
chr13-38500000-38600000	-0.402446	0.309095	0.296371	1.21901
chr13-25200000-25300000	-0.504044	0.083523	0.271806	1.69381
chr13-61100000-61200000	0.030691	0.11811	0.19912	1.42444
chr13-47100000-47200000	-0.36757	0.450231	-0.008645	2.88911
chr13-25400000-25500000	-0.653522	0.212354	0.351463	2.45738
chr13-85600000-85700000	-0.24391	-0.287049	0.00038	1.21681
chr13-47200000-47300000	-0.49808	0.312906	0.085606	2.2381
chr13-36600000-36700000	-0.395798	0.044955	0.286215	1.15375
chr13-36100000-36200000	-0.447468	0.101044	0.148382	1.85904
chr13-25500000-25600000	-0.586312	0.13375	0.552283	1.5233
chr13-54600000-54700000	-0.029298	0.167853	0.367343	1.15241
chr13-25600000-25700000	-0.54261	-0.044268	0.396158	1.33042
chr13-25800000-25900000	-0.585204	-0.151687	0.175682	3.54094
chr13-89700000-89800000	-0.112527	-0.185757	0.25218	1.09252
chr13-26000000-26100000	-0.35268	0.008316	0.42497	1.32536
chr13-73500000-73600000	0.074803	0.285393	0.047853	1.78927
chr13-46100000-46200000	-0.498661	0.29304	0.133532	1.78957
chr13-26100000-26200000	-0.481218	0.131945	0.281769	1.18476
chr13-26200000-26300000	-0.289228	0.078006	0.382718	1.34605
chr13-57400000-57500000	-0.263868	-0.05549	0.471703	1.15976
chr13-97100000-97200000	-0.22506	-0.290125	0.105844	1.14907
chr13-48700000-48800000	-0.320411	0.464408	0.21425	1.45636
chr13-57100000-57200000	-0.157071	0.048063	0.213621	1.07394
chr13-57300000-57400000	-0.310729	-0.064634	0.239493	1.08958
chr13-26300000-26400000	-0.445348	0.144853	0.261667	1.46651
chr13-26500000-26600000	-0.475901	0.172441	0.267084	1.29082
chr13-99200000-99300000	-0.103182	0.157415	-0.386984	3.85275
chr13-26900000-27000000	-0.56147	0.034902	0.068039	1.70299
chr13-29700000-29800000	-0.360232	0.161042	0.447146	1.31121
chr13-27500000-27600000	-0.665324	0.154454	0.240937	2.16984
chr13-27100000-27200000	-0.557378	-0.009195	0.064818	2.67306
chr13-27200000-27300000	-0.582412	-0.149903	0.253673	2.52991
chr13-61300000-61400000	-0.103464	0.222174	0.288694	1.27004
chr13-67100000-67200000	0.077499	0.198676	0.008724	1.56244
chr13-27600000-27700000	-0.607619	0.038783	0.065286	2.68115
chr13-46900000-47000000	-0.297929	0.360362	0.250473	1.93858
chr13-27900000-28000000	-0.638982	0.162076	0.320412	3.76284
chr13-44200000-44300000	-0.277769	0.329159	0.005017	1.62635
chr13-82600000-82700000	-0.308325	-0.179727	0.324636	1.23905
chr13-31200000-31300000	-0.413645	0.068354	-0.134769	2.83757
chr13-28000000-28100000	-0.493419	0.106019	0.16797	3.9685
chr13-28700000-28800000	-0.656735	-0.062681	0.02718	2.91628
chr13-93000000-93100000	0.034568	-0.043868	-0.019952	1.11682
chr13-51800000-51900000	-0.369464	0.268516	0.053536	1.83281
chr13-28800000-28900000	-0.598798	0.077586	0.197481	1.80315
chr13-79600000-79700000	-0.224959	-0.201523	0.216312	1.10828
chr13-40100000-40200000	-0.510697	0.204218	0.039321	2.84031
chr13-28900000-29000000	-0.538612	0.262791	0.079446	2.71993
chr13-52300000-52400000	-0.192554	0.348805	-0.062685	3.52165
chr13-29300000-29400000	-0.507774	-0.084733	0.1493	1.9265
chr13-49600000-49700000	-0.444318	0.513743	-0.116552	1.67024
chr13-63600000-63700000	0.053447	0.238589	-0.047196	1.2044
chr13-65400000-65500000	0.080189	0.30205	-0.093516	1.43212
chr13-43800000-43900000	-0.41206	0.251533	-0.173427	2.32854
chr13-29800000-29900000	-0.389991	-0.044095	0.367054	1.19322
chr13-43600000-43700000	-0.314343	0.343285	-0.105986	1.8348
chr13-32200000-32300000	-0.445826	0.045152	0.303184	1.94664
chr13-29900000-30000000	-0.518747	0.133246	0.39703	1.20852
chr13-50800000-50900000	-0.384217	0.391701	0.054911	1.54293
chr13-50000000-50100000	-0.3084	0.443282	0.022551	3.83709
chr13-74700000-74800000	-0.134729	0.267403	-0.006919	3.8164
chr13-98400000-98500000	0.093446	-0.047994	-0.163323	1.29046
chr13-30100000-30200000	-0.631132	0.109008	-0.05918	3.5299
chr13-52600000-52700000	-0.344816	0.359712	0.286588	1.40442
chr13-38300000-38400000	-0.429478	0.315231	0.285449	1.37223
chr13-30300000-30400000	-0.633733	0.11947	-0.010647	2.02714
chr13-30200000-30300000	-0.621324	-0.090565	-0.106401	1.95779
chr13-32400000-32500000	-0.486048	-0.052083	0.07296	1.89814
chr13-65600000-65700000	0.11947	0.313659	0.166049	1.37244
chr13-43200000-43300000	-0.344812	0.314722	0.075252	1.44775
chr13-34300000-34400000	-0.502404	0.002211	0.058072	1.75876
chr13-30400000-30500000	-0.643135	-0.090013	0.054157	3.45228
chr13-30800000-30900000	-0.685675	0.106176	0.061208	3.42494
chr13-30600000-30700000	-0.613053	-0.087491	0.075954	3.06911
chr13-30900000-31000000	-0.614521	0.070937	-0.122298	3.15037
chr13-31700000-31800000	-0.576495	-0.100873	0.081071	2.9929
chr13-35600000-35700000	-0.469249	0.006413	0.528582	1.12282
chr13-31800000-31900000	-0.572887	-0.030355	0.299367	1.57156
chr13-31900000-32000000	-0.474047	0.149825	0.314253	1.30051
chr13-92900000-93000000	0.244289	-0.101491	-0.04121	1.18394
chr13-32700000-32800000	-0.551609	0.104482	0.118847	2.72302
chr13-76400000-76500000	-0.352098	-0.055137	-0.036156	2.42451
chr13-78700000-78800000	-0.174809	-0.326143	0.244204	1.37674
chr13-32900000-33000000	-0.628193	0.201493	0.129178	1.62964
chr13-33000000-33100000	-0.627916	0.135729	-0.081229	2.17937
chr13-33200000-33300000	-0.549483	0.071782	-0.128084	1.86406
chr13-73000000-73100000	-0.014072	-0.037537	0.323343	1.26995
chr13-33600000-33700000	-0.617429	0.110214	-0.095925	2.6124
chr13-62700000-62800000	-0.157045	0.172329	0.129633	1.18086
chr13-33900000-34000000	-0.693865	-0.052193	0.037214	2.62366
chr13-54400000-54500000	-0.199196	-0.053101	0.372609	1.15908
chr13-34000000-34100000	-0.610342	0.008885	-0.148969	2.0549
chr13-72200000-72300000	-0.134178	-0.050689	0.451217	1.56323
chr13-34100000-34200000	-0.5207	-0.106318	0.023748	2.29268
chr13-76600000-76700000	-0.390159	-0.131816	0.045517	1.20134
chr13-34400000-34500000	-0.514776	-0.142569	0.245075	1.38967
chr13-34900000-35000000	-0.492315	0.0336	0.198473	2.42422
chr13-39100000-39200000	-0.274252	0.235156	0.327447	1.17132
chr13-35100000-35200000	-0.413646	-0.015532	0.195505	1.2504
chr13-86700000-86800000	-0.190208	-0.412822	0.27554	1.16488
chr13-44500000-44600000	-0.440046	0.142956	-0.078597	1.57612
chr13-37300000-37400000	-0.500815	-0.076614	0.256167	3.03116
chr13-40600000-40700000	-0.319651	0.29532	0.3923	1.31044
chr13-35800000-35900000	-0.4669	0.065733	0.226498	1.41264
chr13-35900000-36000000	-0.374381	0.134386	0.424718	1.22662
chr13-36200000-36300000	-0.526338	0.293405	0.092286	2.38873
chr13-36900000-37000000	-0.51534	0.248265	0.361682	2.94272
chr13-48400000-48500000	-0.248287	0.300644	0.061573	1.45884
chr13-93200000-93300000	0.222978	-0.128083	0.086725	1.17826
chr13-37200000-37300000	-0.407019	0.09239	0.36918	1.24547
chr13-37400000-37500000	-0.609493	0.066628	0.10978	2.15081
chr13-73800000-73900000	0.034164	0.22133	-0.089282	1.61551
chr13-40800000-40900000	-0.421336	0.053381	0.273499	1.37187
chr13-64700000-64800000	-0.124382	0.29714	-0.057541	1.43019
chr13-37600000-37700000	-0.499832	0.262594	-0.035542	2.76036
chr13-75100000-75200000	0.05917	0.164323	0.262716	1.36778
chr13-37900000-38000000	-0.563398	0.306	0.21985	2.03557
chr13-53900000-54000000	-0.239546	0.085766	0.427219	1.15942
chr13-38900000-39000000	-0.344023	0.274039	0.334318	3.20507
chr13-39600000-39700000	-0.317202	0.237555	0.339742	3.89185
chr13-55300000-55400000	-0.23545	-0.012833	0.254406	1.12219
chr13-53000000-53100000	-0.264618	0.495126	0.454114	4.48699
chr13-39700000-39800000	-0.290002	0.174621	0.129237	1.67969
chr13-39800000-39900000	-0.417525	0.278638	0.27775	1.48595
chr13-86200000-86300000	-0.265191	-0.371505	-0.03265	1.44934
chr13-40400000-40500000	-0.461003	0.323886	0.282929	1.46791
chr13-82300000-82400000	-0.171751	-0.268022	0.108525	1.06898
chr13-40900000-41000000	-0.502536	0.219885	0.377904	1.6609
chr13-41000000-41100000	-0.332526	0.11294	0.316553	1.53677
chr13-72100000-72200000	-0.171139	-0.103533	0.230154	1.40061
chr13-72600000-72700000	-0.071505	0.101192	0.19197	1.27126
chr13-74400000-74500000	-0.008681	0.342144	0.013704	1.9205
chr13-90600000-90700000	-0.065654	-0.248832	0.090337	1.22544
chr13-96400000-96500000	-0.123135	0.092432	-0.217821	1.71725
chr13-41100000-41200000	-0.38517	0.182479	0.114586	1.25882
chr13-47000000-47100000	-0.28452	0.246498	0.052385	1.3847
chr13-41300000-41400000	-0.572572	0.367488	0.150817	3.26297
chr13-67600000-67700000	-0.217927	0.4092	0.014411	1.76172
chr13-81200000-81300000	-0.177391	-0.198598	0.320492	1.11491
chr13-41600000-41700000	-0.520616	0.35306	-0.015414	3.4747
chr13-47500000-47600000	-0.248144	0.378614	-0.022541	1.4452
chr13-41700000-41800000	-0.369626	0.36102	-0.141377	2.65589
chr13-41900000-42000000	-0.573882	0.387132	0.179463	2.0766
chr13-42400000-42500000	-0.543274	0.343733	-0.067894	1.73145
chr13-93300000-93400000	0.117987	-0.061938	-0.102008	1.11621
chr13-93500000-93600000	0.062142	-0.026878	-0.140802	1.22157
chr13-42000000-42100000	-0.602752	0.389378	-0.048941	4.48072
chr13-71500000-71600000	-0.117505	-0.015669	0.15579	1.18973
chr13-82700000-82800000	-0.101176	-0.28729	0.306261	1.14812
chr13-42100000-42200000	-0.401894	0.424883	-0.102285	3.81163
chr13-53600000-53700000	-0.193122	0.181354	0.235386	1.21607
chr13-46400000-46500000	-0.202787	0.244001	0.113388	1.30642
chr13-42300000-42400000	-0.369623	0.346342	-0.201114	1.53316
chr13-62200000-62300000	-0.142398	0.169444	0.355907	1.19308
chr13-68300000-68400000	0.005567	0.060513	0.128582	1.11574
chr13-42500000-42600000	-0.42161	0.215433	-0.176163	3.09848
chr13-99300000-99400000	-0.008011	0.084774	-0.183996	1.96174
chr13-48100000-48200000	-0.455202	0.340781	0.030484	1.29919
chr13-62100000-62200000	-0.131745	-0.05387	0.430413	1.15254
chr13-66000000-66100000	0.12051	0.325395	0.152081	1.42625
chr13-68500000-68600000	-0.130293	0.057964	0.337391	1.09161
chr13-42600000-42700000	-0.575815	0.357998	-0.102949	3.38935
chr13-43500000-43600000	-0.523504	0.332186	-0.175236	3.60585
chr13-43700000-43800000	-0.442419	0.235728	0.027436	1.40515
chr13-63700000-63800000	0.005459	0.325543	0.168752	1.58167
chr13-87300000-87400000	0.060942	-0.184016	0.156048	1.21365
chr13-43900000-44000000	-0.387642	0.218449	0.031409	1.78641
chr13-63900000-64000000	-0.059607	0.214805	-0.116867	1.51589
chr13-44000000-44100000	-0.323289	0.270912	0.241223	1.31231
chr13-44300000-44400000	-0.405375	0.166511	-0.028868	2.10816
chr13-44600000-44700000	-0.419311	0.337841	-0.160714	1.53414
chr13-44700000-44800000	-0.560024	0.298381	-0.031473	2.79793
chr13-44900000-45000000	-0.592055	0.118778	-0.126326	2.37559
chr13-45100000-45200000	-0.621415	0.251397	-0.161514	3.94182
chr13-89000000-89100000	-0.157133	-0.263327	0.259813	1.08991
chr13-45600000-45700000	-0.402455	0.320129	-0.20687	2.89604
chr13-45200000-45300000	-0.415616	0.165857	-0.175068	2.9697
chr13-69800000-69900000	-0.218772	-0.053444	0.261303	1.17454
chr13-45400000-45500000	-0.388548	0.289552	-0.194361	3.01676
chr13-94000000-94100000	-0.147243	-0.131711	-0.16717	1.29672
chr13-45900000-46000000	-0.309839	0.447538	-0.172218	3.77248
chr13-46000000-46100000	-0.303914	0.400768	0.0451	3.30605
chr13-46700000-46800000	-0.238249	0.319485	0.270951	1.43403
chr13-80800000-80900000	-0.398994	-0.228411	-0.000838	1.53756
chr13-97300000-97400000	0.007129	-0.028199	0.079197	1.24888
chr13-47900000-48000000	-0.268005	0.392082	0.022572	1.74354
chr13-53500000-53600000	-0.312619	0.090153	0.393703	1.35533
chr13-48800000-48900000	-0.381794	0.451104	-0.004802	4.11265
chr13-48900000-49000000	-0.459944	0.268971	-0.128381	1.68381
chr13-49300000-49400000	-0.41494	0.438883	0.106316	1.75847
chr13-83100000-83200000	-0.121198	-0.313575	0.203852	1.35884
chr13-52100000-52200000	-0.303241	0.306023	-0.154362	3.24407
chr13-49700000-49800000	-0.273836	0.377274	-0.147172	1.79349
chr13-92100000-92200000	-0.169605	-0.073314	0.037239	1.16727
chr13-50500000-50600000	-0.27946	0.373935	-0.080767	3.97662
chr13-56700000-56800000	-0.085572	0.092601	0.445378	1.11231
chr13-50900000-51000000	-0.204101	0.380398	-0.059244	1.97359
chr13-51300000-51400000	-0.221137	0.276697	0.067047	1.66736
chr13-51200000-51300000	-0.406756	0.17308	0.044352	1.87437
chr13-55200000-55300000	-0.10887	0.127399	0.401534	1.19367
chr13-51900000-52000000	-0.166705	0.312442	0.006101	1.84245
chr13-52500000-52600000	-0.126074	0.36989	0.29961	2.25919
chr13-52900000-53000000	-0.306837	0.350775	0.324244	2.49285
chr13-53100000-53200000	-0.264001	0.496448	0.452126	5.963
chr13-80700000-80800000	-0.193237	-0.299072	0.023405	1.82037
chr13-53200000-53300000	-0.271065	0.355508	0.31494	3.48636
chr13-53400000-53500000	-0.235743	0.066896	0.187589	1.47535
chr13-68600000-68700000	-0.038837	0.095712	0.131657	1.09292
chr13-53800000-53900000	-0.180328	0.172695	0.215547	1.23105
chr13-97200000-97300000	-0.055812	-0.196942	0.204678	1.16726
chr13-54200000-54300000	-0.275377	-0.005057	0.234404	1.10912
chr13-54500000-54600000	-0.257591	0.168997	0.341566	1.06724
chr13-83500000-83600000	-0.199888	-0.371944	0.217996	1.33245
chr13-54900000-55000000	-0.274179	-0.027669	0.300075	1.10681
chr13-55100000-55200000	-0.294655	0.006728	0.343607	1.20091
chr13-55500000-55600000	-0.257871	0.156532	0.249935	1.18984
chr13-55600000-55700000	-0.206125	0.068022	0.459084	1.13651
chr13-84600000-84700000	-0.137139	-0.228591	0.302673	1.12525
chr13-91400000-91500000	0.085776	-0.023833	0.062508	1.15878
chr13-55700000-55800000	-0.314777	-0.136046	0.43806	1.22744
chr13-86600000-86700000	-0.04519	-0.237871	0.245041	1.11327
chr13-55800000-55900000	-0.237116	0.007476	0.268918	1.07034
chr13-95400000-95500000	-0.085734	-0.098119	0.048039	1.2267
chr13-55900000-56000000	-0.119966	0.204209	0.273298	1.17304
chr13-56100000-56200000	-0.178934	-0.119675	0.483524	1.1916
chr13-56500000-56600000	-0.077994	0.021457	0.451533	1.29476
chr13-58700000-58800000	-0.169384	0.054781	0.461717	1.12169
chr13-90100000-90200000	-0.115024	-0.160106	0.070343	1.33242
chr13-96500000-96600000	0.103329	0.035955	-0.160944	1.65863
chr13-56900000-57000000	-0.077565	-0.037758	0.441088	1.25775
chr13-57000000-57100000	-0.202347	0.159988	0.416275	1.16052
chr13-93600000-93700000	-0.096027	-0.183734	-0.187511	1.33047
chr13-57200000-57300000	-0.208404	-0.003766	0.440595	1.09881
chr13-57500000-57600000	-0.0725	0.056714	0.459296	1.06402
chr13-57600000-57700000	-0.144186	0.274437	0.44702	1.08019
chr13-57800000-57900000	-0.239783	0.109354	0.402633	1.24913
chr13-57900000-58000000	-0.11121	-0.090247	0.419573	1.05759
chr13-58000000-58100000	-0.212702	-0.033378	0.217011	1.12086
chr13-78400000-78500000	0.00184	-0.003215	0.00137	1.52457
chr13-58100000-58200000	-0.050219	0.126086	0.277354	1.16042
chr13-58500000-58600000	-0.125343	0.038739	0.449532	1.11127
chr13-58900000-59000000	-0.142741	0.195197	0.308776	1.10108
chr13-59000000-59100000	0.023421	0.045648	0.35707	1.14978
chr13-59600000-59700000	-0.062853	0.316042	0.278793	1.49056
chr13-59100000-59200000	-0.123086	0.195157	0.258905	1.13937
chr13-60800000-60900000	-0.240592	0.198683	0.211372	1.19887
chr13-91200000-91300000	-0.012055	-0.018324	0.108062	1.22994
chr13-59200000-59300000	-0.236087	-0.002105	0.253266	1.2364
chr13-91700000-91800000	-0.077465	-0.216237	0.214247	1.24978
chr13-59800000-59900000	-0.027106	0.124284	0.161777	1.21394
chr13-64100000-64200000	-0.063429	0.264457	-0.149491	1.52258
chr13-60000000-60100000	-0.142311	0.256496	0.083927	2.0186
chr13-66400000-66500000	0.086746	0.216178	0.272598	2.05554
chr13-60300000-60400000	-0.123288	0.370986	0.164422	1.69976
chr13-66700000-66800000	-0.050058	0.187756	-0.033663	1.42353
chr13-88700000-88800000	0.019019	-0.146463	0.235477	1.20956
chr13-60600000-60700000	-0.283115	0.229598	9.6e-05	1.73689
chr13-73400000-73500000	0.207483	0.111598	0.051664	1.87643
chr13-84300000-84400000	-0.261474	-0.138591	0.065783	1.40117
chr13-84700000-84800000	-0.239178	-0.269679	0.10669	1.29892
chr13-60700000-60800000	-0.127513	0.353015	0.096525	2.58081
chr13-60900000-61000000	-0.120508	0.229833	0.029023	4.51319
chr13-61000000-61100000	-0.023305	0.330809	0.218341	1.40125
chr13-87100000-87200000	-0.095584	-0.137964	0.220043	1.16803
chr13-90500000-90600000	0.018577	-0.087145	0.236832	1.20055
chr13-61400000-61500000	-0.072688	0.014746	0.390904	1.07953
chr13-61500000-61600000	-0.195353	0.074376	0.219749	1.17211
chr13-61600000-61700000	-0.070831	0.144186	0.38736	1.19413
chr13-72400000-72500000	-0.08605	0.052089	0.141215	1.39795
chr13-78300000-78400000	-0.142876	-0.105353	0.158392	1.32603
chr13-61900000-62000000	0.027002	0.094491	0.19238	1.13017
chr13-62400000-62500000	-0.077162	0.13109	0.244711	1.14327
chr13-95000000-95100000	-0.22591	-0.071862	-0.160667	1.47219
chr13-62600000-62700000	-0.227378	-0.011815	0.262237	1.30187
chr13-62800000-62900000	0.013692	0.207378	0.285456	1.40346
chr13-62900000-63000000	-0.096999	0.270239	0.087928	1.54447
chr13-64900000-65000000	0.077085	0.218345	0.024021	1.28774
chr13-63100000-63200000	0.013262	0.353102	0.196173	1.13953
chr13-63200000-63300000	0.050539	0.276476	-0.013334	1.24902
chr13-85700000-85800000	-0.116411	-0.298565	0.195857	1.3021
chr13-63500000-63600000	-0.156652	0.352894	-0.093658	1.48018
chr13-69300000-69400000	-0.085699	-0.08313	0.314255	1.11928
chr13-64000000-64100000	-0.186375	0.327945	0.025635	1.81132
chr13-71400000-71500000	0.058906	0.032621	0.294211	1.29195
chr13-64400000-64500000	0.013299	0.471746	-0.009084	1.26082
chr13-99700000-99800000	-0.311874	0.1135	-0.258289	2.50504
chr13-64500000-64600000	-0.078406	0.288624	-0.101319	1.32116
chr13-64800000-64900000	-0.046589	0.372201	0.138586	1.18991
chr13-65200000-65300000	-0.011299	0.346844	-0.15538	1.42024
chr13-85000000-85100000	-0.186152	-0.054111	-0.013198	1.48789
chr13-96800000-96900000	-0.087015	-0.156291	0.234898	1.23877
chr13-65300000-65400000	-0.073894	0.402168	0.059847	1.29707
chr13-98500000-98600000	-0.106054	-0.078178	-0.290158	2.83122
chr13-65800000-65900000	0.109678	0.297169	0.173215	1.36137
chr13-65900000-66000000	0.053767	0.19704	-0.026529	1.26968
chr13-66300000-66400000	-0.017432	0.310641	0.08419	1.44062
chr13-66800000-66900000	-0.068229	0.299481	0.150994	1.34454
chr13-66900000-67000000	0.015132	0.220598	-0.046683	1.35645
chr13-67000000-67100000	0	0	0	1.32973
chr13-67300000-67400000	0.037147	0.340746	0.151883	1.41511
chr13-67900000-68000000	0.025425	0.324587	0.118761	1.36085
chr13-68400000-68500000	0.095738	0.08373	0.33588	1.36531
chr13-91800000-91900000	-0.107262	-0.082618	0.027316	1.28285
chr13-68700000-68800000	0.00803	0.16717	0.340331	1.16076
chr13-68900000-69000000	0.004318	0.137595	0.357462	1.09376
chr13-86900000-87000000	-0.102348	-0.282545	0.103037	1.17149
chr13-69400000-69500000	-0.045272	0.137146	0.351695	1.10139
chr13-69500000-69600000	0.004545	-0.088953	0.345594	1.1548
chr13-90000000-90100000	0.095281	-0.049931	0.071386	1.24968
chr13-69900000-70000000	-0.033432	0.081487	0.236375	1.32967
chr13-89800000-89900000	-0.031321	-0.110993	0.050941	1.1811
chr13-70400000-70500000	-0.036387	0.086278	0.115853	1.13368
chr13-90400000-90500000	0.11949	-0.177851	0.049646	1.18297
chr13-70600000-70700000	0.068209	-0.033006	0.297531	1.13271
chr13-70700000-70800000	-0.129214	-0.14744	0.303172	1.16746
chr13-70900000-71000000	-0.04144	0.116478	0.25323	1.12951
chr13-71300000-71400000	-0.050947	-0.136617	0.401756	1.13238
chr13-77600000-77700000	0.074329	0.081004	0.055773	3.16849
chr13-71600000-71700000	-0.167402	-0.128904	0.353072	1.14884
chr13-71900000-72000000	-0.163566	-0.042891	0.323821	1.33036
chr13-72000000-72100000	-0.025167	0.055133	0.160126	1.22805
chr13-72500000-72600000	-0.017839	-0.056776	0.33628	1.23782
chr13-72700000-72800000	-0.184128	-0.090163	0.22739	1.12983
chr13-76300000-76400000	-0.427744	-0.009377	-0.231363	2.34113
chr13-83700000-83800000	-0.343901	-0.392626	0.213926	1.97026
chr13-72900000-73000000	0.072681	-0.017885	0.113075	1.16215
chr13-73600000-73700000	0.024179	0.284714	-0.16664	2.90288
chr13-73900000-74000000	-0.138129	0.290479	0.005615	1.75189
chr13-74000000-74100000	-0.153446	0.100176	-0.108663	1.76929
chr13-76000000-76100000	-0.416111	-0.208657	-0.06595	2.25425
chr13-96600000-96700000	0.103264	-0.155362	-0.033647	1.72631
chr13-74500000-74600000	-0.142772	0.235635	-0.131997	1.98392
chr13-85100000-85200000	-0.297414	-0.222515	0.102473	1.1664
chr13-92600000-92700000	0.025505	-0.105213	-0.029095	1.29079
chr13-74600000-74700000	0.072255	0.205092	-0.080416	1.96793
chr13-92200000-92300000	-0.178222	-0.292902	0.049414	1.23787
chr13-94800000-94900000	-0.142887	-0.091285	-0.215216	1.39016
chr13-75400000-75500000	-0.082242	-0.008484	0.046572	1.23027
chr13-75500000-75600000	0.045292	0.008891	0.233024	1.22675
chr13-75700000-75800000	0.083872	0.067899	0.050974	1.36852
chr13-97700000-97800000	-0.21719	-0.0851	-0.040591	2.92013
chr13-75800000-75900000	-0.109544	0.000559	-0.056497	1.54716
chr13-88200000-88300000	-0.151198	-0.075865	0.075148	1.05155
chr13-75900000-76000000	-0.334248	-0.021055	-0.101642	1.99628
chr13-76500000-76600000	-0.169315	-0.171627	0.003161	1.82879
chr13-76900000-77000000	-0.343742	-0.080696	0.006691	1.25013
chr13-77000000-77100000	-0.165577	0.044569	-0.061519	1.65182
chr13-77100000-77200000	-0.010747	-0.016743	0.106077	1.27363
chr13-99800000-99900000	-0.198164	-0.030352	-0.376519	3.18171
chr13-77200000-77300000	-0.169967	0.05881	-0.026468	2.32033
chr13-77300000-77400000	0.004313	0.168995	0.034828	1.57479
chr13-77400000-77500000	-0.113103	0.157401	-0.147057	3.0194
chr13-77800000-77900000	0.066946	0.138693	0.068434	1.56395
chr13-77900000-78000000	-0.111456	0.048983	-0.041848	4.29365
chr13-78100000-78200000	-0.167686	-0.040039	0.173183	1.09371
chr13-89500000-89600000	-0.117976	-0.228453	0.15706	1.24485
chr13-78800000-78900000	-0.213817	-0.192384	0.059718	1.20061
chr13-78900000-79000000	-0.228375	-0.056221	0.23755	1.10873
chr13-79100000-79200000	-0.042027	0.094895	0.17846	1.26472
chr13-80000000-80100000	0.026403	0.097411	-0.001847	2.55187
chr13-97800000-97900000	-0.346273	-0.115148	-0.215231	2.97975
chr13-80200000-80300000	-0.084162	0.041702	0.037062	1.45582
chr13-80500000-80600000	-0.002668	0.002192	0.092388	2.74435
chr13-82100000-82200000	-0.205361	-0.163151	0.321841	1.10753
chr13-80600000-80700000	0.012983	-0.211188	0.049584	1.93732
chr13-80900000-81000000	-0.333146	-0.274216	0.22127	3.97271
chr13-81300000-81400000	-0.004373	-0.082175	0.227671	1.16345
chr13-81600000-81700000	-0.120049	-0.22156	0.387081	1.20704
chr13-81800000-81900000	-0.017092	-0.079499	0.28638	1.18364
chr13-82200000-82300000	-0.144255	-0.034574	0.133739	1.12233
chr13-84500000-84600000	-0.000851	-0.136949	0.151034	1.39169
chr13-95500000-95600000	-0.018045	0.094669	-0.027841	1.32541
chr13-82900000-83000000	-0.126397	-0.314123	0.251571	1.17942
chr13-83800000-83900000	-0.427986	-0.184668	0.147812	1.43121
chr13-98100000-98200000	-0.080356	0.08762	-0.135077	1.5345
chr13-83900000-84000000	-0.313332	-0.3776	0.087646	1.25208
chr13-84100000-84200000	-0.191563	-0.287318	0.293012	1.52745
chr13-84400000-84500000	-0.160143	-0.295483	0.206969	1.24308
chr13-97500000-97600000	-0.075346	-0.28713	0.114188	1.19115
chr13-84900000-85000000	-0.305394	-0.21941	0.086292	1.75413
chr13-85200000-85300000	-0.109868	-0.28276	0.237435	1.56853
chr13-85900000-86000000	-0.430989	-0.262128	-0.110551	1.27629
chr13-86000000-86100000	-0.289158	-0.288095	0.066303	1.7571
chr13-86100000-86200000	-0.100546	-0.220229	-0.028568	1.7644
chr13-86300000-86400000	-0.363326	-0.217124	0.102127	1.27847
chr13-86400000-86500000	-0.144527	-0.29553	0.178907	1.18743
chr13-87200000-87300000	-0.033519	-0.370116	0.265582	1.21331
chr13-87400000-87500000	-0.102336	-0.257687	-0.003213	1.34394
chr13-87500000-87600000	-0.023246	-0.165628	-0.210611	1.53544
chr13-87600000-87700000	-0.248379	-0.134082	-0.150644	1.69833
chr13-87700000-87800000	-0.058133	-0.230932	-0.170954	2.42014
chr13-87800000-87900000	0.112457	-0.118027	-0.083858	1.44526
chr13-87900000-88000000	-0.033987	-0.261899	0.0296	1.26316
chr13-88000000-88100000	0.037912	-0.135814	0.220917	1.14122
chr13-88300000-88400000	0.002692	-0.192842	0.211929	1.39124
chr13-88600000-88700000	-0.148349	-0.306617	0.201398	2.18137
chr13-88900000-89000000	0.019598	-0.112913	0.234754	1.13272
chr13-89100000-89200000	-0.327175	-0.244623	0.112559	1.11929
chr13-89200000-89300000	-0.223465	-0.064764	0.212852	1.20033
chr13-89300000-89400000	-0.094567	-0.240101	0.134339	1.15556
chr13-90300000-90400000	0.037301	-0.205925	0.256203	1.31807
chr13-90900000-91000000	-0.067271	-0.07549	0.010207	1.14039
chr13-91000000-91100000	0.154154	-0.12362	0.024064	2.40657
chr13-91600000-91700000	0.084809	-0.155461	0.050168	1.13472
chr13-91900000-92000000	-0.150557	-0.302393	0.070439	1.65661
chr13-93100000-93200000	0.082128	-0.250225	-0.042676	1.22177
chr13-93700000-93800000	-0.313331	-0.160647	-0.154169	1.26553
chr13-93900000-94000000	-0.37073	-0.117111	-0.166811	1.7901
chr13-94100000-94200000	-0.02901	-0.053386	-0.345953	1.50588
chr13-94300000-94400000	-0.042313	-0.061605	-0.267904	1.47685
chr13-94400000-94500000	-0.147018	0.127426	-0.194057	1.38413
chr13-94700000-94800000	-0.053745	0.113068	-0.191378	1.35945
chr13-94900000-95000000	-0.156927	0.136147	-0.214457	2.01127
chr13-95900000-96000000	0.095926	0.129578	-0.182484	5.27238
chr13-96900000-97000000	0.068169	-0.106308	0.08708	1.15944
chr13-97900000-98000000	-0.129802	-0.138792	-0.238712	3.34376
chr13-98700000-98800000	-0.084362	0.022858	-0.382232	3.42257
chr13-98900000-99000000	-0.292025	0.205481	-0.34751	4.15145
chr13-99900000-100000000	-0.12275	0.117068	-0.232961	2.16906
