chr18-55100000-55200000	0.007766	0.133538	-0.283741	1.22144
chr18-24200000-24300000	0.057835	0.894109	0.216394	1.43949
chr18-39100000-39200000	0.049095	0.355372	0.439686	1.21884
chr18-33100000-33200000	0.364162	0.876072	-0.123231	2.72426
chr18-13100000-13200000	-0.348133	1.30289	0.135152	2.18038
chr18-39000000-39100000	0.327231	0.589035	0.193061	1.66611
chr18-77800000-77900000	-0.664269	0.645535	-0.395993	2.89482
chr18-11100000-11200000	-0.361836	1.2802	-0.033332	2.43574
chr18-28200000-28300000	-0.178405	0.644178	0.367946	1.16765
chr18-100000-200000	-0.824464	1.29594	0.183425	3.68077
chr18-40600000-40700000	-0.105968	0.405286	0.115981	1.11525
chr18-33800000-33900000	0.364678	0.618979	-0.479329	2.78314
chr18-13200000-13300000	-0.015259	1.06286	0.197913	1.57823
chr18-7500000-7600000	-0.442813	1.22629	-0.017429	3.16424
chr18-40300000-40400000	0.301995	0.268121	0.103414	1.08119
chr18-20000000-20100000	-0.100912	1.10614	-0.317205	2.87289
chr18-66500000-66600000	-0.572853	0.614979	0.169734	1.6439
chr18-0-100000	-0.825043	1.29869	0.183035	1.24803
chr18-39900000-40000000	0.175171	0.540673	0.120035	1.11676
chr18-12800000-12900000	0.212974	1.34611	-0.163798	3.15858
chr18-36500000-36600000	0.20317	0.511919	0.114825	1.19964
chr18-12000000-12100000	-0.412798	1.3486	-0.014897	2.44418
chr18-56500000-56600000	-0.317967	1.04913	-0.743038	4.06518
chr18-10300000-10400000	-0.072326	1.36001	-0.050513	2.71069
chr18-54300000-54400000	-0.145365	0.311262	-0.607752	3.84115
chr18-38000000-38100000	0.335862	0.250386	-0.260097	1.32219
chr18-10700000-10800000	0.010564	1.276	0.135065	1.50484
chr18-1400000-1500000	-0.180955	0.718568	0.546361	1.09982
chr18-58200000-58300000	-0.000465	0.067161	-0.175062	1.25979
chr18-12100000-12200000	-0.263918	1.4362	0.373528	1.10879
chr18-78000000-78100000	-0.704931	0.116787	-0.841417	3.83887
chr18-58600000-58700000	-0.116991	0.199919	-0.056555	1.20994
chr18-10200000-10300000	0.193282	1.28278	0.253126	1.77952
chr18-52400000-52500000	0.083126	0.460354	-0.604423	2.14247
chr18-70700000-70800000	-0.678668	0.478772	0.326052	1.28735
chr18-38300000-38400000	0.243694	0.836296	-0.568529	1.2797
chr18-1000000-1100000	-0.320537	0.968255	0.53052	1.22413
chr18-27800000-27900000	0.163738	0.346338	0.713044	1.09004
chr18-25000000-25100000	0.106022	0.473328	0.6021	1.1535
chr18-14500000-14600000	0.374615	1.35781	1.07358	1.21577
chr18-67200000-67300000	-0.523467	0.590122	0.074008	1.51831
chr18-27400000-27500000	0.37532	0.613748	0.282895	1.23564
chr18-63700000-63800000	-0.222229	0.263427	0.599956	1.08665
chr18-23200000-23300000	0.435332	0.741156	-0.198672	1.76719
chr18-10500000-10600000	-0.239189	1.29038	0.360315	3.05498
chr18-9600000-9700000	-0.163128	1.19398	-0.41792	3.52657
chr18-19900000-20000000	0.241665	1.0214	-0.506442	2.50054
chr18-12300000-12400000	-0.00534	1.48658	-0.10619	4.68474
chr18-70200000-70300000	-0.297875	0.530307	0.387811	1.26599
chr18-52700000-52800000	-0.318553	0.273309	-0.397526	1.65222
chr18-61400000-61500000	-0.155725	0.688776	-0.364797	2.72645
chr18-18500000-18600000	0.478356	0.897351	0.225635	3.34388
chr18-10400000-10500000	-0.408139	1.1108	-0.006935	1.81912
chr18-32800000-32900000	0.476937	0.569375	-0.433356	4.14233
chr18-10100000-10200000	-0.198644	1.38207	0.120977	2.01237
chr18-63000000-63100000	-0.278151	0.515459	0.34756	1.1384
chr18-29100000-29200000	0.031641	0.650861	0.207403	1.28778
chr18-14400000-14500000	0.376773	1.35885	1.07206	0
chr18-12700000-12800000	-0.001443	1.35511	0.159376	3.26727
chr18-58500000-58600000	-0.268967	0.519112	0.193763	1.23456
chr18-45000000-45100000	0.291036	0.150463	0.194868	1.16751
chr18-34600000-34700000	0.465359	0.292847	0.423182	1.40758
chr18-30500000-30600000	0.245429	0.583598	0.182117	1.25372
chr18-27500000-27600000	0.017579	0.613792	0.525017	1.11345
chr18-67100000-67200000	-0.63056	0.355549	0.41466	1.44756
chr18-50500000-50600000	-0.119017	0.172426	0.473934	1.04633
chr18-10800000-10900000	-0.399537	1.16636	0.273783	1.71462
chr18-45800000-45900000	0.011534	0.553788	-0.293276	1.76405
chr18-36300000-36400000	0.404735	0.397629	0.423674	1.13817
chr18-67800000-67900000	-0.776956	0.671448	-0.153227	2.3025
chr18-21700000-21800000	-0.051427	1.07223	-0.371052	2.36443
chr18-10000000-10100000	0.140944	1.19145	-0.048163	2.48095
chr18-65200000-65300000	-0.616379	0.745446	-0.338381	1.40082
chr18-69200000-69300000	-0.367579	0.560764	0.257016	1.19649
chr18-38800000-38900000	0.331528	0.688333	-0.306227	1.4603
chr18-14600000-14700000	0.563556	1.32428	0.755799	1
chr18-54600000-54700000	-0.22471	0.247704	-0.497656	1.74139
chr18-14200000-14300000	0.315834	1.10355	1.02942	1.01827
chr18-10600000-10700000	0.130598	1.46461	0.493747	1.50949
chr18-6000000-6100000	-0.454684	1.05351	0.269185	2.18386
chr18-74000000-74100000	-0.526195	0.302121	-0.14396	2.74756
chr18-14900000-15000000	0.693552	0.932042	0.754914	1.40486
chr18-10900000-11000000	-0.070832	1.36008	0.324767	2.02885
chr18-51100000-51200000	0.204728	0.03691	0.21767	1.19555
chr18-39500000-39600000	0.256076	0.557606	-0.334195	2.61656
chr18-59100000-59200000	-0.002217	0.051322	-0.224321	1.64948
chr18-7300000-7400000	-0.034314	0.906001	0.576351	1.30475
chr18-48600000-48700000	0.352428	0.036937	-0.247353	2.0813
chr18-48100000-48200000	-0.135041	0.392379	0.159519	1.25958
chr18-35000000-35100000	0.144094	0.48788	-0.010318	1.30842
chr18-24600000-24700000	0.045636	0.639173	0.158032	1.25919
chr18-1500000-1600000	-0.040279	1.10368	0.657092	1.11275
chr18-55600000-55700000	-0.261307	0.952175	-0.612018	1.83843
chr18-1100000-1200000	0.101894	0.920351	0.468957	1.11995
chr18-13500000-13600000	-0.152618	0.972644	0.205426	1.40521
chr18-62100000-62200000	-0.317513	0.48641	0.396207	1.15119
chr18-2500000-2600000	-0.373897	1.07219	0.351978	2.96256
chr18-22500000-22600000	-0.056183	0.99324	-0.144441	1.63144
chr18-62500000-62600000	-0.000793	0.042568	0.363396	1.24957
chr18-73100000-73200000	-0.744856	0.403954	0.013688	2.00428
chr18-39400000-39500000	0.209238	0.536488	0.108947	1.35983
chr18-1300000-1400000	-0.035584	1.05176	0.775806	1.09857
chr18-8100000-8200000	-0.528307	1.21231	-0.024119	2.48262
chr18-55800000-55900000	-0.327357	0.789138	-0.716908	3.17282
chr18-13800000-13900000	0.166524	1.01318	0.579654	1.35901
chr18-15300000-15400000	1.079	1.02296	0.534506	1.17585
chr18-11000000-11100000	-0.448244	1.13916	0.3472	1.91883
chr18-55500000-55600000	-0.253419	0.574186	-0.793986	2.23974
chr18-11200000-11300000	0.004038	1.06864	0.010936	1.49191
chr18-77500000-77600000	-0.471031	0.960619	-0.165964	2.17764
chr18-40500000-40600000	0	0	0	1.12032
chr18-28400000-28500000	0.189285	0.638485	0.10731	1.05088
chr18-64800000-64900000	-0.670781	0.519631	0.080232	1.46805
chr18-15000000-15100000	1.08311	1.02541	0.537078	1
chr18-2300000-2400000	-0.327972	1.0048	0.461584	1.37757
chr18-66400000-66500000	-0.695	0.68193	-0.256503	1.40097
chr18-13400000-13500000	0.261475	1.08374	0.22775	1.55279
chr18-62600000-62700000	-0.271959	0.363073	0.514235	1.24337
chr18-20500000-20600000	-0.140562	1.16153	-0.456386	2.40774
chr18-11300000-11400000	0.076234	1.46433	0.158608	2.23301
chr18-57800000-57900000	0.003707	0.155424	-0.316738	1.25445
chr18-39700000-39800000	0.087072	0.511523	0.041053	1.28211
chr18-11400000-11500000	-0.303364	1.3073	0.276712	1.48016
chr18-13300000-13400000	0.071898	0.973777	0.602181	1.89834
chr18-13600000-13700000	0.108579	1.31551	0.28188	1.71805
chr18-31800000-31900000	0.106507	0.578351	0.127545	1.23264
chr18-11500000-11600000	0.112104	1.26771	0.139995	1.42208
chr18-75100000-75200000	-0.395989	0.28351	0.524736	1.31458
chr18-37800000-37900000	0.240183	0.1336	-0.058343	1.20428
chr18-20200000-20300000	-0.1612	1.1869	-0.43204	2.99045
chr18-6100000-6200000	-0.212966	0.831933	0.532551	1.43431
chr18-11600000-11700000	-0.257723	1.38845	0.344811	1.39291
chr18-4300000-4400000	-0.080845	0.642742	0.543962	1.09722
chr18-42200000-42300000	0.202111	0.327347	0.25396	1.78904
chr18-62200000-62300000	-0.425396	0.082046	0.247181	1.20132
chr18-62400000-62500000	-0.357621	0.165904	0.138472	1.17163
chr18-42700000-42800000	0.020167	0.115977	-0.249483	1.27118
chr18-37700000-37800000	0.589828	0.356574	0.041403	1.27724
chr18-13700000-13800000	-0.251511	1.1065	0.438899	2.99051
chr18-26800000-26900000	0.428387	0.832299	-0.261416	1.21585
chr18-19700000-19800000	-0.164223	0.98845	-0.459538	3.05674
chr18-11700000-11800000	-0.017455	1.28412	-0.020043	1.54522
chr18-55300000-55400000	-0.274707	0.56895	-0.801992	2.8933
chr18-51800000-51900000	0.041395	0.559916	-0.273036	3.15976
chr18-4700000-4800000	-0.28382	1.0014	0.60395	1.16079
chr18-26200000-26300000	0.109051	0.947921	0.299722	1.16953
chr18-13000000-13100000	-0.375166	1.25822	-0.307715	2.20204
chr18-11800000-11900000	-0.404783	1.27291	-0.085654	3.29471
chr18-11900000-12000000	-0.011767	1.43987	0.006743	4.75511
chr18-5200000-5300000	-0.271582	0.963444	0.680669	6.91166
chr18-65800000-65900000	-0.729029	0.785373	-0.387733	1.73833
chr18-4000000-4100000	-0.051524	1.08948	0.103162	1.3534
chr18-14800000-14900000	0.694897	0.932707	0.752505	1.10821
chr18-27200000-27300000	0.366962	1.01303	-0.193245	1.43632
chr18-25800000-25900000	0.500047	0.858805	0.353218	1.14438
chr18-1200000-1300000	-0.229915	0.710769	0.620925	1.12985
chr18-32300000-32400000	0.211941	0.575693	-0.310234	1.70522
chr18-12200000-12300000	-0.390979	1.41494	-0.070334	6.0362
chr18-54700000-54800000	0.06878	0.492384	-0.292981	1.24743
chr18-12400000-12500000	-0.222516	1.20176	-0.346573	3.48913
chr18-12500000-12600000	0.127564	1.37552	-0.499154	1.97016
chr18-54400000-54500000	-0.407155	0.569547	-0.346912	1.55918
chr18-27600000-27700000	0.372196	0.868984	0.427007	1.55365
chr18-23600000-23700000	0.259075	1.0474	-0.203877	3.89091
chr18-1600000-1700000	0.268083	0.92815	0.420163	1.10062
chr18-63100000-63200000	-0.305244	0.182615	0.062094	1.19147
chr18-47400000-47500000	0.137604	0.127393	-0.180583	1.63475
chr18-34200000-34300000	0.36888	0.960642	-0.378723	2.98702
chr18-29000000-29100000	0.44755	0.511175	0.178808	1.28127
chr18-74600000-74700000	-0.429187	0.414207	-0.322265	2.55349
chr18-50800000-50900000	-0.033024	0.06823	0.39572	1.12933
chr18-61800000-61900000	-0.173196	0.189366	0.031654	1.16024
chr18-65000000-65100000	-0.721012	0.75974	-0.327116	1.84053
chr18-30100000-30200000	0.190878	0.76833	0.205596	1.19275
chr18-14000000-14100000	0.205117	1.02602	0.630485	1.59768
chr18-54100000-54200000	-0.300994	0.715835	-0.448582	1.43106
chr18-49200000-49300000	0.105087	0.313934	0.159241	1.11651
chr18-32700000-32800000	0.543028	0.549185	0.003011	1.95569
chr18-29800000-29900000	0.439644	0.55109	-0.013356	1.8591
chr18-25700000-25800000	0.264542	1.02281	0.002737	1.8469
chr18-63600000-63700000	-0.135945	0.096944	0.188951	1.11493
chr18-65700000-65800000	-0.377122	0.632634	-0.603983	1.38803
chr18-12600000-12700000	-0.148955	1.51678	-0.207979	3.33649
chr18-7000000-7100000	-0.231926	1.04166	0.291049	2.08711
chr18-12900000-13000000	-0.152746	1.43111	-0.009341	4.25697
chr18-54900000-55000000	-0.006037	0.477623	0.038938	1.16244
chr18-13900000-14000000	-0.146554	0.786439	0.72947	1.21759
chr18-37900000-38000000	0.617425	0.319327	0.05725	1.4561
chr18-49400000-49500000	0.047509	0.055921	0.302648	1.15165
chr18-14100000-14200000	0.315632	1.10072	1.02942	1.45403
chr18-69700000-69800000	-0.399549	0.525361	0.334212	1.17638
chr18-58300000-58400000	-0.041133	0.202503	0.246155	1.29264
chr18-47100000-47200000	0.228094	0.088265	-0.278504	1.68523
chr18-14300000-14400000	0.375829	1.36063	1.07405	1.03564
chr18-49500000-49600000	0.008277	0.460599	0.131344	1.09295
chr18-74700000-74800000	-0.726623	0.187814	-0.121078	2.59048
chr18-45300000-45400000	-0.068658	0.192613	-0.375392	1.42787
chr18-14700000-14800000	0.561134	1.3254	0.754826	1.08333
chr18-51500000-51600000	-0.220256	0.396814	0.039595	1.33275
chr18-22100000-22200000	0.233006	1.08922	0.005974	1.60978
chr18-15100000-15200000	1.08156	1.02432	0.534965	1
chr18-71100000-71200000	-0.718621	0.093292	0.122339	1.70388
chr18-15200000-15300000	1.07938	1.02567	0.533758	1
chr18-600000-700000	-0.205856	1.40305	-0.081312	2.1571
chr18-60200000-60300000	-0.352283	0.651765	-0.313396	1.69108
chr18-57300000-57400000	-0.04633	0.764023	-0.672326	4.10424
chr18-75700000-75800000	-0.627534	0.099382	0.396392	1.13797
chr18-15400000-15500000	1.07642	1.02397	0.533871	1
chr18-6300000-6400000	-0.262459	0.900016	0.474043	1.20452
chr18-16900000-17000000	0.826391	0.927224	0.396539	0
chr18-1700000-1800000	-0.010157	0.821253	0.73579	1.10709
chr18-5400000-5500000	-0.300825	1.25223	0.331994	1.98678
chr18-2000000-2100000	0.007638	0.960972	0.188938	1.28236
chr18-2400000-2500000	0.048313	1.18641	0.342231	1.71829
chr18-1800000-1900000	0.16935	1.00063	0.380119	1.11188
chr18-41700000-41800000	0.363192	0.159678	0.2033	1.17468
chr18-18600000-18700000	0.323292	1.05219	-0.174973	3.39298
chr18-7200000-7300000	-0.131097	1.32545	0.597696	1.84396
chr18-5000000-5100000	-0.227497	0.985889	0.315265	1.19348
chr18-3600000-3700000	-0.57985	1.13882	0.461513	4.29469
chr18-18700000-18800000	0.420865	1.28532	0.153858	1.67492
chr18-9400000-9500000	-0.100674	1.32665	-0.361979	3.75201
chr18-18800000-18900000	0.257967	1.07196	-0.22137	1.62182
chr18-18900000-19000000	0.424256	1.05913	0.156842	1.42316
chr18-1900000-2000000	-0.201251	0.834126	0.538127	1.19442
chr18-42800000-42900000	0.020231	0.547942	-0.303284	2.02995
chr18-19000000-19100000	0.04322	1.01134	-0.057279	1.73
chr18-60700000-60800000	-0.167279	0.376053	-0.028861	1.56926
chr18-57100000-57200000	-0.065987	0.78685	-0.67212	1.98791
chr18-19100000-19200000	0.410244	1.22797	-0.074515	3.629
chr18-44100000-44200000	0.038548	0.479842	0.010828	1.25231
chr18-51200000-51300000	-0.183924	0.185519	0.081395	1.22259
chr18-19200000-19300000	0.49718	1.04023	-0.469675	2.01082
chr18-62700000-62800000	-0.155392	0.360313	0.0859	1.11808
chr18-44800000-44900000	-0.124547	0.049615	0.163532	1.24184
chr18-68600000-68700000	-0.55556	0.368211	0.424477	1.1308
chr18-42500000-42600000	0.169586	0.133142	-0.140619	1.68464
chr18-37300000-37400000	0.547622	0.32013	-0.101935	1.40596
chr18-60100000-60200000	-0.306841	0.218995	-0.362761	3.45999
chr18-68300000-68400000	-0.492817	0.48843	0.362408	1.30932
chr18-22600000-22700000	0.375088	0.992336	-0.116298	1.77776
chr18-19300000-19400000	0.371671	1.34052	-0.198846	2.93019
chr18-53800000-53900000	-0.424961	1.02056	-0.513002	2.50567
chr18-53700000-53800000	-0.298399	0.651099	-0.669672	1.68833
chr18-19400000-19500000	0.320395	1.03458	-0.49976	1.60259
chr18-46400000-46500000	-0.213167	0.465584	-0.713615	6.2962
chr18-39300000-39400000	0.296818	0.155546	-0.08752	1.22791
chr18-19500000-19600000	0.305943	1.30299	-0.155879	1.36046
chr18-700000-800000	-0.304562	1.29428	0.320717	2.29648
chr18-19600000-19700000	0.26868	0.984046	-0.44974	1.34302
chr18-19800000-19900000	0.028894	1.35303	-0.351421	1.88797
chr18-48400000-48500000	-0.324826	0.413594	-0.351419	3.58073
chr18-40400000-40500000	0.008779	0.171948	0.403487	1.07806
chr18-40200000-40300000	-0.059331	0.508162	0.18062	1.02918
chr18-400000-500000	-0.474656	1.10879	0.026335	1.80788
chr18-48200000-48300000	0.184798	0.250723	-0.105267	1.31066
chr18-44000000-44100000	0.340361	0.170133	-0.004287	1.26107
chr18-200000-300000	-0.496237	1.0891	0.032263	3.59718
chr18-20100000-20200000	0.20488	1.04736	-0.611092	2.55307
chr18-46100000-46200000	0.291038	0.514312	-0.658405	5.27957
chr18-20300000-20400000	0.120599	1.06386	-0.732722	1.68568
chr18-75300000-75400000	-0.29004	0.179228	0.035552	1.29308
chr18-37400000-37500000	0.259977	0.136551	0.191574	1.53026
chr18-20400000-20500000	0.201223	1.37891	-0.483638	2.04539
chr18-31000000-31100000	0.165613	0.467824	0.330185	1.30995
chr18-71500000-71600000	-0.466153	0.449894	-0.339376	2.02984
chr18-28800000-28900000	-0.134273	0.866308	0.30485	1.23607
chr18-20600000-20700000	0.287697	1.11406	-0.585403	2.81462
chr18-51400000-51500000	0.035954	0.14477	0.30032	1.21448
chr18-31600000-31700000	0.167476	0.34196	0.173703	1.37454
chr18-26000000-26100000	0.120322	0.680249	0.559194	1.18531
chr18-64500000-64600000	-0.418976	0.091858	0.184668	1.21971
chr18-71700000-71800000	-0.583344	-0.039261	-0.093651	2.54244
chr18-73700000-73800000	-0.525593	0.228442	0.390155	1.1828
chr18-20700000-20800000	-0.096947	1.16011	-0.476924	3.12357
chr18-53600000-53700000	0.122458	0.623456	-0.770593	1.30169
chr18-500000-600000	-0.43226	1.19976	-0.383806	1.60507
chr18-28600000-28700000	0.312215	0.725152	0.291834	1.13591
chr18-20800000-20900000	0.138843	0.938035	-0.723478	3.79812
chr18-25900000-26000000	0.429088	0.426842	0.376496	1.16723
chr18-20900000-21000000	0.188823	1.29464	-0.465353	2.40049
chr18-2100000-2200000	-0.321083	1.00873	0.46079	1.48084
chr18-43200000-43300000	0.244752	0.288453	-0.603333	2.21556
chr18-72000000-72100000	-0.740273	0.324355	0.067452	1.4145
chr18-9200000-9300000	-0.089755	1.43183	-0.465417	1.82714
chr18-38600000-38700000	0.48836	0.646503	-0.367274	1.67194
chr18-3000000-3100000	-0.084491	1.34284	0.144166	2.81659
chr18-21000000-21100000	0.163134	0.926183	-0.677527	3.81993
chr18-29300000-29400000	0.261127	0.861059	0.289803	1.24545
chr18-21100000-21200000	0.019368	1.20155	-0.412213	2.57462
chr18-58000000-58100000	-0.474715	0.594938	0.007237	1.28387
chr18-52200000-52300000	-0.186556	-0.184226	-0.122198	1.22821
chr18-43800000-43900000	0.360942	0.153333	-0.36077	2.21242
chr18-4200000-4300000	0.177291	0.970599	0.572921	1.20713
chr18-36700000-36800000	0.328415	0.109185	-0.136896	1.19834
chr18-29400000-29500000	0.548468	0.711275	-0.012868	1.91351
chr18-21200000-21300000	0.414195	1.03775	-0.36933	2.25308
chr18-69400000-69500000	-0.530274	0.540472	0.448126	1.10198
chr18-41200000-41300000	0.151298	0.013729	-0.018005	1.29894
chr18-36800000-36900000	0.3563	0.292826	0.269058	1.29991
chr18-25100000-25200000	-0.025792	0.829071	0.385339	1.12606
chr18-21300000-21400000	0.028128	1.18187	-0.37978	1.62181
chr18-69600000-69700000	-0.378122	0.172601	0.066259	1.1916
chr18-4600000-4700000	0.099131	0.797763	0.58853	1.13935
chr18-21400000-21500000	-0.34258	1.1437	-0.567243	2.8198
chr18-38500000-38600000	0.48586	0.230046	-0.270219	1.38633
chr18-21500000-21600000	-0.03342	1.10812	-0.303861	2.80884
chr18-61700000-61800000	-0.332535	0.601994	0.107139	1.25119
chr18-27300000-27400000	0.14035	0.962142	0.170399	1.44303
chr18-61100000-61200000	-0.401001	0.276849	-0.302042	1.80293
chr18-29600000-29700000	0.612545	0.62777	0.023056	2.68647
chr18-21600000-21700000	0.366153	1.02193	-0.34504	2.10444
chr18-76300000-76400000	-0.400843	0.48665	0.279143	1.41619
chr18-49900000-50000000	-0.12079	0.11022	0.384007	1.11966
chr18-21800000-21900000	0.227156	0.911477	-0.640899	2.50722
chr18-23500000-23600000	0.043134	1.01702	0.165182	1.45209
chr18-72800000-72900000	-0.558712	0.756856	-0.012973	1.92035
chr18-8200000-8300000	-0.609988	1.0358	0.345936	1.78592
chr18-21900000-22000000	0.407097	1.16902	-0.391661	2.13911
chr18-45700000-45800000	0.156648	0.149723	-0.238581	1.23471
chr18-2200000-2300000	0.096969	0.990311	0.522621	1.41581
chr18-46600000-46700000	-0.109555	0.733241	-0.550203	1.6082
chr18-22000000-22100000	0.015029	1.0171	-0.374059	3.3644
chr18-73600000-73700000	-0.330874	0.174238	0.013702	1.28945
chr18-35200000-35300000	0.039064	0.451282	0.546967	1.17064
chr18-22200000-22300000	0.59761	0.864771	0.110144	2.52441
chr18-26100000-26200000	0.444023	0.680822	0.260685	1.24239
chr18-22300000-22400000	0.349271	0.758183	-0.233693	3.03462
chr18-53400000-53500000	0.015591	0.41929	-0.826341	2.23037
chr18-35700000-35800000	0.17041	0.560986	0.104492	1.06282
chr18-22400000-22500000	0.3209	1.09458	0.039751	2.30027
chr18-22700000-22800000	-0.028849	1.00773	-0.265959	1.72495
chr18-28500000-28600000	-0.083622	0.62947	0.457452	1.22866
chr18-22800000-22900000	0.164621	0.935876	-0.641176	2.18433
chr18-22900000-23000000	0.45893	0.878315	-0.358897	3.43991
chr18-41800000-41900000	-0.010743	0.101494	0.416087	1.17768
chr18-23000000-23100000	0.548022	0.837013	0.05906	2.43805
chr18-23100000-23200000	0.154255	1.00032	-0.004413	1.38427
chr18-8600000-8700000	-0.068346	1.36042	-0.277372	3.04017
chr18-41000000-41100000	0.115152	0.065643	-0.030635	1.17578
chr18-23300000-23400000	0.218103	1.10351	-0.226631	1.69274
chr18-70500000-70600000	-0.432429	0.023968	0.034957	1.28799
chr18-8400000-8500000	0.140251	1.20543	0.10173	2.01503
chr18-49800000-49900000	-0.100411	0.027414	-0.056826	1.16644
chr18-23400000-23500000	0.464416	0.918667	0.088611	1.6747
chr18-8000000-8100000	-0.177865	1.25242	-0.250665	1.64032
chr18-43000000-43100000	0.120576	0.508059	0.13834	1.20781
chr18-65100000-65200000	-0.672433	0.37176	-0.5479	2.48998
chr18-65400000-65500000	-0.791872	0.689345	-0.404438	1.71487
chr18-7800000-7900000	-0.073807	1.26106	-0.066514	1.72897
chr18-50100000-50200000	-0.132046	-0.063066	-0.085369	1.1557
chr18-49000000-49100000	0.002937	-0.075742	0.256356	1.31112
chr18-29200000-29300000	0.280659	0.492161	0.535041	1.38225
chr18-23700000-23800000	0.327642	0.692568	0.06849	1.26653
chr18-63300000-63400000	-0.463771	0.555226	0.335098	1.18384
chr18-47600000-47700000	0.191274	0.272376	-0.184755	1.48742
chr18-25600000-25700000	-0.044433	1.00918	-0.283909	1.97614
chr18-23800000-23900000	0.50334	0.599663	0.457462	2.02009
chr18-7400000-7500000	-0.376098	1.07836	0.385002	1.29147
chr18-45400000-45500000	0.334748	0.362318	-0.353179	3.22362
chr18-65500000-65600000	-0.454132	0.648654	-0.655593	1.61076
chr18-23900000-24000000	0.397632	0.76635	0.068743	1.27658
chr18-57500000-57600000	-0.419075	0.523578	-0.570438	3.29097
chr18-48000000-48100000	0.061868	0.002928	0.22019	1.1631
chr18-44500000-44600000	0.448536	0.513678	-0.198658	1.45508
chr18-68200000-68300000	-0.308862	0.150195	0.125891	1.15178
chr18-4500000-4600000	-0.036913	0.962857	0.214603	1.24812
chr18-24800000-24900000	-0.01148	0.616173	0.54198	1.18033
chr18-24000000-24100000	0.017353	0.994107	0.112559	2.31496
chr18-73500000-73600000	-0.397241	0.558115	0.196746	1.37047
chr18-53300000-53400000	-0.365696	0.60558	-0.752643	1.47115
chr18-35300000-35400000	0.118449	0.481148	0.126707	1.24636
chr18-24100000-24200000	0.379243	0.824751	-0.07988	2.44943
chr18-59400000-59500000	-0.284146	0.531663	-0.553419	1.83056
chr18-77200000-77300000	-0.779053	0.582549	-0.056325	2.19224
chr18-55000000-55100000	-0.332868	0.406598	-0.234408	1.17503
chr18-77300000-77400000	-0.492577	0.419441	-0.313934	2.7141
chr18-24300000-24400000	-0.007122	0.607252	0.547687	1.1478
chr18-73300000-73400000	-0.5798	0.559689	0.133134	1.5519
chr18-24400000-24500000	0.16727	0.7316	0.162736	1.17852
chr18-68800000-68900000	-0.526564	0.344078	0.4547	1.11064
chr18-75800000-75900000	-0.329321	0.149128	0.083901	1.22851
chr18-24500000-24600000	0.252601	0.512166	0.523699	1.22807
chr18-37600000-37700000	0.175698	0.182068	0.073652	1.23728
chr18-24700000-24800000	0.388076	0.562106	0.415288	1.21437
chr18-24900000-25000000	0.296686	0.614352	0.233193	1.19788
chr18-56600000-56700000	0.018747	0.870915	-0.605297	3.01548
chr18-25200000-25300000	0.304196	0.617988	0.175681	1.20045
chr18-25400000-25500000	0.376849	0.962984	0.185259	1.32677
chr18-25300000-25400000	-0.010698	0.874528	0.350489	1.14391
chr18-58800000-58900000	-0.276757	0.498354	0.172822	1.25308
chr18-36000000-36100000	0.315343	0.144268	0.165351	1.137
chr18-34100000-34200000	0.505207	0.546073	-0.393647	2.41577
chr18-25500000-25600000	0.367475	0.904913	-0.234919	1.42342
chr18-50700000-50800000	-0.195706	0.469895	0.503479	1.05917
chr18-2600000-2700000	-0.403783	1.23209	-0.052209	3.03063
chr18-3500000-3600000	-0.285709	1.40683	0.347685	3.29503
chr18-33000000-33100000	0.186467	0.534816	-0.323649	3.30353
chr18-26300000-26400000	0.257271	0.602219	0.087819	1.34654
chr18-31500000-31600000	-0.045787	0.545592	0.481618	1.20359
chr18-42600000-42700000	0.095174	0.538128	-0.273344	1.17442
chr18-26400000-26500000	0.526972	0.927033	-0.002434	1.35856
chr18-44200000-44300000	-0.265763	0.228237	-0.180865	1.71723
chr18-26500000-26600000	0.093782	1.008	-0.007014	1.27837
chr18-31300000-31400000	0.201375	0.419385	0.511399	1.24723
chr18-28300000-28400000	0.214103	0.554203	0.535722	1.07205
chr18-26600000-26700000	0.412897	0.821857	-0.24012	1.28894
chr18-26700000-26800000	0.073739	1.09436	-0.230202	2.07451
chr18-66100000-66200000	-0.771348	0.841295	0.016803	2.0123
chr18-26900000-27000000	0.536741	1.00004	0.125153	1.35739
chr18-46800000-46900000	0.313641	0.352015	-0.6288	1.67558
chr18-2700000-2800000	-0.022012	1.36361	-0.150634	1.90319
chr18-50000000-50100000	-0.250179	0.340585	0.039171	1.1721
chr18-38100000-38200000	0.078349	0.604828	-0.353912	1.54249
chr18-27000000-27100000	0.52359	0.924276	-0.310483	1.228
chr18-69000000-69100000	-0.505412	0.444771	0.37564	1.17355
chr18-47800000-47900000	0.009863	-0.157965	-0.078471	7.0128
chr18-36400000-36500000	-0.011891	0.516412	0.500939	1.19389
chr18-27100000-27200000	0.640728	0.873153	0.110281	1.30953
chr18-34500000-34600000	0.559789	0.438328	0.018497	1.49079
chr18-27700000-27800000	0.403125	0.435685	0.36838	1.2525
chr18-27900000-28000000	-0.040473	0.67821	0.513513	1.20333
chr18-2800000-2900000	-0.332524	1.24405	-0.415732	2.00879
chr18-40000000-40100000	0.270684	0.124716	0.233982	1.08267
chr18-28000000-28100000	0.143803	0.725457	0.125161	1.36687
chr18-31400000-31500000	0.183055	0.597944	0.119098	1.08879
chr18-46500000-46600000	0.211675	0.452916	-0.589202	4.90131
chr18-60500000-60600000	-0.291187	0.294904	-0.655546	1.91419
chr18-28100000-28200000	0.216033	0.674636	0.554773	1.1464
chr18-28700000-28800000	0.009221	0.561515	0.565492	1.23496
chr18-64100000-64200000	-0.022217	0.310861	0.440402	1.21057
chr18-6700000-6800000	-0.083077	1.35454	0.427181	2.25755
chr18-28900000-29000000	0.092566	0.510752	0.457046	1.20833
chr18-2900000-3000000	-0.430972	1.22201	-0.002778	2.94883
chr18-29500000-29600000	0.49105	0.685645	0.429698	3.3444
chr18-69100000-69200000	-0.293646	0.130847	0.161874	1.1095
chr18-54800000-54900000	-0.097806	0.113744	-0.168118	1.24165
chr18-29700000-29800000	0.379236	0.677259	0.40194	1.30464
chr18-29900000-30000000	0.509491	0.893181	0.256627	1.68719
chr18-57200000-57300000	-0.468838	0.717637	-0.523634	1.88173
chr18-6500000-6600000	-0.088294	1.29505	0.519852	1.34957
chr18-300000-400000	-0.209154	1.07921	-0.283	1.47038
chr18-43500000-43600000	0.438428	0.540454	-0.606102	3.56096
chr18-30000000-30100000	0.505425	0.556323	-0.010437	1.75259
chr18-30200000-30300000	-0.041315	0.545978	0.511817	1.18218
chr18-43300000-43400000	-0.071898	0.529021	-0.816442	5.32006
chr18-41500000-41600000	-0.241165	0.476163	0.148258	1.20464
chr18-30300000-30400000	0.126794	0.598258	0.117123	1.16578
chr18-52800000-52900000	-0.060574	0.616492	-0.378261	1.68165
chr18-30400000-30500000	-0.022897	0.502134	0.519353	1.15715
chr18-5600000-5700000	0.14397	1.05713	0.513027	1.23343
chr18-45600000-45700000	0.177454	0.100924	0.201639	1.67404
chr18-30600000-30700000	0.029531	0.543166	0.558341	1.25598
chr18-32100000-32200000	0.357298	0.702422	0.109826	1.57098
chr18-30700000-30800000	0.257647	0.385603	0.209556	1.20464
chr18-56400000-56500000	0.055615	0.858196	-0.767142	2.73207
chr18-30800000-30900000	0.07584	0.499258	0.600629	1.21828
chr18-6600000-6700000	-0.41402	1.07354	0.46928	1.54554
chr18-76600000-76700000	-0.282519	0.168098	0.133538	1.20474
chr18-30900000-31000000	-0.247113	0.63799	0.319253	1.06844
chr18-5700000-5800000	-0.089567	0.956421	0.166089	1.2633
chr18-3100000-3200000	-0.479969	1.2536	0.150962	1.53568
chr18-9300000-9400000	-0.522547	1.39346	-0.353876	2.89031
chr18-37500000-37600000	0.57489	0.321079	-0.061409	1.49277
chr18-31100000-31200000	0.28557	0.711646	-0.018143	1.47418
chr18-57700000-57800000	-0.368738	0.354587	-0.299275	1.51606
chr18-31200000-31300000	-0.053156	0.530103	0.169276	1.13835
chr18-31700000-31800000	0.412801	0.594551	0.436952	1.17685
chr18-8700000-8800000	-0.383182	1.3604	0.009459	5.98031
chr18-31900000-32000000	0.323046	0.210458	0.196831	1.28962
chr18-50300000-50400000	-0.018701	-0.067728	0.04857	1.22753
chr18-3200000-3300000	-0.100372	1.40013	0.025827	5.14132
chr18-9000000-9100000	-0.28608	1.42693	-0.394687	3.27599
chr18-32000000-32100000	0.236538	0.522505	0.489593	1.65957
chr18-59900000-60000000	-0.388629	0.338981	-0.412059	1.59653
chr18-61300000-61400000	-0.432322	0.347771	-0.352545	1.66955
chr18-32200000-32300000	0.563703	0.399466	-0.148978	1.60484
chr18-6400000-6500000	0.162528	0.945434	0.465121	1.22869
chr18-72500000-72600000	-0.866986	0.483438	-0.066162	2.771
chr18-4800000-4900000	0.129302	0.950837	0.572824	1.11258
chr18-65300000-65400000	-0.827771	0.834181	0.014373	1.64519
chr18-74500000-74600000	-0.813895	0.539743	-0.392643	3.8153
chr18-32400000-32500000	0.431446	0.724055	0.056711	1.5524
chr18-63200000-63300000	-0.148075	0.279049	0.466498	1.13702
chr18-32500000-32600000	0.355185	0.59261	-0.339544	2.22509
chr18-52000000-52100000	-0.111723	-0.218227	-0.117983	1.09705
chr18-41300000-41400000	0.48703	0.303742	-0.028968	1.14178
chr18-47700000-47800000	-0.180462	0.220672	0.041543	3.05067
chr18-32600000-32700000	0.343729	0.926971	-0.07639	2.62168
chr18-32900000-33000000	0.402066	0.895177	-0.208177	3.09221
chr18-5300000-5400000	0.074269	1.18221	0.550849	1.22016
chr18-9100000-9200000	-0.038673	1.4215	-0.048159	3.55695
chr18-3300000-3400000	-0.349308	1.24026	-0.29139	1.59784
chr18-59500000-59600000	-0.445735	0.817643	-0.285899	2.86251
chr18-75400000-75500000	-0.375571	0.612929	0.013839	1.1775
chr18-800000-900000	0.068921	1.36196	0.145828	3.21908
chr18-57000000-57100000	-0.438392	0.562813	-0.62167	2.82268
chr18-33200000-33300000	0.555063	0.54454	0.050685	1.81848
chr18-33300000-33400000	0.473261	0.492046	-0.38235	1.55506
chr18-4100000-4200000	-0.248229	0.958617	0.474409	1.20305
chr18-3700000-3800000	-0.435921	1.08164	0.051898	1.58402
chr18-33400000-33500000	0.524591	0.339256	0.020093	1.42606
chr18-64400000-64500000	-0.150259	0.294673	0.480531	1.10491
chr18-33500000-33600000	0.414705	0.744752	-0.107199	2.89444
chr18-59200000-59300000	-0.329098	0.271463	-0.450782	3.02602
chr18-68000000-68100000	-0.551802	0.760768	-0.310523	2.78404
chr18-33600000-33700000	0.42077	0.68685	-0.545204	2.19209
chr18-33700000-33800000	0.761165	0.540745	-0.322275	3.93213
chr18-33900000-34000000	0.065337	0.923048	-0.522376	1.95833
chr18-58100000-58200000	-0.26298	0.385514	-0.291511	1.24705
chr18-3800000-3900000	-0.127135	1.2939	0.243383	1.40496
chr18-3400000-3500000	-0.520642	1.24623	0.051685	4.07238
chr18-49300000-49400000	-0.19765	0.382326	0.459855	1.1295
chr18-34000000-34100000	0.321358	0.880121	-0.192847	2.19829
chr18-36100000-36200000	0.220143	0.517476	0.373861	1.0706
chr18-74400000-74500000	-0.717567	0.322053	-0.014514	1.66453
chr18-38400000-38500000	0.491591	0.658831	-0.254321	1.85514
chr18-6800000-6900000	-0.284963	1.13659	0.70532	1.54009
chr18-34300000-34400000	0.458598	0.7348	-0.040299	3.51567
chr18-36600000-36700000	0.32973	0.152989	0.311108	1.1093
chr18-34800000-34900000	0.138846	0.395642	-0.19611	1.42425
chr18-34400000-34500000	0.430293	0.47394	-0.394664	3.65743
chr18-43100000-43200000	0.016046	0.49565	-0.297737	1.61288
chr18-34700000-34800000	0.51152	0.490693	0.040245	1.23953
chr18-70400000-70500000	-0.735107	0.34283	0.078811	1.31346
chr18-70800000-70900000	-0.590605	0.367058	-0.097035	1.29971
chr18-34900000-35000000	0.528226	0.275612	-0.029105	1.91057
chr18-40100000-40200000	0.054261	0.330103	0.568509	1.14218
chr18-73800000-73900000	-0.305385	0.271613	0.029036	1.29539
chr18-35100000-35200000	0.398711	0.340273	0.312929	1.33
chr18-68400000-68500000	-0.248045	0.140163	0.500652	1.17538
chr18-35500000-35600000	0.331717	0.518994	0.20459	1.15584
chr18-35400000-35500000	0.189439	0.174414	0.439008	1.13241
chr18-75000000-75100000	-0.401043	0.528478	0.16048	1.47082
chr18-35600000-35700000	0.012858	0.403544	0.477358	1.26777
chr18-53100000-53200000	0.165091	0.55914	-0.750759	2.2688
chr18-35800000-35900000	0.242104	0.24955	0.405604	1.13656
chr18-9700000-9800000	-0.204541	1.51519	-0.159689	2.97444
chr18-35900000-36000000	0.060822	0.502835	0.088287	1.1262
chr18-56000000-56100000	-0.328539	0.709816	-0.716043	2.64078
chr18-50200000-50300000	-0.185892	0.34693	0.07217	1.12589
chr18-36200000-36300000	0.14541	0.102992	0.252325	1.12175
chr18-36900000-37000000	0.497223	0.664539	0.092792	1.25407
chr18-53200000-53300000	-0.127566	0.292526	-0.575422	2.75259
chr18-37000000-37100000	0.537094	0.231322	0.113297	1.44513
chr18-62300000-62400000	-0.23063	0.33977	0.5294	1.21696
chr18-64600000-64700000	-0.124167	0.37939	0.044146	1.13473
chr18-48800000-48900000	0.266324	0.116441	0.124781	1.19439
chr18-37100000-37200000	0.332422	0.313771	-0.239787	1.43946
chr18-64200000-64300000	-0.453287	0.229693	0.40152	1.16163
chr18-37200000-37300000	0.413938	0.721547	-0.082198	1.44311
chr18-38200000-38300000	0.424577	0.777877	-0.178665	1.28611
chr18-38700000-38800000	0.24401	0.295306	-0.414942	1.44731
chr18-38900000-39000000	0.567681	0.371645	-0.12958	1.6108
chr18-3900000-4000000	-0.428525	1.04013	0.33478	1.804
chr18-55400000-55500000	-0.40298	0.90912	-0.620677	3.76171
chr18-39200000-39300000	0.135483	0.534384	0.044838	1.21434
chr18-39600000-39700000	0.348622	0.184194	-0.103782	1.70098
chr18-40700000-40800000	0.22498	0.173236	0.313738	1.27731
chr18-39800000-39900000	0.08746	0.146935	0.293684	1.23703
chr18-66700000-66800000	-0.513272	0.115775	0.230439	1.22242
chr18-5500000-5600000	-0.037851	1.02288	0.104633	2.27072
chr18-40800000-40900000	-0.066104	0.386717	0.560527	1.25532
chr18-7700000-7800000	-0.465484	1.10295	0.010273	1.95995
chr18-4900000-5000000	-0.249705	0.786689	0.693046	1.2407
chr18-40900000-41000000	0.047924	0.476208	0.130327	1.10568
chr18-41100000-41200000	0.116254	0.218152	0.380627	1.34517
chr18-43600000-43700000	0.115703	0.288913	-0.713628	4.60075
chr18-65600000-65700000	-0.606135	0.896187	-0.360898	1.58501
chr18-43400000-43500000	0.09976	0.722466	-0.470273	4.55794
chr18-41400000-41500000	0.088562	0.428253	-0.142086	1.11098
chr18-41600000-41700000	0.196962	0.541855	0.101335	1.15769
chr18-67300000-67400000	-0.487748	0.586106	-0.360131	1.32401
chr18-41900000-42000000	0.399522	0.210042	0.500578	1.09542
chr18-42000000-42100000	0.056357	0.094514	0.270844	1.07485
chr18-71200000-71300000	-0.665406	0.359246	-0.214533	1.5991
chr18-42100000-42200000	0.170912	0.129496	-0.146119	1.31527
chr18-42300000-42400000	0.176152	0.132729	-0.12873	1.63197
chr18-42400000-42500000	0.119736	0.498902	0.091793	1.45164
chr18-42900000-43000000	0.244849	0.200836	-0.14766	1.17494
chr18-43700000-43800000	0.032605	-0.082074	-0.459141	3.30429
chr18-43900000-44000000	0.101621	0.471898	-0.195985	1.43582
chr18-56700000-56800000	-0.394874	0.737522	-0.593293	1.80442
chr18-4400000-4500000	-0.353715	0.976451	0.521549	1.14637
chr18-44300000-44400000	0.020931	-0.100496	-0.20265	1.59571
chr18-77000000-77100000	-0.399203	0.408263	-0.320428	2.05441
chr18-44400000-44500000	0.37003	0.102612	-0.371477	2.53693
chr18-44600000-44700000	0.263879	0.114614	-0.166268	3.42115
chr18-44700000-44800000	0.062962	0.432852	0.045358	2.63959
chr18-44900000-45000000	0.011525	0.299867	0.491619	1.2351
chr18-49700000-49800000	0.104698	0.12054	0.319897	1.10134
chr18-45100000-45200000	-0.017286	0.191741	0.48591	1.19673
chr18-72100000-72200000	-0.437035	0.323965	-0.22334	3.0792
chr18-58400000-58500000	-0.46511	0.116211	0.20591	1.27449
chr18-52600000-52700000	0.102961	0.395454	-0.407004	2.82464
chr18-49600000-49700000	-0.099367	0.072066	-0.0602	1.08934
chr18-63400000-63500000	-0.167109	0.354859	0.598334	1.10556
chr18-63800000-63900000	-0.185071	-0.05333	0.299259	1.16161
chr18-45200000-45300000	0.013376	0.28044	0.059977	1.39532
chr18-56800000-56900000	-0.024318	0.623175	-0.41523	2.01546
chr18-50600000-50700000	0.083243	0.411191	0.159514	1.14213
chr18-45500000-45600000	-0.020007	0.366973	-0.084663	1.5148
chr18-72600000-72700000	-0.55145	0.786896	-0.10488	2.22667
chr18-45900000-46000000	0.184137	0.157092	-0.238647	1.85804
chr18-46000000-46100000	-0.049462	0.289117	-0.603948	5.43244
chr18-51700000-51800000	-0.285968	0.319128	-0.441341	3.93734
chr18-46200000-46300000	-0.072392	0.276612	-0.576327	5.06753
chr18-66000000-66100000	-0.750853	0.750099	-0.405046	2.01578
chr18-51300000-51400000	-0.230236	0.475073	0.410648	1.20513
chr18-46300000-46400000	0.017092	0.669754	-0.444464	5.46922
chr18-46700000-46800000	-0.111345	0.314942	-0.647806	1.82235
chr18-46900000-47000000	-0.017784	0.08976	-0.57956	2.75864
chr18-54000000-54100000	-0.401335	0.356593	-0.644866	1.51845
chr18-47000000-47100000	0.132627	0.480733	-0.438679	3.13133
chr18-74200000-74300000	-0.691599	0.66455	-0.432587	3.99027
chr18-47200000-47300000	-0.026554	0.234235	-0.578648	2.62784
chr18-72700000-72800000	-0.734298	0.430211	-0.238556	2.79192
chr18-47300000-47400000	0.15927	0.552435	-0.342489	3.36757
chr18-47500000-47600000	0.116405	0.235255	0.244224	1.60909
chr18-47900000-48000000	-0.267238	0.181169	-0.010285	1.85301
chr18-48300000-48400000	-0.153805	0.016797	-0.289007	1.46744
chr18-9500000-9600000	-0.489057	1.28591	-0.180473	3.51802
chr18-48500000-48600000	-0.068987	0.082336	-0.386622	2.97589
chr18-48700000-48800000	-0.06805	-0.006939	-0.141433	4.0418
chr18-60000000-60100000	-0.007641	0.527624	-0.293833	1.52991
chr18-48900000-49000000	-0.089373	0.345808	0.194778	1.21303
chr18-49100000-49200000	-0.304101	0.175349	0.077402	1.17476
chr18-50400000-50500000	0.271704	0.1788	0.273732	1.12223
chr18-67000000-67100000	-0.678248	0.537242	0.0215	1.59432
chr18-9900000-10000000	-0.132046	1.38664	-0.312279	3.20438
chr18-50900000-51000000	-0.110455	0.412716	0.125921	1.19097
chr18-5100000-5200000	0.146974	1.01769	0.536943	1.12176
chr18-51000000-51100000	-0.120971	0.174033	0.495126	1.14518
chr18-66200000-66300000	-0.425918	0.788787	-0.239243	1.77004
chr18-51600000-51700000	-0.029066	0.056464	-0.177597	1.72741
chr18-51900000-52000000	0.12423	0.118514	-0.246503	1.25064
chr18-52100000-52200000	-0.281348	-0.584989	-0.159152	0
chr18-52300000-52400000	-0.078946	0.087758	-0.448451	1.43396
chr18-52500000-52600000	-0.251899	0.643576	-0.393571	1.86611
chr18-52900000-53000000	0.062116	0.376426	-0.733844	1.92897
chr18-57400000-57500000	-0.072267	0.356506	-0.790575	2.76224
chr18-53000000-53100000	-0.223593	0.708294	-0.655953	1.95588
chr18-53500000-53600000	-0.285196	0.696585	-0.695754	1.63001
chr18-53900000-54000000	-0.167395	0.739296	-0.670511	1.47703
chr18-5800000-5900000	-0.330221	1.10703	0.493175	1.95772
chr18-54200000-54300000	0.069114	0.700387	-0.681838	1.72644
chr18-54500000-54600000	0.013048	0.567669	-0.373201	1.57611
chr18-67400000-67500000	-0.687041	0.504699	0.017845	1.74687
chr18-55200000-55300000	0.074813	0.314141	-0.67994	3.9526
chr18-55700000-55800000	-0.580322	0.768164	-0.387413	2.13359
chr18-55900000-56000000	0.092433	0.730859	-0.775488	2.28904
chr18-56100000-56200000	0.102259	0.760818	-0.65781	2.55601
chr18-56200000-56300000	-0.301818	0.898919	-0.668303	2.90002
chr18-76800000-76900000	-0.76178	0.691088	0.205662	2.95224
chr18-56300000-56400000	-0.21532	0.537238	-0.836584	2.57594
chr18-70600000-70700000	-0.372898	0.449386	0.019187	1.24382
chr18-56900000-57000000	-0.122751	0.293524	-0.677675	1.44871
chr18-57600000-57700000	-0.091293	0.245362	-0.626138	1.82823
chr18-77100000-77200000	-0.592745	0.799325	-0.348763	2.19888
chr18-57900000-58000000	-0.410249	0.266785	-0.278077	1.39559
chr18-58700000-58800000	-0.270921	0.094193	0.339522	1.11195
chr18-58900000-59000000	-0.203511	0.251379	-0.176099	1.35259
chr18-5900000-6000000	-0.038096	1.08168	0.156787	1.4927
chr18-59000000-59100000	-0.18451	-0.060954	0.149405	1.57863
chr18-59300000-59400000	0.048395	0.275136	-0.670233	1.99076
chr18-68500000-68600000	-0.468936	0.038495	0.138551	1.11129
chr18-59600000-59700000	-0.193637	0.717373	-0.614063	3.41927
chr18-59700000-59800000	-0.440048	0.380783	-0.531943	1.50758
chr18-59800000-59900000	-0.490512	0.722547	-0.242622	3.83095
chr18-60300000-60400000	-0.300135	0.262403	-0.504083	2.11939
chr18-71600000-71700000	-0.74579	0.351823	-0.021199	2.84918
chr18-60400000-60500000	-0.542509	0.62437	-0.53661	2.03314
chr18-60600000-60700000	-0.517971	0.290321	-0.284157	1.5374
chr18-66300000-66400000	-0.424888	0.330598	-0.302811	3.1086
chr18-60800000-60900000	-0.36156	0.732255	-0.202467	1.50306
chr18-60900000-61000000	-0.346686	0.316152	-0.28282	1.94757
chr18-61000000-61100000	-0.232067	0.443334	-0.690437	3.93598
chr18-61200000-61300000	-0.662665	0.38225	0.024236	1.44321
chr18-61500000-61600000	-0.533039	0.701971	-0.133975	2.46446
chr18-61600000-61700000	-0.381173	0.309376	-0.240176	3.72202
chr18-61900000-62000000	-0.286414	0.551237	0.280854	1.23754
chr18-6200000-6300000	0.136925	1.06314	0.437836	1.53365
chr18-62000000-62100000	-0.097737	0.172957	0.171282	1.06217
chr18-75200000-75300000	-0.488307	0.544471	0.194989	1.21367
chr18-62800000-62900000	-0.177843	0.153077	0.476548	1.14997
chr18-62900000-63000000	-0.335975	0.1703	0.065045	1.28456
chr18-63500000-63600000	-0.391346	0.453532	0.236766	1.10234
chr18-72300000-72400000	-0.830176	0.524704	-0.416485	2.20765
chr18-63900000-64000000	-0.227972	0.289175	0.017722	1.06698
chr18-64000000-64100000	-0.415368	0.515942	0.350893	1.17021
chr18-64300000-64400000	-0.155898	-0.00815	0.171272	1.15533
chr18-64700000-64800000	-0.478421	0.113694	0.069362	1.30349
chr18-64900000-65000000	-0.624321	0.35197	-0.343848	1.72314
chr18-65900000-66000000	-0.389288	0.793158	-0.650453	1.52196
chr18-66600000-66700000	-0.660884	0.311748	-0.143828	1.30773
chr18-66800000-66900000	-0.53211	0.549164	0.175462	1.25327
chr18-66900000-67000000	-0.520165	0.133704	0.038105	1.26665
chr18-67500000-67600000	-0.544216	0.775623	-0.263638	1.88026
chr18-67600000-67700000	-0.847558	0.46167	-0.251784	2.07254
chr18-67700000-67800000	-0.865193	0.408411	0.179366	2.08135
chr18-67900000-68000000	-0.671638	0.395657	-0.485102	3.36467
chr18-68100000-68200000	-0.636331	0.356651	-0.108111	1.73886
chr18-77600000-77700000	-0.443108	0.803163	-0.547804	2.6849
chr18-68700000-68800000	-0.373548	0.207	0.068954	1.23904
chr18-68900000-69000000	-0.182785	0.18193	0.220233	1.0895
chr18-6900000-7000000	-0.638421	1.04971	0.452586	1.8053
chr18-69300000-69400000	-0.447239	0.134211	0.303903	1.15389
chr18-69500000-69600000	-0.272433	0.193986	0.491708	1.21097
chr18-69800000-69900000	-0.39379	0.080394	0.290544	1.24581
chr18-69900000-70000000	-0.479742	0.496916	0.195057	1.16508
chr18-70000000-70100000	-0.340903	0.160958	-0.053303	1.13094
chr18-70100000-70200000	-0.570788	0.183732	0.32134	1.25235
chr18-76700000-76800000	-0.440359	0.45408	0.416456	1.28956
chr18-70300000-70400000	-0.445189	0.115693	0.352925	1.26743
chr18-70900000-71000000	-0.755695	0.696725	0.142794	1.46874
chr18-7100000-7200000	-0.125577	1.41792	0.160062	1.93399
chr18-71000000-71100000	-0.765103	0.396188	-0.171817	1.78708
chr18-71300000-71400000	-0.471867	0.739485	-0.196183	3.77006
chr18-71400000-71500000	-0.777712	0.48328	-0.042767	1.86869
chr18-71800000-71900000	-0.659321	0.388665	-0.080767	2.92228
chr18-71900000-72000000	-0.646714	0.756669	0.172075	3.0421
chr18-72200000-72300000	-0.802323	0.415129	0.014869	4.43308
chr18-76200000-76300000	-0.214723	0.105669	0.35464	1.29239
chr18-72400000-72500000	-0.680481	0.848689	-0.166895	2.04467
chr18-72900000-73000000	-0.790676	0.387825	-0.02289	3.63931
chr18-73000000-73100000	-0.463047	0.564267	-0.260553	1.56611
chr18-73200000-73300000	-0.40227	0.470769	-0.255495	2.02512
chr18-73400000-73500000	-0.53427	0.180622	0.363293	1.29056
chr18-75500000-75600000	-0.274924	0.500824	0.418934	1.25818
chr18-73900000-74000000	-0.631552	0.422788	0.283502	1.4753
chr18-74100000-74200000	-0.732259	0.679438	-0.007767	4.56229
chr18-74300000-74400000	-0.654216	0.224171	-0.409055	2.07398
chr18-74800000-74900000	-0.645738	0.592714	0.020717	3.28213
chr18-74900000-75000000	-0.607998	0.162401	0.035281	2.17856
chr18-75600000-75700000	-0.318425	0.197896	0.109141	1.22165
chr18-75900000-76000000	-0.404153	0.541711	0.264934	1.29183
chr18-7600000-7700000	-0.315206	1.25124	0.381761	2.18413
chr18-76000000-76100000	-0.420581	0.139673	0.08843	1.27893
chr18-76100000-76200000	-0.524337	0.407449	0.422102	1.2367
chr18-76400000-76500000	-0.232694	0.084973	0.269175	1.16396
chr18-76500000-76600000	-0.508094	0.39873	0.412256	1.24439
chr18-76900000-77000000	-0.777278	0.377911	-0.103871	2.01645
chr18-77400000-77500000	-0.756551	0.738795	-0.400875	3.73797
chr18-77700000-77800000	-0.443331	0.393778	-0.669806	5.384
chr18-77900000-78000000	-0.582557	0.30075	-0.606755	3.04391
chr18-7900000-8000000	-0.488975	1.24367	0.001062	2.49656
chr18-8300000-8400000	-0.285747	1.28441	0.217776	2.30234
chr18-8500000-8600000	-0.272633	1.32395	0.126829	1.25054
chr18-8800000-8900000	-0.332638	1.26089	-0.38331	4.03946
chr18-8900000-9000000	-0.273925	1.3926	0.015326	3.59633
chr18-900000-1000000	0.082338	0.983864	0.362362	1.35442
chr18-9800000-9900000	-0.524748	1.27202	-0.257085	2.34084
