chr13-54100000-54200000	-0.331404	0.147704	0.097362	1.18829
chr13-100800000-100900000	0.22968	0.177795	-0.048253	1.94603
chr13-45300000-45400000	0.307346	-0.015179	0.293662	2.52645
chr13-83400000-83500000	0.004411	0.349823	-0.102596	1.15513
chr13-96100000-96200000	0.150793	0.191927	0.038343	1.62189
chr13-102600000-102700000	0.036121	0.228301	-0.128397	1.24058
chr13-114600000-114700000	0.445928	-0.113867	-0.164165	7.99459
chr13-100000000-100100000	0.235339	0.299016	-0.008993	2.20305
chr13-79900000-80000000	-0.034776	0.252512	-0.12057	3.30856
chr13-100400000-100500000	0.192364	0.186534	-0.032221	1.30797
chr13-51400000-51500000	0.005648	-0.026183	0.312899	4.11467
chr13-51000000-51100000	0.235184	0.2595	0.178498	1.72316
chr13-39000000-39100000	-0.270729	-0.030094	0.250007	1.28136
chr13-19400000-19500000	-0.465709	-0.188634	0.206475	1.07256
chr13-102500000-102600000	-0.145907	0.105032	-0.214461	1.26782
chr13-26800000-26900000	-0.250151	-0.160647	0.217749	2.6176
chr13-60400000-60500000	-0.186472	0.147449	0.147868	1.32392
chr13-102100000-102200000	0.142309	0.263035	-0.185101	3.46528
chr13-88500000-88600000	-0.105312	0.248931	-0.139678	1.13084
chr13-113300000-113400000	0.081585	-0.134543	-0.038214	4.0709
chr13-59400000-59500000	-0.373248	0.143919	0.157721	1.23786
chr13-100700000-100800000	0.207263	0.114436	-0.238854	2.36188
chr13-91300000-91400000	-0.096214	-0.070895	-0.108817	1.2035
chr13-37500000-37600000	-0.127091	0.103081	0.419705	3.66679
chr13-35000000-35100000	-0.061337	-0.120269	0.281039	1.68238
chr13-28100000-28200000	-0.235875	-0.066796	0.172177	3.13517
chr13-106300000-106400000	0.000896	-0.075447	-0.07545	1.19415
chr13-86500000-86600000	-0.236525	0.364333	-0.052898	1.22104
chr13-33100000-33200000	-0.062666	-0.066108	0.401584	3.385
chr13-20100000-20200000	-0.373135	-0.276317	0.204349	2.60759
chr13-104500000-104600000	-0.251573	-0.094591	-0.20108	1.18737
chr13-71000000-71100000	-0.318773	0.133657	-0.041703	1.3893
chr13-100500000-100600000	0.11108	0.24786	-0.212608	1.2283
chr13-55000000-55100000	-0.402407	0.137539	0.149224	1.15444
chr13-105500000-105600000	-0.092541	0.328392	-0.292122	1.21199
chr13-62500000-62600000	-0.357231	0.114824	0.010007	1.13891
chr13-77500000-77600000	-0.089202	0.410548	0.072795	3.24205
chr13-107500000-107600000	0.157395	0.170587	-0.183182	2.46192
chr13-95600000-95700000	0.136491	0.20571	-0.010893	1.79188
chr13-99100000-99200000	0.259802	-0.003799	-0.071017	4.99317
chr13-42200000-42300000	0.044738	-0.094234	0.351748	3.23861
chr13-102700000-102800000	-0.079446	0.038582	-0.174902	1.31738
chr13-31400000-31500000	0.101243	0.026251	0.418357	4.98873
chr13-88100000-88200000	-0.286407	0.393803	0.025949	1.13664
chr13-100300000-100400000	0.049157	0.088766	-0.175934	1.907
chr13-39400000-39500000	-0.01259	0.125105	0.183383	1.23991
chr13-112100000-112200000	0.00538	-0.121875	-0.144639	1.33764
chr13-73300000-73400000	-0.103036	0.153583	0.077796	3.56066
chr13-103100000-103200000	0.096538	0.281465	-0.198548	1.61239
chr13-105100000-105200000	0.071719	0.319243	-0.172797	1.34614
chr13-60100000-60200000	-0.12124	-0.096067	0.025505	1.20325
chr13-51100000-51200000	0.20067	0.037871	0.131685	2.56891
chr13-100100000-100200000	0.22824	0.077496	-0.009003	3.56643
chr13-101500000-101600000	0.091174	0.176131	0.010948	1.56942
chr13-103500000-103600000	0.174196	0.159681	-0.077019	2.28993
chr13-79400000-79500000	-0.302769	0.081603	-0.102763	1.17508
chr13-46500000-46600000	0.066771	0.012986	0.324074	1.44219
chr13-75600000-75700000	0.001984	0.406622	-0.065791	1.31118
chr13-33500000-33600000	-0.045225	0.028133	0.426817	1.6739
chr13-28500000-28600000	-0.272689	-0.183412	0.328963	1.99952
chr13-107100000-107200000	-0.068829	-0.058542	-0.18092	2.15268
chr13-101100000-101200000	0.122458	0.257398	0.019731	2.20734
chr13-59500000-59600000	-0.143316	0.155664	0.118761	1.18347
chr13-82500000-82600000	-0.245316	0.10161	-0.149859	1.1478
chr13-84200000-84300000	0.003627	0.211698	-0.168702	1.21037
chr13-43300000-43400000	0.228673	0.009429	0.165128	1.87542
chr13-111400000-111500000	-0.030795	-0.108079	-0.142101	1.92902
chr13-101000000-101100000	0.223919	0.080684	-0.057747	2.1745
chr13-85500000-85600000	-0.246956	0.343913	-0.043212	1.29555
chr13-36300000-36400000	-0.109147	0.304513	0.352804	1.86382
chr13-105000000-105100000	0.118436	0.097322	-0.106102	1.15115
chr13-76100000-76200000	0.14026	0.219289	0.137327	3.23827
chr13-49400000-49500000	0.198029	0.046671	0.216195	1.41349
chr13-41400000-41500000	-0.050026	-0.156515	0.385366	2.77649
chr13-101800000-101900000	0.155705	0.042262	-0.129114	1.48169
chr13-67800000-67900000	-0.295366	0.044963	-0.084139	2.64902
chr13-38100000-38200000	-0.124332	-0.129128	0.212204	1.47983
chr13-58800000-58900000	-0.22841	-0.00738	0.062828	1.11685
chr13-76800000-76900000	-0.047501	0.397369	0.096309	1.29809
chr13-85400000-85500000	-0.325055	0.111035	-0.074606	1.33114
chr13-47300000-47400000	0.05604	-0.035372	0.249449	3.39076
chr13-100600000-100700000	0.017011	0.083471	-0.323844	1.28254
chr13-74800000-74900000	-0.099079	0.080719	-0.002698	1.85531
chr13-45500000-45600000	0.270055	0.190721	0.203138	2.61395
chr13-108200000-108300000	0.018014	0.08993	-0.115917	1.76348
chr13-61200000-61300000	-0.312299	0.382949	0.113338	1.20257
chr13-67400000-67500000	-0.328266	0.21562	0.146887	1.59337
chr13-72800000-72900000	-0.140444	0.392512	0.013693	1.229
chr13-78600000-78700000	-0.068877	0.356967	0.186223	1.3725
chr13-89400000-89500000	-0.188379	0.41708	-0.010872	1.10271
chr13-38400000-38500000	-0.163495	0.104509	0.302874	1.55745
chr13-21600000-21700000	-0.111467	-0.276388	0.061547	4.01753
chr13-102000000-102100000	0.135327	0.060558	-0.119799	3.01037
chr13-102400000-102500000	-0.033229	-0.007507	-0.053938	1.38564
chr13-105200000-105300000	-0.011306	0.151763	-0.324297	1.30228
chr13-106000000-106100000	-0.122303	0.113006	-0.232938	1.28793
chr13-69200000-69300000	-0.229438	0.291151	-0.034389	1.11524
chr13-81400000-81500000	-0.075127	0.383307	0.014326	1.11036
chr13-90800000-90900000	-0.237413	0.079839	-0.194995	1.13307
chr13-32800000-32900000	0.080568	0.072166	0.211699	3.13422
chr13-111000000-111100000	0.216364	0.008718	-0.118259	4.96689
chr13-76200000-76300000	0.032504	0.352284	0.209631	3.74038
chr13-78000000-78100000	-0.111215	0.294483	-0.134472	1.38661
chr13-94200000-94300000	-0.1292	0.010552	-0.206231	1.35817
chr13-105600000-105700000	0.065942	0.316409	-0.125561	1.33969
chr13-81500000-81600000	-0.312665	0.377016	0.067241	1.23219
chr13-49000000-49100000	-0.035404	0.341362	0.386394	2.24889
chr13-32600000-32700000	-0.062096	-0.149087	0.406053	2.47885
chr13-56000000-56100000	-0.246359	0.380109	0.085964	1.16216
chr13-58200000-58300000	-0.088872	0.115108	0.074075	1.14286
chr13-89900000-90000000	-0.153401	0.43238	-0.033363	1.21607
chr13-98800000-98900000	0.165557	0.130522	0.05859	4.10934
chr13-29200000-29300000	-0.017981	-0.137988	0.418774	3.74886
chr13-27000000-27100000	-0.054175	0.072584	0.387076	3.54333
chr13-104600000-104700000	-0.093961	0.07641	-0.267342	1.27297
chr13-63800000-63900000	-0.227936	0.368739	0.226908	1.3447
chr13-83600000-83700000	-0.075113	0.170952	0.020858	1.41472
chr13-52200000-52300000	0.028008	-0.102037	0.282091	2.54692
chr13-50400000-50500000	0.091659	0.135587	0.503831	2.56171
chr13-41800000-41900000	0.181727	0.090938	0.300461	2.87816
chr13-102800000-102900000	0.015229	0.250962	-0.186653	1.9945
chr13-56800000-56900000	-0.134455	0.179049	0.071652	1.17086
chr13-27800000-27900000	0.052905	-0.038802	0.383352	3.08786
chr13-23300000-23400000	-0.136488	-0.146059	0.011803	1.34111
chr13-70800000-70900000	-0.352309	0.189915	-0.114674	1.15342
chr13-92800000-92900000	-0.222884	0.156481	-0.088268	1.1393
chr13-52800000-52900000	-0.276444	0.314579	0.610509	1.11646
chr13-100200000-100300000	0.17554	-0.10091	-0.09468	2.17735
chr13-49800000-49900000	0.183103	-0.055318	0.136119	3.58459
chr13-69600000-69700000	-0.369221	0.30598	0.140031	1.15304
chr13-83200000-83300000	0.008395	0.336838	-0.094381	1.74449
chr13-100900000-101000000	0.114255	0.090345	-0.225389	1.75284
chr13-81900000-82000000	-0.180774	0.354975	0.052776	1.11104
chr13-49500000-49600000	0.165904	0.219894	0.324166	3.38408
chr13-29100000-29200000	0.079722	0.066274	0.381729	2.37739
chr13-23800000-23900000	-0.108216	-0.183023	0.294308	3.64779
chr13-105800000-105900000	-0.046392	-0.036162	-0.181817	1.29949
chr13-63400000-63500000	-0.245959	0.239634	-0.085189	1.38089
chr13-67700000-67800000	-0.085301	0.128555	0.032514	1.6819
chr13-74100000-74200000	-0.080298	0.057724	0.073206	1.35784
chr13-36700000-36800000	-0.130829	0.006855	0.319828	1.24725
chr13-34700000-34800000	-0.001284	0.091364	0.29574	1.89171
chr13-115000000-115100000	0.392416	-0.057797	-0.089971	4.87788
chr13-98200000-98300000	0.135831	0.147296	-0.210214	1.46924
chr13-54000000-54100000	-0.101111	0.098083	0.09998	1.18234
chr13-105400000-105500000	0.051593	0.132575	-0.274733	1.18676
chr13-70200000-70300000	-0.256275	0.249425	-0.131821	1.17136
chr13-32300000-32400000	-0.112347	-0.058989	0.353073	2.06789
chr13-29500000-29600000	-0.289713	0.113408	0.373813	1.34947
chr13-21500000-21600000	0.076445	-0.299137	0.110329	4.27332
chr13-113800000-113900000	0.080903	-0.125435	-0.076514	5.99049
chr13-101200000-101300000	0.11661	0.015202	-0.027607	2.19238
chr13-94600000-94700000	0.120496	0.267213	-0.050416	1.31979
chr13-40000000-40100000	-0.165602	0.160599	0.301881	1.9537
chr13-101300000-101400000	0.15526	0.214659	-0.116277	2.14643
chr13-60200000-60300000	-0.082754	0.106705	0.133385	1.42737
chr13-62300000-62400000	-0.357829	0.154626	0.018814	1.21622
chr13-64300000-64400000	-0.503152	0.301028	0.110976	1.31913
chr13-105300000-105400000	0.017296	0.350073	-0.199789	1.16207
chr13-71700000-71800000	-0.26903	0.374511	0.047426	1.13747
chr13-38800000-38900000	-0.22783	-0.088167	0.2166	1.26997
chr13-38700000-38800000	-0.244185	0.119777	0.296933	1.19973
chr13-104200000-104300000	-0.229212	0.19409	-0.1864	1.13134
chr13-65500000-65600000	-0.125078	0.382155	0.192872	1.37249
chr13-72300000-72400000	-0.158032	0.36146	-0.093768	1.19922
chr13-78500000-78600000	-0.239146	0.315866	0.047589	1.44731
chr13-45000000-45100000	0.160957	-0.1211	0.371469	2.57423
chr13-38000000-38100000	0.074833	-0.12368	0.170403	2.03479
chr13-101400000-101500000	0.203651	0.006183	-0.064409	1.28824
chr13-109200000-109300000	-0.046742	-0.022859	-0.064633	1.18771
chr13-54800000-54900000	-0.047831	0.342107	0.240934	1.20608
chr13-56600000-56700000	-0.344469	0.411955	0.047427	1.092
chr13-30700000-30800000	-0.137399	-0.09605	0.375924	2.60351
chr13-101600000-101700000	0.043757	0.011336	-0.102428	1.42706
chr13-70500000-70600000	-0.279824	0.368423	0.02648	1.09545
chr13-90200000-90300000	-0.37611	0.12506	-0.114712	1.11681
chr13-31300000-31400000	0.186962	-0.051872	0.242922	2.97089
chr13-101700000-101800000	0.054673	0.206843	0.027157	1.60445
chr13-80300000-80400000	0.096857	0.225487	0.117084	1.86297
chr13-101900000-102000000	-0.016201	-0.080218	-0.121412	2.38311
chr13-47800000-47900000	0.233749	0.136	0.118775	1.67008
chr13-107400000-107500000	0.121544	0.242031	0.019914	1.18389
chr13-106200000-106300000	0.042539	0.091623	-0.234768	1.37691
chr13-103800000-103900000	-0.076579	0.140943	-0.270643	1.09842
chr13-103000000-103100000	0.137742	0.21019	0.020291	2.67225
chr13-96300000-96400000	0.214103	0.277703	0.122949	2.66864
chr13-102200000-102300000	0.133018	0.240687	0.043584	1.73852
chr13-46600000-46700000	0.137227	-0.108213	0.167419	2.25712
chr13-104700000-104800000	0.108508	0.156174	-0.201769	1.40682
chr13-9500000-9600000	-0.691755	-0.349039	0.050921	0
chr13-111100000-111200000	0.102904	-0.184395	-0.077496	4.29373
chr13-95700000-95800000	0.199003	0.416018	-0.038557	2.81274
chr13-104100000-104200000	-0.223676	-0.024069	-0.142863	1.20239
chr13-102300000-102400000	-0.003414	0.22473	-0.134215	1.37012
chr13-91500000-91600000	-0.102505	0.155633	-0.2138	1.22575
chr13-95800000-95900000	-0.008672	0.330175	-0.086884	3.70566
chr13-102900000-103000000	-0.025418	0.084695	-0.057768	1.37582
chr13-25700000-25800000	-0.083653	-0.142588	0.122692	1.26827
chr13-90700000-90800000	-0.051093	0.136029	-0.055432	1.14476
chr13-103400000-103500000	0.015075	-0.015941	-0.142591	6.21581
chr13-103200000-103300000	-0.08058	0.109946	-0.22482	3.20861
chr13-48000000-48100000	-0.029167	0.077687	0.297908	1.68374
chr13-37800000-37900000	0.0097	-0.122968	0.248106	1.79311
chr13-35300000-35400000	-0.24989	-0.039931	0.238704	1.33586
chr13-103300000-103400000	-0.194333	-0.046334	-0.117497	1.63687
chr13-79700000-79800000	-0.26415	0.302766	-0.095968	1.18761
chr13-54700000-54800000	-0.265646	0.279775	0.312746	1.09077
chr13-103600000-103700000	0.060841	0.336238	0.043392	1.17403
chr13-83000000-83100000	-0.174096	0.37962	-0.050056	1.15317
chr13-103700000-103800000	-0.021436	0.342251	-0.148174	1.16559
chr13-84800000-84900000	-0.00666	0.301944	0.116973	1.19135
chr13-103900000-104000000	0.04498	0.130715	-0.070585	1.41006
chr13-104800000-104900000	-0.032306	0.332616	-0.220563	1.20125
chr13-23500000-23600000	-0.425003	-0.098937	0.245083	1.47649
chr13-58300000-58400000	-0.205115	-0.061174	-0.044924	1.32785
chr13-110600000-110700000	0.182119	-0.064054	-0.046683	2.80882
chr13-104000000-104100000	-0.065893	0.091296	-0.26386	1.21298
chr13-19300000-19400000	-0.649017	-0.291198	0.105814	1.03807
chr13-106100000-106200000	-0.052724	-0.087985	-0.126368	1.24444
chr13-75200000-75300000	-0.273784	0.218207	-0.084895	1.24758
chr13-51600000-51700000	0.003653	-0.038468	0.315515	1.31062
chr13-115100000-115200000	0.401592	-0.063001	-0.087758	1.38537
chr13-113700000-113800000	0.068764	-0.230694	-0.226277	2.24463
chr13-66500000-66600000	-0.19659	0.157726	-0.18628	1.36501
chr13-79000000-79100000	-0.080924	0.343428	0.069934	1.22084
chr13-104300000-104400000	-0.032449	0.310727	-0.167174	1.09098
chr13-52700000-52800000	-0.071105	0.309224	0.462603	3.6037
chr13-50100000-50200000	0.169837	0.128575	0.249406	2.77168
chr13-104400000-104500000	-0.13461	0.115971	-0.242729	1.15988
chr13-104900000-105000000	0.145218	0.326565	-0.053333	1.40345
chr13-39300000-39400000	-0.197465	0.22805	0.248696	1.18704
chr13-66600000-66700000	-0.073172	0.147235	0.016216	1.25917
chr13-31100000-31200000	0.110388	0.0387	0.296042	3.15418
chr13-105700000-105800000	-0.009426	0.175089	-0.293374	1.49378
chr13-113900000-114000000	0.187408	-0.269263	-0.057938	4.20743
chr13-105900000-106000000	0.090822	0.159981	-0.151717	1.81416
chr13-74900000-75000000	-0.275772	-0.042401	-0.105617	1.38435
chr13-106400000-106500000	-0.037891	0.111181	-0.194661	1.28691
chr13-56400000-56500000	-0.196589	0.173873	0.117172	1.12109
chr13-96000000-96100000	-0.002781	0.142853	-0.129378	2.15287
chr13-39200000-39300000	-0.194752	0.035124	0.139947	1.27846
chr13-108500000-108600000	-0.20505	0.046452	-0.243532	3.66623
chr13-24500000-24600000	-0.266788	-0.269021	0.199132	2.18376
chr13-108700000-108800000	-0.030345	-0.061226	-0.127808	1.2374
chr13-106700000-106800000	0.071295	0.088106	-0.253068	2.0094
chr13-106500000-106600000	0.186883	0.112956	-0.207393	1.66688
chr13-73700000-73800000	-0.094227	0.083033	0.125926	2.02468
chr13-45700000-45800000	0.183128	0.079394	0.352599	2.99695
chr13-21400000-21500000	-0.156001	-0.309272	0.184937	3.13555
chr13-106600000-106700000	0.070412	0.299285	-0.146289	1.95284
chr13-96700000-96800000	-0.035185	0.142124	-0.088361	3.34531
chr13-30500000-30600000	-0.020154	-0.057633	0.283861	2.59868
chr13-106800000-106900000	0.086563	-0.06887	-0.091208	1.86819
chr13-106900000-107000000	0.189929	0.119666	-0.086889	1.38596
chr13-107000000-107100000	0.095569	-0.077706	-0.034114	2.31468
chr13-56300000-56400000	-0.131162	0.344969	0.28146	1.13903
chr13-92500000-92600000	-0.037272	0.382769	-0.187192	1.08962
chr13-98300000-98400000	-0.037345	0.021639	-0.223878	1.49954
chr13-114200000-114300000	0.350568	-0.002792	-0.084611	3.93598
chr13-107200000-107300000	0.124689	0.007756	-0.041001	2.85247
chr13-94500000-94600000	0.023832	0.426147	0.089843	1.47464
chr13-48300000-48400000	0.0381	0.23863	0.465029	1.36206
chr13-110300000-110400000	0.104638	-0.104138	-0.235909	1.65062
chr13-79300000-79400000	-0.230944	0.287335	-0.050501	1.1769
chr13-107300000-107400000	-0.067124	0.130405	-0.032409	1.22013
chr13-107600000-107700000	-0.015946	0.103967	-0.046095	1.78432
chr13-114100000-114200000	0.184957	-0.063549	0.023008	4.32418
chr13-107700000-107800000	0.091806	0.287708	-0.118666	1.57648
chr13-82800000-82900000	-0.150677	0.390514	-0.081829	1.27228
chr13-49200000-49300000	0.06152	0.318693	0.336406	1.19127
chr13-47400000-47500000	0.201709	0.128194	0.157495	1.8008
chr13-43400000-43500000	0.07605	0.085627	0.293686	1.55209
chr13-41200000-41300000	-0.099156	-0.055148	0.290834	1.62709
chr13-107800000-107900000	0.047408	0.032485	-0.139958	3.45721
chr13-67500000-67600000	-0.141239	0.374142	0.173086	1.57041
chr13-107900000-108000000	-0.150929	-0.085403	-0.137805	3.88471
chr13-43100000-43200000	-0.089897	-0.135101	0.361557	1.44452
chr13-108000000-108100000	-0.053566	0.0749	-0.244997	3.03626
chr13-59900000-60000000	-0.263159	0.158963	0.16538	1.69102
chr13-21300000-21400000	0.013176	-0.220535	0.165885	2.95763
chr13-28400000-28500000	-0.322244	-0.002763	0.44593	1.16458
chr13-19500000-19600000	-0.423826	-0.006928	0.136465	1.28655
chr13-109100000-109200000	0.052759	0.033808	-0.259609	1.24233
chr13-68100000-68200000	-0.320358	0.225888	0.127338	1.15793
chr13-108100000-108200000	-0.108286	-0.087347	-0.091655	2.48686
chr13-108300000-108400000	-0.151238	-0.025952	-0.218475	2.04068
chr13-55400000-55500000	-0.427821	0.139763	0.11953	1.25561
chr13-39900000-40000000	-0.019434	0.051513	0.198342	1.75231
chr13-108400000-108500000	0.002758	0.133878	-0.176815	1.90264
chr13-92700000-92800000	-0.106602	0.150504	-0.300166	1.30347
chr13-50600000-50700000	0.207589	-0.037852	0.219736	3.5426
chr13-41500000-41600000	-0.11121	-0.078785	0.194864	1.92173
chr13-36800000-36900000	0.013598	0.190861	0.302369	2.63342
chr13-34500000-34600000	-0.073824	-0.06862	0.249196	1.49648
chr13-114800000-114900000	0.379278	-0.107281	-0.054167	8.454
chr13-109400000-109500000	0.000165	0.206123	-0.085731	1.58258
chr13-58600000-58700000	-0.130971	0.151249	0.091834	1.10783
chr13-108600000-108700000	0.010905	0.117969	-0.240042	1.1804
chr13-96200000-96300000	0.083588	0.408928	-0.007116	2.58832
chr13-29400000-29500000	-0.286676	-0.020272	0.21472	1.15583
chr13-108800000-108900000	-0.086497	0.124817	-0.258354	3.72387
chr13-108900000-109000000	-0.166554	-0.104939	-0.190749	1.7016
chr13-32100000-32200000	-0.13699	-0.051995	0.407633	1.16773
chr13-76700000-76800000	-0.074673	0.183686	0.056967	1.28374
chr13-109000000-109100000	-0.062332	0.066584	-0.087933	1.26189
chr13-109300000-109400000	0.086378	0.055592	-0.210757	1.52415
chr13-97000000-97100000	-0.005106	0.404432	-0.093694	1.21144
chr13-48500000-48600000	0.118295	0.215838	0.279679	2.82939
chr13-109500000-109600000	-0.086418	0.100621	-0.26062	1.86584
chr13-66100000-66200000	-0.061305	0.402239	0.146663	1.34358
chr13-109800000-109900000	0.06584	-0.177148	-0.075646	2.78262
chr13-78200000-78300000	-0.184926	0.253179	-0.163212	1.30387
chr13-83300000-83400000	-0.096541	0.189978	-0.250262	1.37471
chr13-109600000-109700000	-0.005437	-0.089584	-0.118203	1.99164
chr13-46800000-46900000	0.071393	0.071487	0.31689	1.55704
chr13-31500000-31600000	-0.072736	0.030103	0.424571	1.74229
chr13-82000000-82100000	-0.244671	0.338685	-0.167796	1.09558
chr13-44400000-44500000	0.081549	0.129301	0.335701	3.06254
chr13-109700000-109800000	0.092208	0.06658	-0.05264	1.73081
chr13-82400000-82500000	-0.256724	0.34402	-0.145063	1.14732
chr13-33800000-33900000	-0.174168	-0.057772	0.447757	3.67148
chr13-114300000-114400000	0.512707	0.005475	-0.111849	2.45727
chr13-22300000-22400000	-0.066532	-0.242677	-0.018459	1.65398
chr13-109900000-110000000	0.026778	-0.071	-0.237931	2.38384
chr13-49100000-49200000	-0.009893	0.119078	0.38535	3.88239
chr13-98600000-98700000	0.242362	0.279501	-0.029603	3.08076
chr13-32000000-32100000	-0.066249	0.120108	0.295721	1.15695
chr13-110000000-110100000	0.125395	-0.029232	-0.060259	2.18294
chr13-69100000-69200000	-0.294174	0.052838	-0.044383	1.1614
chr13-85800000-85900000	-0.191058	0.194747	-0.16448	1.39616
chr13-42700000-42800000	0.014336	0.027975	0.383876	1.85948
chr13-110100000-110200000	0.243392	0.128153	0.024428	1.6957
chr13-66200000-66300000	-0.097175	0.165992	0.073356	1.21567
chr13-110200000-110300000	0.242299	0.025118	-0.165591	1.89561
chr13-36400000-36500000	-0.025521	0.088298	0.293053	2.41755
chr13-27700000-27800000	-0.149366	0.020034	0.417223	3.20054
chr13-27400000-27500000	-0.126986	-0.142502	0.240751	1.2602
chr13-36000000-36100000	-0.02891	-0.1075	0.132794	1.43438
chr13-32500000-32600000	-0.218362	0.00961	0.397953	2.0626
chr13-110400000-110500000	0.229608	0.064252	-0.136745	3.26696
chr13-81100000-81200000	-0.238628	0.340628	-0.102597	1.1073
chr13-39500000-39600000	-0.161113	0.171218	0.364089	1.59452
chr13-110500000-110600000	0.23231	0.093469	0.059733	2.07939
chr13-57700000-57800000	-0.492513	0.120565	-0.035956	1.16097
chr13-97400000-97500000	-0.003806	0.36054	-0.126034	1.31091
chr13-40700000-40800000	-0.14629	-0.034617	0.173467	1.56171
chr13-88400000-88500000	-0.310859	0.180816	-0.233714	1.2022
chr13-110700000-110800000	0.04116	-0.10196	-0.197779	3.28137
chr13-71100000-71200000	-0.318138	0.3602	0.057225	1.2447
chr13-110800000-110900000	0.19453	-0.016638	-0.044857	3.99049
chr13-110900000-111000000	0.07889	-0.091992	-0.193302	5.13192
chr13-47600000-47700000	-0.01419	-0.089294	0.244291	1.57626
chr13-111200000-111300000	0.170353	-0.022919	0.030034	4.66851
chr13-63000000-63100000	-0.202436	0.180402	0.175514	1.19388
chr13-70000000-70100000	-0.383558	0.202513	0.019319	1.12077
chr13-26700000-26800000	-0.212293	0.001842	0.368752	4.78547
chr13-20600000-20700000	0.078276	-0.149013	0.187946	2.78245
chr13-64200000-64300000	-0.386639	0.148823	-0.019312	1.27642
chr13-64600000-64700000	-0.237931	0.386198	0.035472	1.46746
chr13-68200000-68300000	-0.314906	0.103062	-0.082723	1.1693
chr13-111300000-111400000	0.124236	-0.196797	-0.095656	4.74367
chr13-111500000-111600000	0.094464	0.045219	-0.220215	3.72421
chr13-99000000-99100000	0.19991	0.175012	0.061326	4.91291
chr13-34600000-34700000	-0.216521	0.054851	0.377297	1.96454
chr13-111600000-111700000	0.013233	-0.152227	-0.187622	3.10748
chr13-23700000-23800000	-0.073545	-0.237912	0.093061	1.50711
chr13-53300000-53400000	-0.236281	-0.066954	0.085636	1.19843
chr13-20300000-20400000	-0.342755	-0.158821	0.212867	3.09138
chr13-111700000-111800000	0.195957	-0.080021	-0.203614	1.86941
chr13-27300000-27400000	-0.310808	-0.059737	0.247659	1.17642
chr13-114400000-114500000	0.481471	-0.125687	-0.020725	2.47952
chr13-112800000-112900000	0.031205	-0.112821	-0.206469	1.22462
chr13-111800000-111900000	0.13293	-0.061312	-0.010641	4.23283
chr13-63300000-63400000	-0.358311	0.040348	-0.067716	1.42239
chr13-111900000-112000000	-0.047039	-0.092412	-0.119225	3.98771
chr13-36500000-36600000	-0.13017	-0.095468	0.190432	1.62074
chr13-112000000-112100000	-0.024705	-0.008352	-0.329247	1.32295
chr13-50700000-50800000	0.06525	-0.17249	0.107261	2.25712
chr13-23200000-23300000	-0.281318	-0.117239	0.204788	1.29819
chr13-112200000-112300000	0.141949	0.050316	-0.222327	1.22499
chr13-69700000-69800000	-0.282419	0.344172	-0.08231	1.19918
chr13-25300000-25400000	-0.149879	-0.317881	0.141592	1.32628
chr13-61700000-61800000	-0.198497	0.140086	0.084922	1.18706
chr13-112300000-112400000	0.103928	-0.078733	-0.348578	1.24815
chr13-112400000-112500000	0.23147	-0.118975	-0.452192	0
chr13-33300000-33400000	0.152166	0.124196	0.266888	1.73326
chr13-75000000-75100000	-0.05846	0.005575	-0.063556	1.375
chr13-22500000-22600000	-0.075581	-0.294762	0.013871	2.80555
chr13-112500000-112600000	0.130331	-0.036825	-0.304214	1.1851
chr13-59300000-59400000	-0.227699	0.323175	0.212364	1.08354
chr13-99400000-99500000	0.263065	0.072798	-0.011136	2.00819
chr13-29000000-29100000	0.076601	-0.124975	0.332033	2.00029
chr13-112600000-112700000	-0.035123	-0.076873	-0.190801	1.34034
chr13-61800000-61900000	-0.356532	0.295141	0.010755	1.14771
chr13-25000000-25100000	-0.223548	-0.243703	0.195976	3.81461
chr13-112700000-112800000	0.042893	0.06589	-0.312316	1.22793
chr13-42900000-43000000	0.07795	0.19884	0.3433	1.48958
chr13-22900000-23000000	-0.307794	-0.00525	0.318994	1.21516
chr13-112900000-113000000	-0.142253	-0.186759	-0.21559	1.22851
chr13-49900000-50000000	-0.01268	-0.149392	0.178574	2.21913
chr13-113000000-113100000	-0.074181	-0.005824	-0.291763	1.25454
chr13-65100000-65200000	-0.391829	0.143891	0.159594	1.24933
chr13-35500000-35600000	-0.273225	-0.0418	0.243333	2.35963
chr13-33400000-33500000	0.026887	-0.047201	0.248191	2.10642
chr13-113100000-113200000	0.132539	0.050267	-0.321982	1.90174
chr13-113200000-113300000	0.17939	0.064029	-0.101908	3.25543
chr13-92000000-92100000	-0.040493	0.319887	-0.151182	3.40103
chr13-47700000-47800000	0.133938	0.063896	0.287388	1.65303
chr13-21100000-21200000	-0.369762	-0.108578	0.132143	3.3151
chr13-113400000-113500000	0.150156	-0.061679	-0.205086	2.9124
chr13-74200000-74300000	-0.264463	0.01361	-0.050695	1.83533
chr13-42800000-42900000	-0.142852	0.189848	0.395391	2.94107
chr13-113500000-113600000	0.205251	0.153959	-0.240336	2.56385
chr13-34800000-34900000	-0.207932	0.077953	0.37338	1.34109
chr13-113600000-113700000	0.148937	-0.067967	-0.294508	1.42419
chr13-92400000-92500000	-0.030761	0.413279	0.043539	1.1716
chr13-45800000-45900000	0.192801	0.05	0.183926	2.32513
chr13-114000000-114100000	0.20715	-0.137716	-0.170017	4.41644
chr13-44800000-44900000	0.187087	0.090702	0.356389	3.28142
chr13-114700000-114800000	0.480033	0.012789	-0.008051	6.86275
chr13-114500000-114600000	0.425911	0.000312	-0.181463	6.68875
chr13-84000000-84100000	-0.016238	0.361819	-0.029343	1.44051
chr13-93400000-93500000	-0.064744	0.096449	-0.116643	1.22411
chr13-114900000-115000000	0.246673	-0.189881	-0.010983	2.70983
chr13-51700000-51800000	0.1238	0.135306	0.201444	1.91801
chr13-19000000-19100000	-0.692192	-0.350399	0.050139	0
chr13-77700000-77800000	-0.073395	0.354722	0.178608	1.77358
chr13-19100000-19200000	-0.69128	-0.349061	0.050314	1
chr13-37100000-37200000	-0.230373	0.054201	0.276235	1.16036
chr13-19200000-19300000	-0.650111	-0.291987	0.104899	1.32673
chr13-31600000-31700000	0.053538	-0.138726	0.365616	2.5321
chr13-95200000-95300000	-0.201766	-0.030936	-0.242817	4.21431
chr13-48200000-48300000	-0.034632	0.0751	0.344172	1.4866
chr13-37700000-37800000	0.025341	0.072091	0.319707	1.87477
chr13-19600000-19700000	-0.321687	-0.122836	0.298369	1.21234
chr13-95100000-95200000	-0.0506	0.148651	-0.231671	1.38118
chr13-35400000-35500000	-0.158401	0.143754	0.309719	1.30194
chr13-20800000-20900000	-0.288622	-0.189511	0.176827	1.32823
chr13-19700000-19800000	-0.40608	-0.096035	0.118414	1.25776
chr13-24800000-24900000	-0.16095	-0.169536	0.344954	2.75505
chr13-59700000-59800000	-0.113883	0.147834	0.084214	1.21549
chr13-60500000-60600000	-0.183995	-0.063527	0.044945	1.45881
chr13-19800000-19900000	-0.259236	-0.249188	0.058074	1.1718
chr13-62000000-62100000	-0.330362	0.013939	-0.051621	1.1552
chr13-19900000-20000000	-0.352533	-0.372592	0.163394	1.18956
chr13-65700000-65800000	-0.394829	0.152407	0.088857	1.21629
chr13-85300000-85400000	-0.182916	0.242613	-0.231473	1.08476
chr13-31000000-31100000	0.114904	-0.16199	0.31944	2.93075
chr13-22800000-22900000	-0.097334	0.036882	0.356594	1.44515
chr13-20000000-20100000	-0.527164	-0.278866	0.035298	1
chr13-79800000-79900000	-0.110714	0.408801	0.04422	1.41271
chr13-20200000-20300000	-0.202642	-0.159193	0.330015	3.58355
chr13-44100000-44200000	0.089916	0.295893	0.267629	1.36274
chr13-40200000-40300000	-0.086052	0.037488	0.282891	2.77562
chr13-20400000-20500000	-0.169385	-0.245931	0.291446	2.86923
chr13-80100000-80200000	-0.059491	0.255691	-0.08686	1.74311
chr13-51500000-51600000	-0.068338	0.17757	0.330779	1.44926
chr13-79200000-79300000	-0.311344	0.075225	-0.075622	2.34898
chr13-99500000-99600000	0.197845	0.292956	0.026979	2.43264
chr13-35200000-35300000	-0.344381	0.145796	0.312786	1.27196
chr13-20500000-20600000	-0.11075	-0.142222	0.110652	3.30639
chr13-73100000-73200000	-0.394677	0.178784	0.111898	1.26958
chr13-91100000-91200000	-0.189552	0.118852	-0.199093	1.53319
chr13-40300000-40400000	0.063532	-0.041695	0.129426	1.66782
chr13-93800000-93900000	-0.07199	0.029498	-0.192601	2.25869
chr13-26600000-26700000	-0.178795	0.240796	0.392189	1.26767
chr13-22600000-22700000	-0.13304	-0.109317	0.09789	1.84008
chr13-20700000-20800000	-0.093851	-0.287783	0.149967	2.89473
chr13-79500000-79600000	-0.336125	0.281425	-0.001439	1.16536
chr13-80400000-80500000	0.076642	0.309484	-0.094182	1.66765
chr13-97600000-97700000	0.054167	0.204256	-0.027174	1.96063
chr13-25900000-26000000	-0.304182	0.09092	0.37438	1.36777
chr13-20900000-21000000	-0.14627	-0.264843	0.064172	2.75767
chr13-23600000-23700000	-0.279572	-0.179479	0.097543	1.70518
chr13-81700000-81800000	-0.195928	0.161098	-0.150028	1.15127
chr13-92300000-92400000	-0.080444	0.188708	0.028527	1.19983
chr13-21000000-21100000	-0.217217	-0.226374	0.263135	2.69702
chr13-50200000-50300000	0.022102	0.128616	0.444311	2.43437
chr13-21200000-21300000	-0.18821	-0.145763	0.216406	2.35939
chr13-58400000-58500000	-0.33507	0.096898	0.072543	1.12367
chr13-74300000-74400000	-0.073781	0.121709	0.062786	1.72544
chr13-98000000-98100000	0.042689	0.299683	-0.137119	2.96183
chr13-54300000-54400000	-0.345478	0.106166	0.158232	1.20343
chr13-21700000-21800000	-0.003005	-0.254262	0.239001	3.55268
chr13-87000000-87100000	-0.105403	0.219265	-0.240481	1.14425
chr13-50300000-50400000	0.161211	0.248038	0.34148	3.18392
chr13-43000000-43100000	0.00915	0.046184	0.451102	1.36999
chr13-67200000-67300000	-0.303293	0.207685	0.163709	1.68617
chr13-69000000-69100000	-0.403271	0.172233	0.145647	1.24452
chr13-89600000-89700000	0.020711	0.396464	0.052745	1.15538
chr13-21800000-21900000	-0.098482	-0.336761	0.055832	1.87645
chr13-65000000-65100000	-0.345219	0.362321	0.0506	1.37975
chr13-21900000-22000000	-0.204385	-0.191138	0.145684	1.88295
chr13-48600000-48700000	0.142447	-0.016037	0.258566	3.37185
chr13-22000000-22100000	-0.013332	-0.313589	0.20032	2.36803
chr13-33700000-33800000	-0.044816	0.090981	0.337531	2.73623
chr13-26400000-26500000	-0.304725	-0.13631	0.341125	1.26795
chr13-22100000-22200000	-0.164612	-0.232796	0.043749	2.72422
chr13-71200000-71300000	-0.072302	0.329585	0.10608	1.17233
chr13-28200000-28300000	-0.245862	0.037584	0.367515	1.94932
chr13-22200000-22300000	0.041754	-0.236298	0.171482	2.51067
chr13-40500000-40600000	0.087828	-0.110373	0.126578	1.35586
chr13-22400000-22500000	-0.043922	-0.23406	0.202765	1.6514
chr13-68000000-68100000	-0.326738	0.06757	-0.047323	1.19779
chr13-53700000-53800000	-0.158274	0.103938	0.151412	1.97212
chr13-22700000-22800000	-0.263022	-0.077372	0.27246	1.52161
chr13-38600000-38700000	-0.158016	0.3338	0.319399	1.37493
chr13-30000000-30100000	-0.05002	-0.16453	0.381839	2.95074
chr13-23000000-23100000	-0.360736	-0.187777	0.262328	1.32804
chr13-56200000-56300000	-0.219923	0.137253	0.189567	1.17828
chr13-81000000-81100000	-0.009826	0.314258	-0.091446	1.27154
chr13-23100000-23200000	-0.282445	-0.049912	0.407345	1.25843
chr13-52400000-52500000	-0.078427	-0.055799	0.292953	1.75734
chr13-23400000-23500000	-0.270171	-0.253338	0.181752	1.62623
chr13-70100000-70200000	-0.248746	0.407463	0.053692	1.25222
chr13-70300000-70400000	-0.227561	0.325623	0.094475	1.16192
chr13-23900000-24000000	-0.198588	-0.189039	0.074149	3.19521
chr13-46200000-46300000	0.297723	0.005121	0.190279	1.40994
chr13-24000000-24100000	-0.103466	-0.25472	0.263669	2.89226
chr13-71800000-71900000	-0.030123	0.392139	0.107321	1.19526
chr13-24100000-24200000	-0.259945	-0.137424	0.22794	3.69759
chr13-28600000-28700000	-0.190032	0.014475	0.435405	1.72063
chr13-24200000-24300000	-0.09136	-0.130675	0.326723	3.37647
chr13-88800000-88900000	-0.121089	0.272731	-0.198874	1.22072
chr13-24300000-24400000	-0.072334	-0.207453	0.135395	2.34414
chr13-75300000-75400000	-0.250063	0.318373	0.105899	1.75411
chr13-24400000-24500000	-0.103421	-0.174874	0.342712	3.14438
chr13-68800000-68900000	-0.381438	0.220649	0.008572	1.24199
chr13-95300000-95400000	0.018922	0.066944	-0.197764	1.35475
chr13-99600000-99700000	0.21449	0.12839	-0.057396	2.2298
chr13-46300000-46400000	0.103127	0.00622	0.237343	1.43898
chr13-28300000-28400000	-0.314126	-0.157776	0.293448	1.21879
chr13-24600000-24700000	-0.131511	-0.141342	0.293838	2.22713
chr13-37000000-37100000	-0.196438	-0.102523	0.140596	1.2373
chr13-35700000-35800000	-0.316198	-0.014496	0.187867	1.34596
chr13-73200000-73300000	-0.265101	0.272012	-0.075686	1.36101
chr13-24700000-24800000	-0.035186	-0.123451	0.156587	3.46809
chr13-24900000-25000000	-0.324399	-0.35386	0.347167	1.81031
chr13-52000000-52100000	0.16001	0.154798	0.307765	4.18083
chr13-38200000-38300000	-0.096536	0.085376	0.342302	1.44749
chr13-34200000-34300000	0.090599	-0.150562	0.073067	2.14032
chr13-29600000-29700000	-0.199983	-0.04214	0.250058	1.20892
chr13-25100000-25200000	-0.145839	-0.278905	0.020298	1.38263
chr13-38500000-38600000	0.03642	0.201268	0.333966	1.21901
chr13-25200000-25300000	-0.129453	-0.09526	0.103328	1.69381
chr13-61100000-61200000	-0.146975	0.22985	0.192424	1.42444
chr13-47100000-47200000	0.09005	-0.017957	0.203805	2.88911
chr13-25400000-25500000	-0.302058	-0.252244	0.25802	2.45738
chr13-85600000-85700000	-0.1315	0.195415	-0.179104	1.21681
chr13-47200000-47300000	0.241001	0.103579	0.214914	2.2381
chr13-36600000-36700000	-0.321205	0.029309	0.232946	1.15375
chr13-36100000-36200000	-0.217599	0.02109	0.159803	1.85904
chr13-25500000-25600000	-0.250765	-0.253428	0.467814	1.5233
chr13-54600000-54700000	-0.339104	0.26416	0.091871	1.15241
chr13-25600000-25700000	-0.213973	-0.106226	0.299456	1.33042
chr13-25800000-25900000	-0.273641	-0.032103	0.196209	3.54094
chr13-89700000-89800000	-0.217857	0.446673	-0.005483	1.09252
chr13-26000000-26100000	-0.428102	-0.00909	0.233374	1.32536
chr13-73500000-73600000	-0.262445	0.197319	-0.07645	1.78927
chr13-46100000-46200000	0.180626	-0.129706	0.120096	1.78957
chr13-26100000-26200000	-0.244978	-0.105319	0.118335	1.18476
chr13-26200000-26300000	-0.265211	-0.134154	0.33012	1.34605
chr13-57400000-57500000	-0.245953	0.171618	0.277831	1.15976
chr13-97100000-97200000	-0.22155	0.348301	-0.130945	1.14907
chr13-48700000-48800000	0.212895	0.202487	0.26062	1.45636
chr13-57100000-57200000	-0.180432	0.045307	0.079979	1.07394
chr13-57300000-57400000	-0.284648	0.301552	0.078356	1.08958
chr13-26300000-26400000	-0.317568	0.050419	0.24987	1.46651
chr13-26500000-26600000	-0.179505	0.021035	0.397106	1.29082
chr13-99200000-99300000	0.325143	0.14287	0.022308	3.85275
chr13-26900000-27000000	-0.154575	-0.104021	0.394266	1.70299
chr13-29700000-29800000	-0.366281	-0.116592	0.207971	1.31121
chr13-27500000-27600000	-0.021319	-0.087245	0.450805	2.16984
chr13-27100000-27200000	-0.175543	-0.03367	0.232624	2.67306
chr13-27200000-27300000	-0.238388	0.09754	0.398277	2.52991
chr13-61300000-61400000	-0.213429	0.225578	0.248411	1.27004
chr13-67100000-67200000	-0.19384	0.005264	0.12638	1.56244
chr13-27600000-27700000	-0.004995	0.144843	0.443696	2.68115
chr13-46900000-47000000	0.220747	-0.057267	0.222186	1.93858
chr13-27900000-28000000	-0.17717	-0.07925	0.401686	3.76284
chr13-44200000-44300000	0.16968	0.1139	0.299382	1.62635
chr13-82600000-82700000	-0.387842	0.26208	-0.060012	1.23905
chr13-31200000-31300000	0.050409	-0.131275	0.17685	2.83757
chr13-28000000-28100000	-0.052964	-0.177919	0.257937	3.9685
chr13-28700000-28800000	-0.124236	-0.170527	0.326159	2.91628
chr13-93000000-93100000	-0.186123	0.082485	-0.172759	1.11682
chr13-51800000-51900000	-0.00176	0.124009	0.33688	1.83281
chr13-28800000-28900000	0.006016	-0.004402	0.326561	1.80315
chr13-79600000-79700000	-0.267086	0.075921	-0.110212	1.10828
chr13-40100000-40200000	0.029905	0.252114	0.30846	2.84031
chr13-28900000-29000000	-0.03317	-0.174413	0.17745	2.71993
chr13-52300000-52400000	0.107599	0.099789	0.306491	3.52165
chr13-29300000-29400000	-0.108708	-0.166146	0.220709	1.9265
chr13-49600000-49700000	0.255975	0.052309	0.414538	1.67024
chr13-63600000-63700000	-0.245839	0.192345	0.17068	1.2044
chr13-65400000-65500000	-0.193615	0.163121	0.127521	1.43212
chr13-43800000-43900000	-0.03378	-0.120167	0.241162	2.32854
chr13-29800000-29900000	-0.229221	-0.059848	0.349605	1.19322
chr13-43600000-43700000	0.135815	-0.126044	0.167722	1.8348
chr13-32200000-32300000	-0.041858	0.121249	0.450358	1.94664
chr13-29900000-30000000	-0.09307	0.024369	0.510034	1.20852
chr13-50800000-50900000	0.175892	-0.094822	0.274793	1.54293
chr13-50000000-50100000	0.160256	-0.050946	0.153528	3.83709
chr13-74700000-74800000	-0.130723	-0.112232	-0.080126	3.8164
chr13-98400000-98500000	0.158302	0.126386	-0.296575	1.29046
chr13-30100000-30200000	0.143085	-0.058858	0.306198	3.5299
chr13-52600000-52700000	-0.000461	0.216948	0.293761	1.40442
chr13-38300000-38400000	-0.036304	0.279752	0.253529	1.37223
chr13-30300000-30400000	0.067521	-0.160019	0.129481	2.02714
chr13-30200000-30300000	-0.029735	-0.156912	0.320071	1.95779
chr13-32400000-32500000	-0.077676	0.178637	0.351323	1.89814
chr13-65600000-65700000	-0.305155	0.371851	0.037307	1.37244
chr13-43200000-43300000	0.03436	0.005287	0.242755	1.44775
chr13-34300000-34400000	-0.072809	0.003104	0.168425	1.75876
chr13-30400000-30500000	0.138577	-0.144248	0.332674	3.45228
chr13-30800000-30900000	0.031793	-0.198644	0.309494	3.42494
chr13-30600000-30700000	-0.03894	-0.217876	0.19985	3.06911
chr13-30900000-31000000	0.059454	-0.180236	0.108527	3.15037
chr13-31700000-31800000	-0.017731	0.058469	0.400744	2.9929
chr13-35600000-35700000	-0.303615	0.123906	0.399942	1.12282
chr13-31800000-31900000	-0.245672	-0.01057	0.408617	1.57156
chr13-31900000-32000000	-0.266737	0.173118	0.389562	1.30051
chr13-92900000-93000000	-0.319107	0.22945	-0.290618	1.18394
chr13-32700000-32800000	-0.049062	0.051915	0.36815	2.72302
chr13-76400000-76500000	-0.056692	0.283561	0.184037	2.42451
chr13-78700000-78800000	-0.133593	0.446738	-0.03775	1.37674
chr13-32900000-33000000	-0.051848	0.18823	0.354865	1.62964
chr13-33000000-33100000	0.117041	0.05112	0.349309	2.17937
chr13-33200000-33300000	-0.020099	0.155287	0.392815	1.86406
chr13-73000000-73100000	-0.246919	0.358759	0.149246	1.26995
chr13-33600000-33700000	-0.048372	-0.121419	0.268755	2.6124
chr13-62700000-62800000	-0.052815	0.360591	0.184553	1.18086
chr13-33900000-34000000	-0.074414	0.122911	0.385843	2.62366
chr13-54400000-54500000	-0.255866	0.290746	0.259505	1.15908
chr13-34000000-34100000	-0.021103	-0.078956	0.437489	2.0549
chr13-72200000-72300000	-0.243089	0.134235	-0.108986	1.56323
chr13-34100000-34200000	-0.050306	-0.137479	0.205186	2.29268
chr13-76600000-76700000	-0.098451	0.384331	-0.022248	1.20134
chr13-34400000-34500000	-0.06065	0.147155	0.356505	1.38967
chr13-34900000-35000000	-0.245963	-0.03577	0.184986	2.42422
chr13-39100000-39200000	-0.13811	0.154614	0.319439	1.17132
chr13-35100000-35200000	-0.140902	0.080965	0.33992	1.2504
chr13-86700000-86800000	-0.459206	0.284998	-0.183562	1.16488
chr13-44500000-44600000	0.128788	-0.092248	0.272777	1.57612
chr13-37300000-37400000	-0.283419	0.109066	0.294653	3.03116
chr13-40600000-40700000	-0.097225	-0.22615	0.084071	1.31044
chr13-35800000-35900000	-0.265879	0.175689	0.336494	1.41264
chr13-35900000-36000000	-0.124556	0.023097	0.293833	1.22662
chr13-36200000-36300000	-0.242817	0.119261	0.370704	2.38873
chr13-36900000-37000000	-0.11605	0.008297	0.333434	2.94272
chr13-48400000-48500000	0.041006	0.045249	0.371365	1.45884
chr13-93200000-93300000	-0.054786	0.436421	-0.01048	1.17826
chr13-37200000-37300000	-0.077072	0.200668	0.298416	1.24547
chr13-37400000-37500000	-0.146861	-0.081827	0.28749	2.15081
chr13-73800000-73900000	0.10131	0.100784	0.021511	1.61551
chr13-40800000-40900000	0.069955	-0.039439	0.221381	1.37187
chr13-64700000-64800000	-0.214921	0.268031	0.241871	1.43019
chr13-37600000-37700000	-0.179098	-0.019828	0.236421	2.76036
chr13-75100000-75200000	-0.278079	-0.00978	-0.07419	1.36778
chr13-37900000-38000000	-0.13995	-0.174032	0.111875	2.03557
chr13-53900000-54000000	-0.24234	-0.078252	0.047441	1.15942
chr13-38900000-39000000	-0.110862	0.097384	0.153137	3.20507
chr13-39600000-39700000	0.072366	0.19146	0.296123	3.89185
chr13-55300000-55400000	-0.316082	-0.028295	0.006805	1.12219
chr13-53000000-53100000	-0.318245	0.143004	0.423767	4.48699
chr13-39700000-39800000	-0.060878	0.033599	0.224817	1.67969
chr13-39800000-39900000	-0.021702	0.201643	0.351003	1.48595
chr13-86200000-86300000	-0.17849	0.178585	-0.149993	1.44934
chr13-40400000-40500000	-0.127841	-0.147827	0.157548	1.46791
chr13-82300000-82400000	-0.343614	0.12819	-0.145961	1.06898
chr13-40900000-41000000	0.185711	-0.198358	0.145073	1.6609
chr13-41000000-41100000	-0.013906	-0.15635	0.090706	1.53677
chr13-72100000-72200000	-0.108901	0.165043	0.084262	1.40061
chr13-72600000-72700000	-0.244549	0.333104	-0.097079	1.27126
chr13-74400000-74500000	-0.251225	0.033039	-0.074698	1.9205
chr13-90600000-90700000	-0.174985	0.244204	-0.229515	1.22544
chr13-96400000-96500000	0.086669	0.343953	-0.058301	1.71725
chr13-41100000-41200000	-0.221055	-0.104917	0.10731	1.25882
chr13-47000000-47100000	0.116088	0.082168	0.377912	1.3847
chr13-41300000-41400000	-0.107143	0.004404	0.522949	3.26297
chr13-67600000-67700000	0.061586	0.26493	0.15477	1.76172
chr13-81200000-81300000	-0.341793	0.157974	-0.190014	1.11491
chr13-41600000-41700000	0.048476	-0.145891	0.313594	3.4747
chr13-47500000-47600000	0.190924	-0.036473	0.315355	1.4452
chr13-41700000-41800000	0.173728	-0.068487	0.169823	2.65589
chr13-41900000-42000000	0.094374	-0.079157	0.192121	2.0766
chr13-42400000-42500000	0.079865	-0.086752	0.342358	1.73145
chr13-93300000-93400000	0.038652	0.299947	-0.191933	1.11621
chr13-93500000-93600000	-0.260113	-0.028498	-0.160207	1.22157
chr13-42000000-42100000	0.171716	-0.19786	0.358	4.48072
chr13-71500000-71600000	-0.237541	0.385923	0.04025	1.18973
chr13-82700000-82800000	-0.234392	0.222716	-0.232347	1.14812
chr13-42100000-42200000	0.084701	-0.247941	0.187881	3.81163
chr13-53600000-53700000	-0.230019	-0.087031	0.061372	1.21607
chr13-46400000-46500000	0.141066	0.195448	0.251813	1.30642
chr13-42300000-42400000	0.109212	-0.129846	0.1552	1.53316
chr13-62200000-62300000	-0.288345	0.247693	0.229651	1.19308
chr13-68300000-68400000	-0.361183	0.026914	0.130065	1.11574
chr13-42500000-42600000	0.204231	0.002864	0.222012	3.09848
chr13-99300000-99400000	0.197054	0.210729	-0.147549	1.96174
chr13-48100000-48200000	0.104611	0.24514	0.328358	1.29919
chr13-62100000-62200000	-0.376084	0.238642	0.010289	1.15254
chr13-66000000-66100000	-0.244822	0.369057	0.000719	1.42625
chr13-68500000-68600000	-0.252127	-0.029118	-0.045243	1.09161
chr13-42600000-42700000	0.099582	-0.160015	0.279924	3.38935
chr13-43500000-43600000	0.124094	-0.104777	0.385654	3.60585
chr13-43700000-43800000	-0.033612	-0.219941	0.050157	1.40515
chr13-63700000-63800000	-0.019682	0.283008	0.173059	1.58167
chr13-87300000-87400000	-0.259977	0.368003	-0.048788	1.21365
chr13-43900000-44000000	0.09152	0.057747	0.215362	1.78641
chr13-63900000-64000000	-0.037526	0.288475	0.121329	1.51589
chr13-44000000-44100000	-0.053915	0.164997	0.312484	1.31231
chr13-44300000-44400000	0.066586	-0.034512	0.173939	2.10816
chr13-44600000-44700000	0.134688	0.036441	0.424875	1.53414
chr13-44700000-44800000	0.220673	-0.103479	0.309205	2.79793
chr13-44900000-45000000	0.304825	-0.001774	0.268726	2.37559
chr13-45100000-45200000	0.312027	-0.008897	0.262364	3.94182
chr13-89000000-89100000	-0.160837	0.30141	-0.019476	1.08991
chr13-45600000-45700000	0.274788	-0.034326	0.249014	2.89604
chr13-45200000-45300000	0.229374	0.140486	0.330116	2.9697
chr13-69800000-69900000	-0.408887	0.146444	-0.018969	1.17454
chr13-45400000-45500000	0.211024	0.111907	0.386867	3.01676
chr13-94000000-94100000	-0.127696	0.096973	-0.263038	1.29672
chr13-45900000-46000000	0.305437	-0.048738	0.332888	3.77248
chr13-46000000-46100000	0.108663	-0.10374	0.333946	3.30605
chr13-46700000-46800000	0.213087	0.117478	0.192088	1.43403
chr13-80800000-80900000	0.094158	0.23085	-0.003785	1.53756
chr13-97300000-97400000	0.006712	0.146163	-0.177553	1.24888
chr13-47900000-48000000	0.140095	0.2113	0.28646	1.74354
chr13-53500000-53600000	-0.095736	0.028499	0.152991	1.35533
chr13-48800000-48900000	0.201849	-0.00355	0.30705	4.11265
chr13-48900000-49000000	0.086255	0.16623	0.410497	1.68381
chr13-49300000-49400000	0.118274	0.119356	0.401778	1.75847
chr13-83100000-83200000	-0.031538	0.441127	0.123337	1.35884
chr13-52100000-52200000	0.140345	0.026962	0.1715	3.24407
chr13-49700000-49800000	0.158868	0.123885	0.245144	1.79349
chr13-92100000-92200000	-0.109832	0.156407	0.006603	1.16727
chr13-50500000-50600000	0.144866	0.170623	0.289034	3.97662
chr13-56700000-56800000	-0.296736	0.253608	0.234817	1.11231
chr13-50900000-51000000	0.136622	0.082374	0.185283	1.97359
chr13-51300000-51400000	0.156477	-0.048985	0.138242	1.66736
chr13-51200000-51300000	0.174567	0.005413	0.330785	1.87437
chr13-55200000-55300000	-0.411053	0.139494	0.143062	1.19367
chr13-51900000-52000000	0.07152	-0.043306	0.217312	1.84245
chr13-52500000-52600000	0.063379	0.054614	0.399837	2.25919
chr13-52900000-53000000	-0.137565	0.222326	0.457826	2.49285
chr13-53100000-53200000	-0.493797	-0.025393	0.359392	5.963
chr13-80700000-80800000	0.06109	0.44556	0.024002	1.82037
chr13-53200000-53300000	-0.305853	-0.008043	0.292957	3.48636
chr13-53400000-53500000	-0.278064	0.076612	0.239819	1.47535
chr13-68600000-68700000	-0.338984	0.171588	0.035866	1.09292
chr13-53800000-53900000	-0.397338	0.061882	0.1457	1.23105
chr13-97200000-97300000	-0.003754	0.366064	-0.127358	1.16726
chr13-54200000-54300000	-0.1117	0.13992	0.171088	1.10912
chr13-54500000-54600000	-0.191087	0.092781	0.138958	1.06724
chr13-83500000-83600000	-0.000667	0.132975	-0.201372	1.33245
chr13-54900000-55000000	-0.212014	0.262133	0.090073	1.10681
chr13-55100000-55200000	-0.326459	0.027182	-0.048908	1.20091
chr13-55500000-55600000	-0.313828	-0.052092	0.020917	1.18984
chr13-55600000-55700000	-0.37873	0.088406	0.203344	1.13651
chr13-84600000-84700000	-0.056982	0.353076	0.117703	1.12525
chr13-91400000-91500000	-0.301717	0.032121	-0.102413	1.15878
chr13-55700000-55800000	-0.266232	0.294708	0.162207	1.22744
chr13-86600000-86700000	-0.251501	0.185983	-0.225966	1.11327
chr13-55800000-55900000	-0.030456	0.28271	0.213888	1.07034
chr13-95400000-95500000	0.084319	0.254423	-0.101424	1.2267
chr13-55900000-56000000	-0.240341	0.166733	0.185454	1.17304
chr13-56100000-56200000	-0.221978	0.334921	0.322716	1.1916
chr13-56500000-56600000	-0.19955	0.391961	0.233827	1.29476
chr13-58700000-58800000	-0.346161	0.164208	0.184228	1.12169
chr13-90100000-90200000	-0.216617	0.299467	-0.133363	1.33242
chr13-96500000-96600000	0.009814	0.178268	-0.213191	1.65863
chr13-56900000-57000000	-0.334966	0.072555	0.035237	1.25775
chr13-57000000-57100000	-0.270371	0.220932	0.217752	1.16052
chr13-93600000-93700000	-0.03016	0.010019	-0.109736	1.33047
chr13-57200000-57300000	-0.404582	0.101013	0.029418	1.09881
chr13-57500000-57600000	-0.204279	0.373312	0.174079	1.06402
chr13-57600000-57700000	-0.396983	0.222871	0.165938	1.08019
chr13-57800000-57900000	-0.336803	0.051484	0.132828	1.24913
chr13-57900000-58000000	-0.235668	-0.094959	-0.022716	1.05759
chr13-58000000-58100000	-0.293023	0.047588	0.159093	1.12086
chr13-78400000-78500000	-0.026185	0.345472	0.115558	1.52457
chr13-58100000-58200000	-0.227875	0.286703	0.193618	1.16042
chr13-58500000-58600000	-0.275883	0.277981	0.219637	1.11127
chr13-58900000-59000000	-0.384235	0.163561	0.006079	1.10108
chr13-59000000-59100000	-0.306478	0.129767	0.219579	1.14978
chr13-59600000-59700000	-0.246814	-0.038981	0.042599	1.49056
chr13-59100000-59200000	-0.232382	0.345455	0.271674	1.13937
chr13-60800000-60900000	-0.006603	0.007674	-0.0266	1.19887
chr13-91200000-91300000	-0.05867	0.128155	-0.016204	1.22994
chr13-59200000-59300000	-0.006052	0.281188	0.280455	1.2364
chr13-91700000-91800000	-0.113686	0.197227	0.044903	1.24978
chr13-59800000-59900000	-0.218966	-0.056342	0.086251	1.21394
chr13-64100000-64200000	-0.183567	0.066215	0.060963	1.52258
chr13-60000000-60100000	-0.066507	0.07326	0.149516	2.0186
chr13-66400000-66500000	-0.305425	0.060789	0.005159	2.05554
chr13-60300000-60400000	-0.050091	0.328151	0.185088	1.69976
chr13-66700000-66800000	-0.067381	0.262349	0.219862	1.42353
chr13-88700000-88800000	-0.137278	0.038524	-0.163329	1.20956
chr13-60600000-60700000	-0.11211	0.116938	0.148473	1.73689
chr13-73400000-73500000	-0.301097	0.296157	0.113033	1.87643
chr13-84300000-84400000	0.026484	0.290706	0.060178	1.40117
chr13-84700000-84800000	-0.12208	0.206791	-0.060043	1.29892
chr13-60700000-60800000	-0.230149	-0.026029	0.017046	2.58081
chr13-60900000-61000000	-0.154609	0.115832	0.126236	4.51319
chr13-61000000-61100000	-0.374951	0.225796	0.113532	1.40125
chr13-87100000-87200000	-0.167092	0.323101	-0.036359	1.16803
chr13-90500000-90600000	-0.302884	0.054847	-0.14626	1.20055
chr13-61400000-61500000	-0.129703	0.387088	0.105109	1.07953
chr13-61500000-61600000	-0.162979	0.160632	0.101924	1.17211
chr13-61600000-61700000	-0.296135	0.31015	0.217209	1.19413
chr13-72400000-72500000	-0.265988	0.272898	0.099758	1.39795
chr13-78300000-78400000	-0.246199	0.371878	0.035176	1.32603
chr13-61900000-62000000	-0.355789	0.116278	0.164251	1.13017
chr13-62400000-62500000	-0.128368	0.126471	0.105879	1.14327
chr13-95000000-95100000	-0.015621	0.117655	0.002801	1.47219
chr13-62600000-62700000	-0.292043	0.299162	0.162956	1.30187
chr13-62800000-62900000	-0.243446	0.243056	0.118953	1.40346
chr13-62900000-63000000	-0.279164	0.034664	-0.007428	1.54447
chr13-64900000-65000000	-0.221948	0.266694	0.251804	1.28774
chr13-63100000-63200000	-0.262031	0.339019	0.006622	1.13953
chr13-63200000-63300000	-0.311373	0.148296	0.142794	1.24902
chr13-85700000-85800000	-0.149863	-0.027514	-0.099971	1.3021
chr13-63500000-63600000	-0.398251	0.088227	0.010254	1.48018
chr13-69300000-69400000	-0.410079	0.15469	0.049522	1.11928
chr13-64000000-64100000	-0.234103	0.227669	0.230495	1.81132
chr13-71400000-71500000	-0.088189	0.196275	0.021977	1.29195
chr13-64400000-64500000	-0.317486	0.405317	0.242658	1.26082
chr13-99700000-99800000	0.155705	-0.081166	-0.119467	2.50504
chr13-64500000-64600000	-0.370389	0.211859	0.106396	1.32116
chr13-64800000-64900000	-0.161567	0.434747	0.092297	1.18991
chr13-65200000-65300000	-0.369424	0.181517	-0.074831	1.42024
chr13-85000000-85100000	-0.128533	0.020692	-0.108452	1.48789
chr13-96800000-96900000	-0.206717	0.057325	-0.217687	1.23877
chr13-65300000-65400000	-0.354396	0.001853	0.08181	1.29707
chr13-98500000-98600000	0.082782	0.290985	-0.13729	2.83122
chr13-65800000-65900000	-0.15864	0.188119	0.112754	1.36137
chr13-65900000-66000000	-0.067611	0.396526	0.15276	1.26968
chr13-66300000-66400000	-0.320884	0.231381	0.166754	1.44062
chr13-66800000-66900000	-0.106223	0.064108	0.094449	1.34454
chr13-66900000-67000000	-0.203093	0.018209	-0.113296	1.35645
chr13-67000000-67100000	0	0	0	1.32973
chr13-67300000-67400000	-0.325118	-0.000487	0.051198	1.41511
chr13-67900000-68000000	-0.113524	0.122216	0.052442	1.36085
chr13-68400000-68500000	-0.411951	0.148738	-0.063529	1.36531
chr13-91800000-91900000	-0.285137	0.115855	-0.077358	1.28285
chr13-68700000-68800000	-0.183846	0.359318	0.031319	1.16076
chr13-68900000-69000000	-0.227104	0.328001	0.161342	1.09376
chr13-86900000-87000000	-0.24662	0.338525	-0.087409	1.17149
chr13-69400000-69500000	-0.32537	0.370295	0.142116	1.10139
chr13-69500000-69600000	-0.249847	0.295924	-0.072454	1.1548
chr13-90000000-90100000	0.02391	0.290786	-0.124732	1.24968
chr13-69900000-70000000	-0.199212	0.162881	-0.138007	1.32967
chr13-89800000-89900000	-0.228342	0.208658	-0.030174	1.1811
chr13-70400000-70500000	-0.366949	0.137177	0.025675	1.13368
chr13-90400000-90500000	-0.182491	0.25063	-0.182614	1.18297
chr13-70600000-70700000	-0.327817	0.170769	-0.104048	1.13271
chr13-70700000-70800000	-0.162013	0.331943	-0.14253	1.16746
chr13-70900000-71000000	-0.249941	0.337948	0.04905	1.12951
chr13-71300000-71400000	-0.303929	0.287203	0.043438	1.13238
chr13-77600000-77700000	-0.106493	0.172737	0.076442	3.16849
chr13-71600000-71700000	-0.238366	0.214593	-0.129381	1.14884
chr13-71900000-72000000	-0.129822	0.313836	-0.095009	1.33036
chr13-72000000-72100000	-0.054729	0.399653	0.104775	1.22805
chr13-72500000-72600000	-0.377847	0.144856	-0.066767	1.23782
chr13-72700000-72800000	-0.135649	0.157646	0.003775	1.12983
chr13-76300000-76400000	0.168168	0.251595	0.116009	2.34113
chr13-83700000-83800000	-0.037204	0.129073	-0.203435	1.97026
chr13-72900000-73000000	-0.037402	0.403395	0.217199	1.16215
chr13-73600000-73700000	-0.312039	0.069727	0.107886	2.90288
chr13-73900000-74000000	-0.080535	0.125701	0.120075	1.75189
chr13-74000000-74100000	0.096129	0.149379	-0.008082	1.76929
chr13-76000000-76100000	0.031705	0.371418	0.251872	2.25425
chr13-96600000-96700000	0.049826	0.361835	-0.098893	1.72631
chr13-74500000-74600000	-0.178972	-0.170051	-0.047224	1.98392
chr13-85100000-85200000	-0.322062	0.097277	-0.008835	1.1664
chr13-92600000-92700000	-0.165542	0.220128	-0.088819	1.29079
chr13-74600000-74700000	-0.330758	-0.028816	-0.000476	1.96793
chr13-92200000-92300000	-0.190162	0.302242	-0.143509	1.23787
chr13-94800000-94900000	-0.025143	0.186414	-0.007895	1.39016
chr13-75400000-75500000	-0.097718	0.157505	0.061982	1.23027
chr13-75500000-75600000	0.067962	0.315525	0.117245	1.22675
chr13-75700000-75800000	-0.044734	0.361373	0.149646	1.36852
chr13-97700000-97800000	-0.017532	-0.027254	-0.047564	2.92013
chr13-75800000-75900000	0.103634	0.170301	0.099735	1.54716
chr13-88200000-88300000	-0.053583	0.405572	0.075411	1.05155
chr13-75900000-76000000	0.057317	0.399912	0.057542	1.99628
chr13-76500000-76600000	0.109145	0.343389	0.036744	1.82879
chr13-76900000-77000000	-0.253812	0.350285	0.157015	1.25013
chr13-77000000-77100000	-0.093158	0.445469	0.010273	1.65182
chr13-77100000-77200000	-0.124044	0.35488	0.231941	1.27363
chr13-99800000-99900000	0.244525	0.088474	-0.200845	3.18171
chr13-77200000-77300000	-0.115555	0.199249	0.081583	2.32033
chr13-77300000-77400000	0.065178	0.300859	0.093671	1.57479
chr13-77400000-77500000	-0.124539	0.19286	0.133902	3.0194
chr13-77800000-77900000	0.090317	0.325395	0.042358	1.56395
chr13-77900000-78000000	-0.039625	0.131402	-0.001081	4.29365
chr13-78100000-78200000	-0.259113	0.336758	0.037141	1.09371
chr13-89500000-89600000	-0.044925	0.256921	-0.125273	1.24485
chr13-78800000-78900000	-0.275021	0.260813	-0.086063	1.20061
chr13-78900000-79000000	-0.120493	0.125416	0.022796	1.10873
chr13-79100000-79200000	-0.107797	0.119154	0.032149	1.26472
chr13-80000000-80100000	0.065128	0.169267	0.072255	2.55187
chr13-97800000-97900000	0.166221	0.067027	-0.009691	2.97975
chr13-80200000-80300000	-0.046711	0.415069	0.090878	1.45582
chr13-80500000-80600000	0.043485	0.123718	0.000122	2.74435
chr13-82100000-82200000	-0.373619	0.154874	-0.085786	1.10753
chr13-80600000-80700000	0.165348	0.281683	0.092462	1.93732
chr13-80900000-81000000	0.011478	0.428559	0.112144	3.97271
chr13-81300000-81400000	-0.286649	0.299464	-0.02013	1.16345
chr13-81600000-81700000	-0.152228	0.401579	-0.119842	1.20704
chr13-81800000-81900000	-0.037514	0.339132	-0.121923	1.18364
chr13-82200000-82300000	-0.168179	0.254329	-0.035458	1.12233
chr13-84500000-84600000	0.03559	0.34609	-0.089487	1.39169
chr13-95500000-95600000	-0.069402	0.114545	-0.051375	1.32541
chr13-82900000-83000000	-0.293001	0.200603	-0.146926	1.17942
chr13-83800000-83900000	0.014953	0.300251	-0.061486	1.43121
chr13-98100000-98200000	0.156679	0.152545	0.000219	1.5345
chr13-83900000-84000000	-0.167626	0.333774	-0.207903	1.25208
chr13-84100000-84200000	-0.215355	0.278842	-0.140062	1.52745
chr13-84400000-84500000	-0.189836	0.383491	0.005505	1.24308
chr13-97500000-97600000	-0.079227	0.155414	-0.206633	1.19115
chr13-84900000-85000000	-0.107728	0.256696	-0.083516	1.75413
chr13-85200000-85300000	-0.111731	0.215298	0.00375	1.56853
chr13-85900000-86000000	0.001788	0.311828	-0.122715	1.27629
chr13-86000000-86100000	0.049351	0.351573	0.092407	1.7571
chr13-86100000-86200000	0.011569	0.165017	-0.039591	1.7644
chr13-86300000-86400000	-0.054121	0.152277	0.037508	1.27847
chr13-86400000-86500000	-0.172514	0.166665	-0.186724	1.18743
chr13-87200000-87300000	-0.157302	0.3702	-0.27147	1.21331
chr13-87400000-87500000	-0.248507	0.148409	-0.14713	1.34394
chr13-87500000-87600000	-0.203889	0.375572	-0.074429	1.53544
chr13-87600000-87700000	-0.081256	0.194642	0.01013	1.69833
chr13-87700000-87800000	0.00283	0.353909	0.121482	2.42014
chr13-87800000-87900000	-0.173451	0.273631	0.002541	1.44526
chr13-87900000-88000000	-0.060622	0.41248	-0.156634	1.26316
chr13-88000000-88100000	-0.239618	0.23975	-0.152295	1.14122
chr13-88300000-88400000	-0.233684	0.353425	-0.080319	1.39124
chr13-88600000-88700000	-0.32978	0.164859	-0.096316	2.18137
chr13-88900000-89000000	-0.309766	0.146475	-0.134586	1.13272
chr13-89100000-89200000	-0.363396	0.2052	-0.10175	1.11929
chr13-89200000-89300000	-0.233369	0.066456	-0.254666	1.20033
chr13-89300000-89400000	-0.302451	0.219793	-0.083835	1.15556
chr13-90300000-90400000	-0.362581	0.365018	-0.076992	1.31807
chr13-90900000-91000000	-0.089998	0.110246	-0.017507	1.14039
chr13-91000000-91100000	-0.097152	-0.091371	-0.143437	2.40657
chr13-91600000-91700000	-0.156636	0.379792	-0.122662	1.13472
chr13-91900000-92000000	-0.152199	0.130606	-0.272258	1.65661
chr13-93100000-93200000	-0.072194	0.277197	-0.179982	1.22177
chr13-93700000-93800000	0.002908	0.232849	-0.089587	1.26553
chr13-93900000-94000000	-0.142856	0.214052	-0.067037	1.7901
chr13-94100000-94200000	0.080965	0.105946	-0.164063	1.50588
chr13-94300000-94400000	-0.087361	0.066883	0.017935	1.47685
chr13-94400000-94500000	0.096417	0.212498	0.037812	1.38413
chr13-94700000-94800000	0.041886	0.347494	0.145146	1.35945
chr13-94900000-95000000	0.163305	0.27797	0.064483	2.01127
chr13-95900000-96000000	0.165802	0.262101	-0.188687	5.27238
chr13-96900000-97000000	-0.054982	0.203387	-0.186663	1.15944
chr13-97900000-98000000	0.216631	0.25888	0.018241	3.34376
chr13-98700000-98800000	0.283449	0.078951	-0.095786	3.42257
chr13-98900000-99000000	0.231462	0.080965	-0.114743	4.15145
chr13-99900000-100000000	0.207816	0.103338	0.007808	2.16906
