chr10-104700000-104800000	0.406841	0.653128	0.431059	1.90256
chr10-100100000-100200000	1.08591	-0.357763	-0.038374	4.55027
chr10-106100000-106200000	0.614718	-0.259494	-0.262334	1.50475
chr10-28200000-28300000	-0.788479	-0.211893	0.223708	1.98248
chr10-112500000-112600000	1.03246	-0.019891	-0.288691	1.54643
chr10-39000000-39100000	-0.473016	-1.49917	-1.49138	1.64538
chr10-77500000-77600000	-0.264731	0.219025	-0.436417	1.3259
chr10-104100000-104200000	0.513251	0.500365	0.620129	5.7648
chr10-102100000-102200000	1.05575	0.438451	0.314386	3.3514
chr10-108300000-108400000	0.615396	-0.829048	-0.841623	1.60974
chr10-103100000-103200000	0.863045	0.142036	0.504288	3.05421
chr10-102500000-102600000	1.08602	0.150728	-0.175599	1.21998
chr10-100500000-100600000	0.201678	-0.819992	-0.825963	1.17943
chr10-129100000-129200000	0.738416	0.145359	-0.403412	2.33403
chr10-60800000-60900000	-0.093221	0.011905	-0.51917	1.16787
chr10-84500000-84600000	0.380286	-0.278328	-0.564026	1.20089
chr10-13100000-13200000	-0.322635	-0.420612	0.606524	3.50499
chr10-24400000-24500000	-0.12791	-0.620186	-0.185827	1.38238
chr10-102700000-102800000	1.014	-0.17306	0.514346	8.07667
chr10-88800000-88900000	0.975388	0.059049	1.03042	3.9301
chr10-106300000-106400000	0.730693	-0.347432	-0.713954	1.71512
chr10-134700000-134800000	1.08234	-0.026125	-1.04078	1.52019
chr10-108100000-108200000	0.252716	-0.743415	-0.847789	1.32903
chr10-57100000-57200000	-0.714325	-0.075248	-0.891009	1.23707
chr10-44100000-44200000	-0.688815	0.033501	-0.225086	4.04706
chr10-80800000-80900000	0.802454	0.811302	0.14537	7.63554
chr10-102300000-102400000	0.709422	0.150004	0.066918	1.68037
chr10-71500000-71600000	0.354237	1.00009	-0.296845	4.90594
chr10-48200000-48300000	0.478277	-1.94847	-0.30874	1
chr10-11600000-11700000	0.236272	-0.755899	0.435597	2.34104
chr10-116100000-116200000	0.997395	-0.372606	-0.645787	1.71191
chr10-48400000-48500000	0.185084	-1.05627	-0.399108	1.97404
chr10-20400000-20500000	-0.129159	-0.49215	0.048206	1.32102
chr10-104300000-104400000	0.669678	0.433602	0.826315	7.4409
chr10-19600000-19700000	-0.004912	-0.782248	0.309307	1.30428
chr10-6100000-6200000	-0.469459	-0.548373	0.510913	4.43857
chr10-108700000-108800000	0.266226	-0.419303	-1.21675	1.15213
chr10-84200000-84300000	0.015572	-0.298579	-0.562178	1.11096
chr10-100700000-100800000	0.34817	-0.287938	-0.525831	1.60219
chr10-100300000-100400000	0.272192	-0.672348	-0.65827	1.69071
chr10-116300000-116400000	0.785982	-0.024913	0.08858	2.04404
chr10-100000-200000	0.012838	-0.891736	1.02365	4.52532
chr10-74400000-74500000	0.455563	1.06835	-0.0508	2.55717
chr10-32600000-32700000	-0.376763	0.398674	0.713804	4.0823
chr10-100400000-100500000	0.323543	-0.278985	-1.15275	1.24835
chr10-81500000-81600000	0.358093	1.28824	-1.46377	1.17593
chr10-104400000-104500000	0.619815	0.775158	0.288316	7.13434
chr10-30300000-30400000	0.176822	0.17138	0.697705	4.26838
chr10-16500000-16600000	-0.28986	-0.48088	0.177728	1.33025
chr10-96500000-96600000	0.320358	-1.07832	-1.25736	1.15225
chr10-100000000-100100000	0.583294	0.0271	0.00576	4.11989
chr10-107800000-107900000	0.6237	-0.203316	-0.644254	1.17009
chr10-69900000-70000000	0.357882	0.589427	-0.297182	2.7343
chr10-102200000-102300000	1.06972	0.540377	-0.299998	3.55149
chr10-43700000-43800000	-0.541728	0.341593	-0.715299	1.55387
chr10-1000000-1100000	-0.082876	-0.154652	0.573405	4.86131
chr10-2800000-2900000	-0.037732	-0.961006	-0.138024	1.26757
chr10-14700000-14800000	0.04738	0.203675	0.87871	1.7392
chr10-122800000-122900000	0.718972	-0.213723	-0.702833	1.1766
chr10-130000000-130100000	0.929885	-0.442922	-0.929262	1.34094
chr10-102000000-102100000	0.858604	-0.15932	0.363029	3.99386
chr10-100200000-100300000	0.716056	-0.219265	-0.555418	3.13821
chr10-121600000-121700000	1.33667	-0.237272	-0.237894	3.95346
chr10-78500000-78600000	0.082897	0.229536	-1.0076	1.19382
chr10-106000000-106100000	0.696301	0.382189	-0.357526	5.12177
chr10-72300000-72400000	0.546306	0.963404	-0.369815	1.74325
chr10-63500000-63600000	-0.148842	0.365422	0.002787	1.73717
chr10-100600000-100700000	0.682579	-0.82441	-0.407481	1.48593
chr10-69700000-69800000	0.306531	0.936409	-0.168212	2.42494
chr10-34600000-34700000	-0.242946	0.297865	0.114001	1.83707
chr10-105000000-105100000	0.677181	0.573835	0.528305	2.49815
chr10-101000000-101100000	0.670244	-0.245474	-1.14318	2.09476
chr10-125200000-125300000	0.443565	-0.330746	-0.564042	1.27163
chr10-101400000-101500000	1.10558	-0.234403	0.283427	3.88774
chr10-109800000-109900000	0.813936	-0.076278	-0.950692	1.12314
chr10-118800000-118900000	0.794983	-0.696201	-1.17839	1.22884
chr10-43400000-43500000	-0.854911	-0.304743	-0.76608	1.33418
chr10-125400000-125500000	0.561519	-0.867407	-0.825045	1.19391
chr10-14400000-14500000	0.405866	-0.473438	0.707372	3.21447
chr10-10000000-10100000	-0.135242	-1.14244	0.044884	1.24808
chr10-100800000-100900000	0.255975	-0.662306	-1.03786	1.49073
chr10-100900000-101000000	0.852298	-0.795304	-0.847189	1.21323
chr10-67000000-67100000	-0.466968	0.17816	-0.893768	1.16457
chr10-61100000-61200000	-0.43707	0.320474	-0.969761	1.7227
chr10-105600000-105700000	0.915239	0.557458	-0.282313	4.70025
chr10-89200000-89300000	1.59286	0.105498	1.07431	5.23709
chr10-69200000-69300000	-0.044896	0.049542	-0.585595	1.24251
chr10-27500000-27600000	-1.20626	-0.342647	0.497473	5.92392
chr10-21500000-21600000	-0.310899	-1.133	0.075212	1.39748
chr10-83600000-83700000	0.193719	0.117956	-0.893344	1.15101
chr10-10800000-10900000	0.197692	-0.783281	0.688251	1.77959
chr10-67400000-67500000	-0.387783	-0.289371	-1.00643	1.16477
chr10-63000000-63100000	-0.00513	0.462714	-0.447762	1.43385
chr10-10100000-10200000	0.299927	-0.848215	0.402073	1.27298
chr10-115000000-115100000	0.608041	-0.118937	-0.569719	1.85928
chr10-109600000-109700000	0.480142	0.014483	-1.18374	1.14981
chr10-57200000-57300000	-0.43379	-0.637621	-0.763892	1.11703
chr10-24600000-24700000	-0.47367	-0.723402	-0.023889	1.56961
chr10-119100000-119200000	1.13571	-0.751857	-0.572518	3.05047
chr10-101500000-101600000	0.78343	0.197687	-0.078114	2.64741
chr10-64400000-64500000	0.060325	0.473704	-0.570478	1.79828
chr10-111100000-111200000	1.15062	-0.39242	-0.708335	1.49879
chr10-101100000-101200000	0.654634	-0.13283	-0.511552	3.14689
chr10-125500000-125600000	1.04527	-0.443885	-0.857072	1.5202
chr10-95600000-95700000	0.574378	-0.520637	0.002693	2.63295
chr10-61700000-61800000	-0.184449	-0.115659	-0.555862	1.23207
chr10-16700000-16800000	-0.275821	-0.495964	0.123335	1.91026
chr10-58400000-58500000	-0.443029	0.010597	-1.19252	1.17109
chr10-116800000-116900000	1.05429	-0.664779	-0.281823	1.92756
chr10-129200000-129300000	0.966694	0.195477	-1.00339	2.22176
chr10-89400000-89500000	0.545508	0.324661	0.550838	2.64575
chr10-105400000-105500000	0.826279	0.658018	-0.175487	9.00759
chr10-29500000-29600000	-0.241828	0.536508	0.305573	1.33919
chr10-12700000-12800000	0.282427	-0.750086	0.588959	2.54571
chr10-85800000-85900000	0.253574	0.409987	-0.768004	4.07251
chr10-27100000-27200000	-0.736311	-0.513147	0.499568	2.57749
chr10-115800000-115900000	1.14971	-0.656178	-0.312757	1.58566
chr10-105200000-105300000	0.793043	0.70926	0.190959	2.9484
chr10-101600000-101700000	1.02405	0.308801	0.506177	2.96223
chr10-85000000-85100000	0.216718	0.353015	-1.04571	1.13886
chr10-101200000-101300000	0.737251	-0.753813	-0.331428	1.39026
chr10-129400000-129500000	0.960634	-0.298569	-1.14672	1.10041
chr10-109000000-109100000	0.334644	-0.681714	-1.07171	1.10372
chr10-134600000-134700000	0.943361	-0.219636	-0.441672	1.38728
chr10-55300000-55400000	-0.586366	-0.469983	-0.810599	1.0998
chr10-19000000-19100000	-0.643288	-0.593706	-0.095065	1.37624
chr10-15300000-15400000	-0.537684	-0.212007	0.5488	1.73112
chr10-101300000-101400000	0.57869	-0.187181	-0.071561	3.77566
chr10-126500000-126600000	0.956337	0.520188	-0.792589	1.92555
chr10-129300000-129400000	0.642883	-0.192749	-0.599578	1.152
chr10-93000000-93100000	0.839116	-0.646951	0.46765	2.15281
chr10-111700000-111800000	0.698674	-0.396227	0.037235	3.16919
chr10-101700000-101800000	0.742139	-0.250045	0.447538	3.45074
chr10-59900000-60000000	-0.525537	0.489208	-0.616062	1.52424
chr10-54800000-54900000	-0.511173	-0.381278	-1.1794	1.21487
chr10-133200000-133300000	0.696258	-0.850009	-0.910275	1.22643
chr10-14100000-14200000	0.1901	-0.320287	0.641696	2.11034
chr10-76800000-76900000	-0.008753	0.83774	-0.310706	2.96971
chr10-101800000-101900000	1.11628	-0.163937	-0.050961	1.88572
chr10-101900000-102000000	0.675452	0.302287	-0.06125	3.50189
chr10-30000000-30100000	-0.185477	0.687847	0.713949	4.23389
chr10-10200000-10300000	-0.102179	-1.04382	-0.058272	1.38504
chr10-83300000-83400000	-0.086669	-0.569891	-1.03196	1.14152
chr10-87500000-87600000	0.124442	-0.257169	-1.32473	1.23756
chr10-52200000-52300000	-0.205887	0.19493	-0.164464	1.6055
chr10-21000000-21100000	-0.120121	-1.00046	-0.163502	1.26877
chr10-72000000-72100000	0.496703	0.962967	-0.533813	2.31819
chr10-115400000-115500000	0.864416	-0.733189	-0.807586	3.21782
chr10-120400000-120500000	1.25912	-0.637599	-0.25125	2.01003
chr10-129000000-129100000	1.26001	-0.217264	-0.369225	2.08419
chr10-63700000-63800000	-0.293129	0.763568	-0.523726	2.40724
chr10-104200000-104300000	1.08902	0.475609	0.374556	4.55293
chr10-131600000-131700000	0.620048	-0.873445	-0.749875	1.28629
chr10-29800000-29900000	-0.21045	0.282833	0.418488	3.1086
chr10-27200000-27300000	-0.095876	-0.571344	0.393097	1.40839
chr10-102400000-102500000	0.6561	0.537247	-0.433751	1.26063
chr10-117400000-117500000	0.713715	-0.805638	-0.958643	1.2779
chr10-14000000-14100000	-0.004367	0.100914	1.06463	2.39967
chr10-117600000-117700000	1.03916	-0.455069	-0.176411	1.61593
chr10-131200000-131300000	0.841478	-0.435668	-0.543538	2.7345
chr10-70500000-70600000	-0.138949	0.972443	-0.040058	2.46401
chr10-65000000-65100000	-0.410443	0.882024	-0.43354	2.0066
chr10-108600000-108700000	0.568668	-0.039609	-0.782386	1.10603
chr10-96200000-96300000	1.04309	-0.34133	0.003704	1.6083
chr10-126200000-126300000	0.675865	-0.734096	-0.086375	2.02879
chr10-58200000-58300000	-0.435206	0.043386	-0.733195	1.15744
chr10-102600000-102700000	0.588283	0.173131	0.213183	2.86949
chr10-1400000-1500000	-0.535432	-0.552197	-0.253983	1.50313
chr10-54700000-54800000	-0.700105	0.050121	-0.742236	1.4988
chr10-78300000-78400000	-0.039705	0.899666	-0.580761	1.77074
chr10-85300000-85400000	0.154429	-0.167189	-1.21042	1.42016
chr10-45500000-45600000	-0.946088	0.129481	-0.719152	1.26773
chr10-104000000-104100000	0.822425	0.722113	0.128836	3.12808
chr10-45100000-45200000	-0.271078	0.679882	-0.430424	1.55145
chr10-132000000-132100000	0.694524	-0.845835	-0.82242	1.70282
chr10-10300000-10400000	-0.305348	-0.465097	0.125925	1.36186
chr10-90300000-90400000	0.55662	0.17744	0.545469	2.58307
chr10-7400000-7500000	-0.130326	-0.636761	-0.011999	1.5767
chr10-65700000-65800000	0.11809	0.210679	-0.88668	1.31413
chr10-10500000-10600000	-0.27759	-0.927045	0.342528	2.05849
chr10-12300000-12400000	0.110799	-0.836269	0.507269	2.48312
chr10-38100000-38200000	-0.700807	-0.214005	-0.291198	3.06988
chr10-8000000-8100000	-0.463146	-1.0731	0.438092	1.84867
chr10-104600000-104700000	1.03222	0.638949	0.315226	3.46046
chr10-102800000-102900000	1.07652	0.422479	0.296225	4.77218
chr10-116400000-116500000	1.07937	-0.543666	-0.138573	2.07311
chr10-63300000-63400000	-0.583813	0.484478	-0.28986	1.66552
chr10-106400000-106500000	0.479154	-0.079242	-1.25202	1.29188
chr10-49800000-49900000	-1.04472	-0.00943	-0.440968	6.50078
chr10-104900000-105000000	1.26366	0.412396	0.383829	3.35956
chr10-102900000-103000000	1.05929	0.602578	-0.317601	1.47585
chr10-49700000-49800000	-0.736173	-0.108621	-0.97131	4.88709
chr10-104800000-104900000	0.737674	0.095507	0.504627	2.76964
chr10-34400000-34500000	-0.19294	0.516996	0.260189	1.57227
chr10-123200000-123300000	0.504304	-0.211102	-0.722932	1.21753
chr10-134000000-134100000	0.976682	0.468528	-0.665293	2.71149
chr10-12400000-12500000	-0.20123	-0.324214	0.278719	1.86814
chr10-127800000-127900000	0.914111	0.454685	-0.449226	2.06912
chr10-5000000-5100000	-1.15403	-0.946257	0.448621	1.48776
chr10-103800000-103900000	1.12401	0.679878	0.271688	7.54007
chr10-16400000-16500000	-0.719093	-0.621856	-0.276891	1.72185
chr10-92100000-92200000	0.305577	0.443412	-0.71167	1.29851
chr10-3600000-3700000	-0.367251	0.054505	0.467568	1.62074
chr10-89500000-89600000	0.783953	-0.275958	0.626313	3.06803
chr10-103600000-103700000	1.01408	0.513779	0.121139	2.44502
chr10-16000000-16100000	-0.088345	-0.715279	-0.139734	1.10335
chr10-90200000-90300000	0.790609	-0.425603	0.453943	1.41496
chr10-103400000-103500000	0.911649	-0.105224	0.583532	3.47209
chr10-10700000-10800000	-0.173484	-1.02445	0.223284	1.41189
chr10-56000000-56100000	-0.368155	0.063032	-0.784631	1.16293
chr10-103200000-103300000	0.913999	0.583118	0.038311	1.54973
chr10-92400000-92500000	0.102921	-0.5537	-0.783424	1.28857
chr10-70700000-70800000	0.554365	0.675234	-0.275033	4.02618
chr10-126000000-126100000	0.724861	-0.161345	-0.670554	2.03731
chr10-106200000-106300000	0.772266	-0.886697	-0.355752	1.30184
chr10-103000000-103100000	0.665365	0.667003	0.194164	1.66176
chr10-120600000-120700000	0.873557	-0.880689	-0.564314	1.47328
chr10-94600000-94700000	0.69183	0.327957	-0.014087	2.58853
chr10-66200000-66300000	-0.106785	-0.05078	-0.576853	1.08607
chr10-103700000-103800000	0.606017	0.952324	0.022345	2.01467
chr10-17000000-17100000	-0.176812	-0.457841	0.981581	4.18793
chr10-13400000-13500000	-0.331418	-0.746601	0.462126	1.38545
chr10-4700000-4800000	0.101883	-0.041763	0.758359	3.43359
chr10-103300000-103400000	0.49013	0.338896	0.468077	3.67936
chr10-17400000-17500000	-0.481536	-0.348457	0.364149	1.41383
chr10-123300000-123400000	0.566432	-0.846245	-0.686212	1.19768
chr10-44500000-44600000	-0.376898	0.658502	-0.224216	1.41852
chr10-105500000-105600000	0.878905	0.120605	0.176079	5.12341
chr10-129900000-130000000	0.652956	0.122977	-1.13476	1.38131
chr10-84700000-84800000	0.093553	-0.072111	-0.652283	1.31604
chr10-57500000-57600000	-0.462059	-0.140306	-1.27825	1.0036
chr10-109100000-109200000	0.544556	-0.122822	-0.792527	1.18473
chr10-7100000-7200000	-0.574712	-0.688205	-0.289099	1.31553
chr10-103500000-103600000	0.525318	0.389451	0.523981	4.08631
chr10-103900000-104000000	0.739942	0.336592	0.621549	3.46879
chr10-61400000-61500000	-0.343769	0.267624	-1.00075	1.42944
chr10-124800000-124900000	0.91517	-0.769041	-0.739697	1.26651
chr10-45400000-45500000	-0.618789	0.506328	-0.297087	7.09096
chr10-10400000-10500000	-0.73942	-0.874873	-0.092166	1.60208
chr10-51600000-51700000	-1.35846	0.46059	-0.576623	1
chr10-106500000-106600000	0.598174	-0.170744	-0.627771	1.12972
chr10-131100000-131200000	0.732781	-0.697108	-1.13077	1.28696
chr10-44300000-44400000	-0.110652	0.674365	0.216619	4.07811
chr10-104500000-104600000	0.656871	0.219415	0.586415	3.46873
chr10-7300000-7400000	-0.671579	-0.925858	-0.19547	1.6181
chr10-62500000-62600000	-0.330205	0.745286	-0.472967	1.58211
chr10-44200000-44300000	-0.709031	0.667821	-0.049762	1.67559
chr10-105100000-105200000	1.13877	0.206754	0.267909	3.72701
chr10-22500000-22600000	-0.426349	-0.704306	0.150732	2.28236
chr10-13500000-13600000	-0.572314	-0.167335	0.367113	2.28781
chr10-64100000-64200000	-0.05023	0.179391	-0.316025	2.16398
chr10-118700000-118800000	1.04118	-0.880872	-0.605404	2.68719
chr10-105300000-105400000	1.09028	0.151646	0.091948	4.95732
chr10-28100000-28200000	-0.224079	-0.073649	0.501202	1.32101
chr10-111300000-111400000	0.460009	-0.953939	-1.01279	1.85211
chr10-79200000-79300000	0.385955	0.840981	0.388709	4.322
chr10-62800000-62900000	0.142021	0.375175	-0.56981	1.35809
chr10-105700000-105800000	0.542806	0.109018	-0.029327	3.27938
chr10-82000000-82100000	0.495717	0.469771	-0.620725	1.61917
chr10-54000000-54100000	-0.283975	0.47318	-0.553079	3.29542
chr10-105800000-105900000	0.776377	-0.455601	0.161228	3.09978
chr10-51900000-52000000	-1.35855	0.464532	-0.575645	1.0989
chr10-105900000-106000000	1.13935	0.000258	-0.085201	2.21633
chr10-49300000-49400000	0.768789	-1.83681	0.043249	1.38246
chr10-34800000-34900000	-0.057526	0.459368	0.603481	2.15708
chr10-18300000-18400000	-0.500816	-0.106691	0.562012	1.26935
chr10-50200000-50300000	-0.433796	0.029334	-0.268981	1.69002
chr10-10600000-10700000	0.242085	-0.542993	0.36655	1.60771
chr10-130800000-130900000	0.853926	-0.144959	-1.15626	1.36193
chr10-106600000-106700000	0.169138	-0.65311	-0.571657	1.14964
chr10-106700000-106800000	0.594447	-0.164764	-0.635656	1.13317
chr10-108500000-108600000	0.150207	-0.538868	-0.841076	1.10828
chr10-2100000-2200000	-0.201633	-1.18852	-0.242517	1.21446
chr10-50800000-50900000	-0.446168	-0.072071	-0.59231	1.48697
chr10-124000000-124100000	0.794105	0.420338	-0.70644	2.07395
chr10-12600000-12700000	-0.260479	-0.421966	0.50069	1.92881
chr10-133400000-133500000	0.761717	-0.808907	-1.31468	1.23977
chr10-3000000-3100000	0.211458	-0.787955	0.438782	3.62892
chr10-119800000-119900000	0.371887	-0.181478	-0.685548	4.09743
chr10-18400000-18500000	0.10188	-0.23996	0.376537	1.59837
chr10-7000000-7100000	-0.073785	-0.458208	0.043234	1.20384
chr10-69400000-69500000	0.258703	0.531612	-1.15399	1.15094
chr10-4200000-4300000	0.041237	0.233258	0.665754	1.76323
chr10-63600000-63700000	0.285117	0.563625	-0.433833	2.78451
chr10-106800000-106900000	0.300161	-0.320891	-1.19643	1.19624
chr10-113800000-113900000	0.663024	-0.218904	-0.755832	1.48963
chr10-106900000-107000000	0.233238	-0.363504	-0.555857	1.23523
chr10-52100000-52200000	-0.742518	0.465051	-0.401215	2.45377
chr10-49500000-49600000	-0.093428	-1.09864	-0.508967	2.39879
chr10-45300000-45400000	-0.371232	-0.090102	-0.243955	2.75931
chr10-107000000-107100000	0.744119	-0.108786	-0.864321	1.14998
chr10-107100000-107200000	0.204786	-0.374678	-1.09863	1.10036
chr10-107200000-107300000	0.463502	-0.856439	-0.765913	1.04929
chr10-85500000-85600000	0.155874	0.039661	-1.10591	1.23336
chr10-6700000-6800000	0.161265	-1.05939	0.325732	2.37728
chr10-53400000-53500000	-0.364593	0.718382	-0.451018	2.8669
chr10-107300000-107400000	0.412253	-0.220445	-0.643399	1.21699
chr10-116600000-116700000	0.830091	-0.599356	-0.110394	2.72265
chr10-47500000-47600000	-0.406	-1.36061	-0.82071	2.41298
chr10-107400000-107500000	0.328382	-0.817912	-0.884976	1.07086
chr10-107600000-107700000	0.307464	-0.837811	-1.08273	1.13468
chr10-114200000-114300000	0.935662	0.011467	-0.32539	3.216
chr10-24800000-24900000	-0.312226	-0.862149	0.392297	1.79533
chr10-24000000-24100000	-0.155396	-0.991563	-0.364724	1.11169
chr10-107500000-107600000	0.320556	-0.189386	-1.02283	1.11669
chr10-1700000-1800000	-0.1351	-0.60382	-0.134995	1.24346
chr10-51500000-51600000	-1.3599	0.459986	-0.578025	3.50787
chr10-37500000-37600000	-0.199301	-1.06039	-0.478465	1.20368
chr10-28000000-28100000	-0.633955	-0.367613	0.107905	1.72294
chr10-134500000-134600000	0.957376	-0.540129	0.09874	3.37476
chr10-95100000-95200000	0.649502	-0.442995	0.364409	4.34914
chr10-62400000-62500000	-0.321855	0.463608	-1.05522	1.3113
chr10-131700000-131800000	0.600131	-0.481864	-1.25288	1.40605
chr10-107700000-107800000	0.308597	-0.199009	-1.21966	1.26093
chr10-107900000-108000000	0.439765	-0.737066	-0.967645	1.15123
chr10-32500000-32600000	-0.794805	0.422797	0.244114	1.8634
chr10-85100000-85200000	-0.067508	-0.182319	-1.29804	1.40598
chr10-108000000-108100000	0.56164	-0.242735	-0.570126	1.15485
chr10-45600000-45700000	-1.00791	-0.50273	-0.786539	2.05551
chr10-108200000-108300000	0.584175	-0.188728	-0.769286	1.08386
chr10-125000000-125100000	0.667409	-0.226296	-0.624005	1.46281
chr10-34100000-34200000	-0.103673	0.219843	0.74316	1.38836
chr10-32700000-32800000	-0.782092	0.12431	0.318535	3.26277
chr10-112800000-112900000	0.626398	-0.756417	-0.152223	1.2392
chr10-23800000-23900000	-0.085878	-0.873648	-0.216253	1.18308
chr10-36600000-36700000	-0.364901	0.095476	0.328187	1.73477
chr10-14600000-14700000	-0.335805	-0.238734	0.610617	3.12133
chr10-108400000-108500000	0.440523	-0.593873	-0.258523	1.24652
chr10-108800000-108900000	0.354469	-0.497308	-0.576441	1.11455
chr10-126400000-126500000	1.36632	0.134063	-0.499646	4.36422
chr10-108900000-109000000	0.572896	-0.084679	-1.02577	1.087
chr10-10900000-11000000	-0.315597	-0.621001	0.377667	1.69299
chr10-69100000-69200000	-0.207358	0.07857	-1.20949	1.11767
chr10-21100000-21200000	-0.338295	-0.406829	-0.032586	1.20616
chr10-109200000-109300000	0.444869	-0.711572	-0.530183	1.23135
chr10-16600000-16700000	0.147824	-0.859451	0.434298	1.92486
chr10-109300000-109400000	0.130452	-0.478072	-1.04272	1.55995
chr10-30500000-30600000	-0.557082	0.559009	0.319844	2.33333
chr10-29100000-29200000	0.009898	0.674875	0.33162	1.93534
chr10-21300000-21400000	-0.170507	-1.09962	0.018528	1.28767
chr10-69600000-69700000	-0.11129	0.517273	0.044709	3.04737
chr10-65600000-65700000	-0.348063	-0.06583	-1.23586	1.31407
chr10-109400000-109500000	0.435672	-0.86633	-0.634984	1.32587
chr10-121200000-121300000	1.19935	-0.081977	-0.188444	4.61986
chr10-71800000-71900000	0.235932	0.454225	0.054889	3.76415
chr10-20800000-20900000	-0.194062	-1.03805	-0.101552	1.22291
chr10-8100000-8200000	-0.026815	-0.84526	0.002058	1.73923
chr10-60400000-60500000	-0.412503	0.730005	-0.787273	1.84774
chr10-97600000-97700000	0.693706	-0.854319	-0.555598	2.16821
chr10-500000-600000	-0.01481	-0.385745	0.258847	3.70967
chr10-109500000-109600000	0.076337	-0.372869	-0.853441	1.12016
chr10-1300000-1400000	-0.144227	-1.07463	-0.281277	1.30652
chr10-46400000-46500000	-0.905755	-1.09529	-1.11439	0
chr10-42400000-42500000	-0.317106	-1.00066	-1.10042	1.43103
chr10-11400000-11500000	0.202702	-0.890329	0.404013	1.37192
chr10-120100000-120200000	0.593862	-0.848833	-0.513101	2.80457
chr10-109700000-109800000	0.414756	-0.583486	-0.943825	1.07329
chr10-35400000-35500000	-0.231399	-0.189441	0.394079	3.46863
chr10-109900000-110000000	0.340808	-0.417859	-1.22295	1.12202
chr10-134300000-134400000	1.14185	0.451966	-0.499848	3.7259
chr10-91500000-91600000	0.923875	-0.560989	0.064671	3.64093
chr10-73100000-73200000	0.461805	0.62616	-0.555781	1.97923
chr10-3300000-3400000	0.327679	-0.444129	0.844214	1.90927
chr10-68400000-68500000	-0.207674	-0.071627	-0.544132	1.27524
chr10-1100000-1200000	0.020047	-0.647521	0.162164	4.08064
chr10-20000000-20100000	0.204704	-0.815936	0.367823	1.44077
chr10-19800000-19900000	-0.47711	-0.642612	0.225811	1.26401
chr10-33300000-33400000	-0.18019	0.687994	0.297458	1.85078
chr10-119700000-119800000	0.770703	0.185357	-1.04102	1.67581
chr10-11000000-11100000	0.158031	-1.04176	0.265835	1.70109
chr10-27300000-27400000	-0.625625	-0.929028	0.272579	2.99089
chr10-94100000-94200000	1.13454	-0.391848	0.350384	1.53517
chr10-131400000-131500000	0.969159	0.145295	-0.976721	1.92587
chr10-110000000-110100000	0.657269	-0.197522	-0.696286	1.22397
chr10-66600000-66700000	-0.372488	0.206296	-1.2046	1.18382
chr10-110100000-110200000	0.361135	-0.122012	-1.27562	1.33472
chr10-110200000-110300000	0.401712	-0.769905	-1.20645	1.1937
chr10-2400000-2500000	-0.606573	-1.21825	-0.137701	1.17085
chr10-66400000-66500000	-0.494873	0.131128	-0.920251	1.11314
chr10-110300000-110400000	0.559162	-0.848855	-0.583224	1.24108
chr10-45800000-45900000	-1.0991	-0.412923	-0.831521	1.24852
chr10-119400000-119500000	0.638344	-0.806068	-0.918812	1.21193
chr10-29700000-29800000	-0.238874	0.633609	0.948241	3.04858
chr10-61200000-61300000	-0.407763	-0.01776	-0.424152	1.34568
chr10-118000000-118100000	0.920947	-0.348938	-0.882057	2.62364
chr10-110400000-110500000	0.740476	-0.234292	-0.621574	1.14137
chr10-118300000-118400000	0.628702	-0.260971	-0.612303	1.20616
chr10-124300000-124400000	1.04767	-0.828386	-0.733034	1.34487
chr10-128500000-128600000	1.19219	-0.240217	-0.899872	3.34374
chr10-110500000-110600000	0.421935	0.228544	-0.944567	1.47803
chr10-86000000-86100000	0.342715	0.399864	-0.85517	3.21614
chr10-132400000-132500000	0.925874	-0.74833	-0.813934	1.2161
chr10-56100000-56200000	-0.221784	-0.111544	-1.39498	1.11706
chr10-50600000-50700000	-0.803492	-0.522495	-0.626882	1.60442
chr10-110600000-110700000	0.55003	-0.272242	-0.562676	1.88113
chr10-20700000-20800000	-0.701609	-0.687192	-0.203167	1.14484
chr10-82400000-82500000	0.022637	-0.217017	-1.25679	1.54041
chr10-86400000-86500000	-0.026919	-0.467066	-0.746045	1.21332
chr10-73700000-73800000	0.890284	0.976548	-0.119576	5.88937
chr10-62200000-62300000	-0.428857	0.599579	-0.765663	1.41132
chr10-122500000-122600000	0.575568	-0.836225	-0.738147	1.19684
chr10-122700000-122800000	0.390172	-0.555256	-1.14492	1.38808
chr10-28700000-28800000	-0.830113	-0.028097	0.176855	1.52354
chr10-110700000-110800000	1.02386	-0.257164	-1.00983	1.07876
chr10-30200000-30300000	-0.348712	0.490536	0.508393	2.23983
chr10-110800000-110900000	0.626311	0.043557	-1.39761	1.19141
chr10-112400000-112500000	0.688939	-0.542399	-0.158234	1.97132
chr10-132200000-132300000	0.59633	-0.231912	-0.634716	1.18449
chr10-117000000-117100000	0.345143	-0.797876	-0.967786	1.2131
chr10-117800000-117900000	0.724372	-0.198237	-0.668534	2.19443
chr10-131000000-131100000	0.427867	-0.918629	-0.606693	1.25672
chr10-81200000-81300000	0.686526	0.779127	-0.535152	4.64893
chr10-92200000-92300000	0.187713	-0.180426	-0.604524	1.25895
chr10-131800000-131900000	0.655847	-0.848655	-0.719404	2.97261
chr10-110900000-111000000	0.8364	0.489752	-0.970925	1.60987
chr10-11100000-11200000	-0.030569	-0.436082	0.117242	1.33971
chr10-117300000-117400000	0.616475	-0.298101	-1.3321	1.26735
chr10-24200000-24300000	-0.686947	-0.745523	-0.493119	1.13978
chr10-77800000-77900000	-0.351529	0.173206	-0.578222	1.70248
chr10-122200000-122300000	0.784363	-0.232692	-0.690955	1.31768
chr10-23500000-23600000	-0.632558	-1.00557	0.078955	1.20653
chr10-74600000-74700000	-0.029029	1.00771	0.132124	1.73775
chr10-58000000-58100000	-0.510629	-0.015841	-0.692864	1.78788
chr10-49200000-49300000	0.767449	-1.83752	0.044701	1
chr10-27600000-27700000	-1.00983	-0.436293	-0.100735	1.32478
chr10-111000000-111100000	1.31978	0.212296	-0.649649	2.02402
chr10-56700000-56800000	-0.574636	-0.06187	-1.1289	1.23122
chr10-30100000-30200000	0.183577	0.196641	0.708614	2.11664
chr10-125600000-125700000	0.525697	-0.549846	-1.20767	1.38907
chr10-29200000-29300000	-0.628575	0.658002	0.291395	2.22026
chr10-25500000-25600000	-0.637131	-0.274348	-0.088141	1.07875
chr10-129800000-129900000	1.06878	-0.296841	-0.897334	1.48352
chr10-65100000-65200000	-0.156297	0.497341	0.012481	1.74288
chr10-111200000-111300000	0.738634	-0.824025	-0.436733	1.22847
chr10-89000000-89100000	1.59013	0.107825	1.07373	1
chr10-92300000-92400000	0.451713	-0.642715	-0.251285	1.4549
chr10-61000000-61100000	-0.095986	0.134264	-0.459685	1.40003
chr10-81800000-81900000	0.713531	0.610347	-0.783144	3.55655
chr10-119900000-120000000	0.390535	-0.825717	-0.688899	1.22552
chr10-63400000-63500000	-0.067577	0.830525	-0.427215	1.76171
chr10-29300000-29400000	-0.261117	0.224103	0.574599	1.54229
chr10-78100000-78200000	-0.111741	0.734538	-0.453985	2.54378
chr10-9900000-10000000	-0.679755	-0.800477	0.032239	1.30404
chr10-111400000-111500000	0.721557	-0.423193	-1.2533	1.17907
chr10-62700000-62800000	-0.461497	0.590879	-0.462162	3.90977
chr10-11200000-11300000	-0.63098	-0.293265	-0.029828	1.70654
chr10-55100000-55200000	-0.671854	-0.063529	-0.7506	1.05023
chr10-111500000-111600000	0.718554	-0.852192	-0.762019	1.26754
chr10-47000000-47100000	-0.516876	-0.737126	-0.737015	6.01328
chr10-111600000-111700000	1.14317	-0.474629	-0.421017	3.88359
chr10-130600000-130700000	0.347242	-0.500149	-0.530741	1.22304
chr10-4400000-4500000	-0.262271	0.247851	0.645282	1.4585
chr10-121000000-121100000	0.935002	0.164564	-0.052396	4.41632
chr10-21400000-21500000	-0.321872	-0.495975	0.176931	1.25754
chr10-89800000-89900000	0.697126	-0.054306	0.325334	2.42732
chr10-25700000-25800000	-0.051896	-0.846847	-0.114054	1.18041
chr10-25600000-25700000	-0.541655	-0.743634	-0.519397	1.12417
chr10-111800000-111900000	1.11812	0.019699	-0.207905	1.80205
chr10-111900000-112000000	0.749926	-0.428318	0.081758	3.50963
chr10-50000000-50100000	-0.400047	-0.410851	-0.358593	1.85589
chr10-112000000-112100000	1.01163	0.0694	-0.219583	3.22119
chr10-21600000-21700000	-0.49076	-0.804073	0.606478	2.71322
chr10-43000000-43100000	-0.555278	-1.12318	-1.03676	3.15996
chr10-128000000-128100000	0.926705	-0.568231	0.05833	2.27831
chr10-73800000-73900000	0.656422	0.717209	0.413078	1.784
chr10-112100000-112200000	1.25145	-0.228835	0.28839	4.57899
chr10-130500000-130600000	0.535977	-0.56126	-1.14511	1.24318
chr10-97100000-97200000	0.626455	-0.210649	-0.543491	1.83286
chr10-59100000-59200000	-0.56787	-0.320551	-0.767304	1.10707
chr10-5700000-5800000	-0.605797	-0.233133	0.65608	3.61739
chr10-51100000-51200000	-1.6326	0.079085	-1.01506	1.74459
chr10-123100000-123200000	0.655218	-0.834165	-0.768568	1.17946
chr10-112200000-112300000	1.0775	0.239737	-0.08758	4.17257
chr10-1500000-1600000	-0.352221	-1.038	0.097749	1.26751
chr10-33800000-33900000	-0.158141	0.244718	0.081109	1.38293
chr10-26100000-26200000	-0.397829	-0.529156	-0.06214	1.17203
chr10-112300000-112400000	0.885134	-0.206741	0.358708	2.55106
chr10-80400000-80500000	0.128831	0.57649	0.308879	2.17354
chr10-74300000-74400000	0.376091	0.782747	0.516577	2.32331
chr10-120200000-120300000	0.300034	-0.331744	-0.770378	1.38242
chr10-50300000-50400000	-0.883093	0.026319	-0.723934	3.31344
chr10-112600000-112700000	0.703306	-0.53798	-0.132465	4.52694
chr10-112700000-112800000	0.997648	-0.665331	-0.682291	1.50811
chr10-66900000-67000000	-0.220108	-0.400173	-1.03548	1.14641
chr10-112900000-113000000	0.876976	-0.76672	-0.747854	1.35053
chr10-71200000-71300000	0.55705	0.78472	-0.113445	1.9426
chr10-114300000-114400000	1.18258	-0.588521	-0.409499	1.56037
chr10-19300000-19400000	0.04439	-1.17538	0.24754	1.30036
chr10-60300000-60400000	-0.542951	0.387306	-0.269077	1.72989
chr10-33600000-33700000	-0.576662	0.202661	0.645576	4.14138
chr10-68300000-68400000	-0.02656	0.234937	-1.08089	1.24301
chr10-11300000-11400000	-0.134443	-0.703161	-0.108922	1.43608
chr10-4800000-4900000	-0.496968	-0.152808	0.522218	2.98726
chr10-114800000-114900000	1.12885	0.104581	-0.20592	3.13976
chr10-16300000-16400000	-0.113787	-0.686785	-0.094353	1.15329
chr10-29000000-29100000	-0.060763	0.145322	0.682984	1.98272
chr10-114400000-114500000	0.948782	-0.775138	0.150794	1.66722
chr10-78200000-78300000	0.459627	0.484809	-0.618777	1.41681
chr10-25800000-25900000	-0.407612	-0.931015	-0.638709	1.16215
chr10-133800000-133900000	1.06042	0.306859	-0.668203	1.8698
chr10-113000000-113100000	0.692311	-0.242	-1.07044	1.36641
chr10-135200000-135300000	0.805613	0.431226	-0.623107	4.04912
chr10-57800000-57900000	-0.138399	0.122882	-1.01656	1.25528
chr10-26000000-26100000	-0.451963	-1.10047	-0.352155	1.12832
chr10-17700000-17800000	-1.05255	-0.306958	0.772713	2.3684
chr10-113100000-113200000	0.447758	-0.818583	-0.907172	1.39185
chr10-54400000-54500000	-0.640258	0.590218	-0.602008	1.32033
chr10-29400000-29500000	-0.756974	0.19683	0.174181	2.04965
chr10-113200000-113300000	0.398088	-0.264586	-1.21832	1.144
chr10-85200000-85300000	0.004964	-0.780714	-1.06132	1.46779
chr10-25100000-25200000	-0.615559	-0.51376	0.475288	2.37549
chr10-23600000-23700000	-0.948398	-0.422769	0.052764	1.77912
chr10-55200000-55300000	-0.493851	-0.156772	-1.3794	1.11046
chr10-48000000-48100000	0.479477	-1.95004	-0.30606	0
chr10-33000000-33100000	-0.609287	0.563068	0.448961	1.44638
chr10-26300000-26400000	-0.229086	-1.16492	-0.327715	1.1684
chr10-113300000-113400000	0.44571	-0.815258	-0.890248	1.17567
chr10-113400000-113500000	0.365572	-0.254586	-0.573029	1.09334
chr10-115200000-115300000	0.477511	-0.87347	-0.489306	1.60172
chr10-116000000-116100000	0.804353	-0.548204	-0.065586	2.1113
chr10-12200000-12300000	-0.188047	-0.286315	0.319383	3.3175
chr10-18800000-18900000	0.112557	-0.785183	0.719113	1.61083
chr10-113600000-113700000	0.554863	-0.220351	-0.563074	1.2118
chr10-135400000-135500000	1.17779	0.50045	-1.642	1.89516
chr10-85600000-85700000	0.01928	-0.356185	-0.607557	1.17006
chr10-53800000-53900000	-0.432414	0.533806	-0.753901	1.47514
chr10-113500000-113600000	0.468088	-0.016563	-1.16777	1.11145
chr10-22200000-22300000	-0.505594	-0.77599	0.395281	2.29432
chr10-44800000-44900000	-0.292671	0.338469	-0.080652	1.64986
chr10-133700000-133800000	1.46357	-0.127282	-0.873393	5.38313
chr10-20200000-20300000	-0.549958	-0.478368	-0.134802	1.98849
chr10-113700000-113800000	0.38577	-0.804712	-0.7726	1.3141
chr10-32900000-33000000	-0.213419	0.492138	0.92716	1.36544
chr10-113900000-114000000	0.619346	-0.5232	-0.171907	2.73831
chr10-65400000-65500000	-0.020121	0.932133	-0.549969	2.19271
chr10-25200000-25300000	-0.079468	-0.816091	0.689286	3.65046
chr10-25000000-25100000	-0.900857	0.031967	0.514186	3.48749
chr10-119000000-119100000	0.613097	-0.90372	-0.217191	1.41831
chr10-65500000-65600000	-0.289591	0.401853	-0.769706	1.2885
chr10-81000000-81100000	0.340913	0.336977	-0.003739	6.96733
chr10-114000000-114100000	0.89216	-0.199756	-0.650356	1.64318
chr10-114100000-114200000	0.649337	-0.559779	-0.178295	2.08417
chr10-124500000-124600000	0.648588	-0.872393	-0.799165	1.20704
chr10-128100000-128200000	1.12532	-0.101651	-0.354854	1.97525
chr10-28500000-28600000	-0.201839	-0.278862	0.15325	1.56913
chr10-91000000-91100000	0.924586	-0.12961	0.494335	2.91066
chr10-114500000-114600000	1.18799	-0.516594	-0.396162	1.95609
chr10-114600000-114700000	1.21115	0.105547	-0.200314	1.58205
chr10-53000000-53100000	-0.925926	0.144726	-0.31619	1.42802
chr10-123700000-123800000	1.46866	-0.598099	-0.637542	2.47661
chr10-126300000-126400000	1.11382	-0.272743	-0.090357	3.74625
chr10-46200000-46300000	-0.907453	-1.09537	-1.11316	2.28789
chr10-4300000-4400000	-0.130706	-0.359239	0.501034	1.94652
chr10-114700000-114800000	1.08106	-0.458226	0.071158	2.82295
chr10-127300000-127400000	1.14506	-0.123859	-1.00288	1.46115
chr10-15700000-15800000	0.10444	-0.984919	0.514021	1.44778
chr10-64700000-64800000	-0.23071	0.314379	-1.12372	1.56649
chr10-15400000-15500000	-0.420871	-0.835637	0.479475	2.32398
chr10-114900000-115000000	1.0173	-0.529025	-0.278396	1.89036
chr10-64000000-64100000	-0.602574	0.513011	-0.330554	2.26047
chr10-11500000-11600000	-0.393024	-0.665641	0.540808	1.82325
chr10-33500000-33600000	-0.23683	0.499999	0.196162	2.53158
chr10-121100000-121200000	0.958536	-0.288345	0.379185	4.33378
chr10-115100000-115200000	0.88652	-0.599498	-0.897589	1.58304
chr10-13600000-13700000	-0.005986	-0.084004	0.665176	2.9476
chr10-115300000-115400000	0.518687	-0.230925	-0.581992	1.27901
chr10-73000000-73100000	-0.087938	0.864979	-0.326596	2.57845
chr10-59500000-59600000	-0.589988	-0.333706	-1.14978	1.24527
chr10-121500000-121600000	0.849581	-0.576015	0.024528	2.95648
chr10-80500000-80600000	0.611012	0.250542	0.038516	3.02768
chr10-33400000-33500000	-0.695308	0.446261	0.605501	2.11625
chr10-115500000-115600000	0.930483	-0.104268	-0.943673	1.28435
chr10-5600000-5700000	-0.033825	-0.20398	0.37251	3.8075
chr10-23100000-23200000	-0.647931	-0.971048	0.297962	1.99561
chr10-76400000-76500000	0.545416	1.14721	-0.397295	1.47098
chr10-124400000-124500000	0.778181	-0.251483	-0.72502	1.22287
chr10-69000000-69100000	-0.143417	-0.109938	-0.592521	1.16437
chr10-115600000-115700000	1.01561	-0.643887	-0.597657	3.69289
chr10-129600000-129700000	0.594892	-0.229474	-0.83356	1.31403
chr10-87600000-87700000	0.156026	0.145663	-0.818436	1.22212
chr10-25400000-25500000	-0.45718	-0.875886	-0.224109	1.22896
chr10-19900000-20000000	-0.260556	-0.791122	0.811329	2.12321
chr10-9600000-9700000	0.327639	-1.04315	0.233333	1.52243
chr10-115700000-115800000	0.515163	-0.629584	-0.190969	2.37912
chr10-124100000-124200000	0.647247	-0.175285	-0.512138	2.34727
chr10-119300000-119400000	0.96729	-0.259834	-0.817312	1.58503
chr10-115900000-116000000	0.603379	-0.87895	-0.581384	3.51337
chr10-116200000-116300000	1.2224	0.145667	-0.358008	1.62303
chr10-6500000-6600000	0.093135	-0.936465	0.317633	1.21824
chr10-116500000-116600000	0.856276	0.042215	-0.041592	3.4704
chr10-13200000-13300000	0.28568	-0.628811	0.6293	1.68856
chr10-127100000-127200000	0.772796	-0.732655	-0.226649	1.21866
chr10-134100000-134200000	1.40741	0.022918	-0.749862	4.14172
chr10-79000000-79100000	0.415652	0.632532	0.313989	3.03398
chr10-5300000-5400000	-0.381088	-0.385802	0.187203	2.1263
chr10-130100000-130200000	0.421867	-0.068941	-0.789605	1.14901
chr10-71000000-71100000	0.449081	0.672983	-0.205872	5.01467
chr10-60200000-60300000	-0.287285	0.78195	-0.705396	2.82183
chr10-88200000-88300000	1.02714	0.726339	-0.221468	3.3436
chr10-9500000-9600000	-0.099584	-1.21434	-0.225566	1.15789
chr10-4500000-4600000	0.191229	-0.12591	0.909262	2.15419
chr10-116700000-116800000	0.928304	-0.049559	-0.418034	1.63897
chr10-88300000-88400000	0.472828	0.409799	-0.310166	2.58656
chr10-116900000-117000000	0.525455	-1.01499	-0.389935	1.19672
chr10-11700000-11800000	-0.36198	-0.670878	0.628683	2.12003
chr10-117100000-117200000	0.477447	-0.203513	-1.17439	1.15682
chr10-118100000-118200000	0.366836	-0.246783	-1.21368	1.13076
chr10-133100000-133200000	0.36579	-0.360763	-1.17969	1.23182
chr10-67500000-67600000	-0.084227	0.295234	-1.00521	1.07522
chr10-83800000-83900000	0.053507	0.122315	-0.994283	1.104
chr10-67100000-67200000	0.017288	0.071826	-1.31511	1.08272
chr10-117200000-117300000	0.507746	-0.797696	-0.931256	1.11305
chr10-53700000-53800000	-0.636492	0.092347	-0.334868	1.43356
chr10-31200000-31300000	-0.578921	0.634688	0.28344	2.05077
chr10-95400000-95500000	0.628973	0.542279	-0.605437	2.4912
chr10-22400000-22500000	-0.650649	-1.00797	-0.36633	1.15073
chr10-24500000-24600000	-0.010633	-0.931944	0.36876	1.42124
chr10-117500000-117600000	1.0549	-0.266808	-0.80245	1.60091
chr10-117700000-117800000	0.693993	0.079648	-0.0907	2.0102
chr10-7500000-7600000	-0.057321	-1.23683	-0.253506	1.32736
chr10-117900000-118000000	0.701162	-0.821787	-0.505004	1.57001
chr10-13000000-13100000	-0.068107	-0.831234	0.167382	1.73393
chr10-11800000-11900000	0.266944	-0.587785	0.691534	3.95375
chr10-95800000-95900000	0.760687	0.193989	-0.042216	1.86081
chr10-2000000-2100000	-0.094843	-0.559445	-0.223153	1.17107
chr10-50700000-50800000	-1.08049	0.042378	-0.472717	3.40442
chr10-118200000-118300000	0.876616	-0.61463	-1.08657	1.18315
chr10-63800000-63900000	0.108284	0.514911	-0.092702	3.40995
chr10-52600000-52700000	-0.265236	0.282167	-0.716557	1.36358
chr10-118400000-118500000	0.795161	-0.656655	-0.118275	2.75697
chr10-21700000-21800000	0.135556	-0.75337	0.559005	2.93398
chr10-118500000-118600000	0.831986	-0.895191	-0.706809	3.15841
chr10-122100000-122200000	0.593793	-0.486116	-1.25303	1.42544
chr10-132100000-132200000	0.609924	-0.365541	-1.25905	1.28638
chr10-118600000-118700000	0.687473	-0.625554	-0.139399	3.04783
chr10-118900000-119000000	0.926959	-0.466688	-0.590764	1.32001
chr10-11900000-12000000	-0.15908	-0.208272	0.416594	3.49213
chr10-23200000-23300000	-0.072564	-0.839324	0.069312	1.32989
chr10-70200000-70300000	0	0	0	2.84893
chr10-25300000-25400000	-0.548753	-0.552367	0.331066	2.88059
chr10-119200000-119300000	0.692168	-0.802887	-1.04357	1.87826
chr10-59600000-59700000	-0.2375	0.201362	-1.08882	1.0942
chr10-48500000-48600000	0.627476	-1.21039	0.040336	3.22455
chr10-19500000-19600000	-0.643919	-0.719867	0.238417	1.44658
chr10-119500000-119600000	0.316754	-0.374738	-1.25074	1.2795
chr10-84300000-84400000	0.119292	-0.471366	-1.17558	1.25023
chr10-56300000-56400000	-0.233855	-0.090595	-0.606689	1.27196
chr10-119600000-119700000	0.928574	-0.442598	-1.07187	1.31186
chr10-65800000-65900000	-0.164882	-0.337846	-0.690672	1.28097
chr10-21800000-21900000	-0.359302	-0.475402	0.887413	4.39007
chr10-72800000-72900000	-0.19651	0.760681	-0.124864	1.32891
chr10-49900000-50000000	-0.543809	-0.030147	-0.866463	1.34876
chr10-1200000-1300000	-0.570108	-0.626866	-0.071902	1.30015
chr10-63100000-63200000	-0.308292	0.529864	-1.01657	1.19725
chr10-14800000-14900000	0.234631	-0.395519	0.752292	3.47
chr10-18200000-18300000	-1.05406	-0.304129	0.775152	1.48141
chr10-6200000-6300000	0.024905	-0.941646	0.429932	6.49974
chr10-12000000-12100000	0.197462	-0.402119	0.917446	3.24469
chr10-61800000-61900000	-0.468395	0.29302	-0.975216	1.59032
chr10-125800000-125900000	1.12795	-0.623325	-0.368627	1.38958
chr10-81600000-81700000	0.357715	1.29016	-1.463	1.92747
chr10-120000000-120100000	0.652437	-0.220502	-0.666891	1.54547
chr10-92600000-92700000	0.499037	-0.149431	-0.006842	3.33756
chr10-71700000-71800000	0.475983	0.957564	-0.258107	1.81982
chr10-59700000-59800000	-0.594099	0.017737	-0.587781	1.33049
chr10-120300000-120400000	0.937077	-0.261517	-0.66442	1.37924
chr10-17300000-17400000	0.158241	-0.445588	0.328683	1.35501
chr10-17800000-17900000	-1.05276	-0.305359	0.774056	1
chr10-51800000-51900000	-1.3569	0.463464	-0.576388	2.03096
chr10-120500000-120600000	0.887768	-0.247968	-0.631573	2.59973
chr10-62600000-62700000	-0.039134	0.376736	-0.027486	1.82982
chr10-120700000-120800000	0.847799	-0.564033	-0.001296	1.87091
chr10-122300000-122400000	0.231118	-0.489244	-0.879581	1.14683
chr10-1600000-1700000	-0.712236	-0.736735	-0.342813	1.25658
chr10-87800000-87900000	0.473463	0.004677	-0.829432	1.2993
chr10-94800000-94900000	0.568073	0.357506	0.032661	1.64279
chr10-21200000-21300000	-0.48914	-0.838857	-0.481773	1.31154
chr10-43800000-43900000	-0.838119	-0.07572	-0.34701	3.29929
chr10-36800000-36900000	-0.37408	0.270885	0.232199	1.84003
chr10-132600000-132700000	0.331845	-0.680299	-0.824137	1.24425
chr10-120800000-120900000	1.33422	-0.146679	-0.107336	4.44955
chr10-8200000-8300000	-0.630504	-0.637709	0.015505	1.16356
chr10-120900000-121000000	1.27954	0.338729	-0.542937	4.51216
chr10-72500000-72600000	0.00663	0.937376	-0.193457	2.19989
chr10-12100000-12200000	-0.346271	-0.714781	0.768821	3.13975
chr10-123400000-123500000	0.634339	-0.202268	-0.610653	1.24437
chr10-85700000-85800000	0.228741	-0.102325	-1.16746	1.16497
chr10-18700000-18800000	-0.042233	-1.13653	0.200236	1.62986
chr10-78000000-78100000	0.39783	0.586893	-0.822553	2.03321
chr10-2300000-2400000	-0.089764	-0.857163	-0.267583	1.15515
chr10-121300000-121400000	1.22495	-0.650491	0.123313	3.95938
chr10-121400000-121500000	1.21806	-0.136545	-0.290423	5.02182
chr10-135000000-135100000	1.30605	0.432017	-0.427888	4.19582
chr10-121700000-121800000	1.07224	-0.426599	-0.802868	1.36347
chr10-132300000-132400000	0.637133	-0.379264	-1.26198	1.14072
chr10-58100000-58200000	-0.327516	-0.526035	-1.04416	2.53037
chr10-23300000-23400000	-0.717922	-0.893667	0.021025	2.75747
chr10-96300000-96400000	0.517285	-0.706705	-0.153158	2.112
chr10-121800000-121900000	0.661921	-0.868375	-0.553047	1.15566
chr10-83200000-83300000	0.184634	0.00761	-1.16153	1.13753
chr10-121900000-122000000	0.636972	-0.655902	-1.1678	1.30675
chr10-58300000-58400000	-0.413566	-0.575129	-0.90741	1.11613
chr10-122000000-122100000	0.43245	-0.313909	-0.656035	1.15539
chr10-122400000-122500000	0.79487	-0.232789	-0.687877	1.19044
chr10-65300000-65400000	-0.355982	0.664662	-0.073293	3.06641
chr10-128400000-128500000	0.85618	0.280951	-0.729654	1.12516
chr10-89600000-89700000	0.818007	0.346221	0.472507	3.81026
chr10-23000000-23100000	-0.896939	-0.38896	0.368009	3.36776
chr10-23700000-23800000	-0.488194	-0.772175	0.28604	3.18816
chr10-83400000-83500000	0.075921	0.005265	-1.27041	1.16333
chr10-90400000-90500000	0.533821	0.67707	0.133244	1.35604
chr10-38600000-38700000	-0.27639	-1.86151	-1.34768	1.44024
chr10-74500000-74600000	0.40812	0.6442	0.406734	1.95106
chr10-32400000-32500000	-0.428691	0.32892	0.743288	2.06135
chr10-122600000-122700000	0.990714	-0.373367	-0.957879	2.6955
chr10-122900000-123000000	0.708855	-0.84531	-0.807744	1.21592
chr10-45700000-45800000	-0.678262	0.040353	-0.911937	1.53895
chr10-16100000-16200000	-0.721315	-0.729311	-0.113091	1.08141
chr10-123000000-123100000	0.620189	-0.276798	-1.08855	1.14866
chr10-28600000-28700000	-0.507995	-0.182908	0.707715	1.3991
chr10-123500000-123600000	1.14786	-0.584839	-0.481485	1.59418
chr10-22700000-22800000	-0.48022	-0.954307	0.126551	4.1773
chr10-17600000-17700000	-0.452509	-0.507669	0.673109	3.54026
chr10-79100000-79200000	0.25458	0.956884	-0.206294	5.27179
chr10-5400000-5500000	0.051142	-0.153462	0.58796	1.7574
chr10-123800000-123900000	1.00024	-0.403308	-0.263337	2.57227
chr10-123600000-123700000	1.30475	0.023278	-0.625699	3.8057
chr10-123900000-124000000	1.30827	0.094279	-0.520298	2.74223
chr10-124200000-124300000	1.21033	-0.388826	-0.311195	2.89062
chr10-92800000-92900000	0.442973	-0.437321	-0.267667	1.40331
chr10-43300000-43400000	-1.24127	-0.192476	-0.26016	1.44621
chr10-124600000-124700000	1.20137	-0.649941	-0.56588	2.87471
chr10-19700000-19800000	-0.353122	-1.2259	-0.001459	1.23841
chr10-124700000-124800000	0.731038	-0.653065	-0.123653	4.16125
chr10-126100000-126200000	1.1711	-0.607232	-0.496924	2.92015
chr10-13300000-13400000	-0.192143	-0.444236	1.01926	3.81193
chr10-97300000-97400000	0.454831	-0.180712	-0.65922	2.10352
chr10-124900000-125000000	1.09067	-0.27152	-1.10671	2.3698
chr10-54600000-54700000	-0.557758	-0.408964	-1.18654	1.78151
chr10-9400000-9500000	-0.674785	-0.998312	-0.049298	1.12568
chr10-96800000-96900000	0.403341	-0.529876	-1.29209	1.28939
chr10-12500000-12600000	-0.709348	-0.659965	0.113486	1.78441
chr10-76200000-76300000	0.463653	1.16279	-0.533039	1.4904
chr10-125100000-125200000	0.453725	-0.406131	-1.19858	1.1979
chr10-75000000-75100000	0.468856	0.718175	0.121342	4.69695
chr10-20300000-20400000	-0.463381	-1.01743	0.198029	2.01665
chr10-26800000-26900000	-0.638517	-0.435398	-0.384164	1.19919
chr10-125300000-125400000	0.599213	-0.340132	-1.19549	1.34418
chr10-6300000-6400000	-0.064328	-0.433518	0.79924	2.70654
chr10-24100000-24200000	-0.665268	-1.17923	-0.016655	1.14051
chr10-82200000-82300000	0.30903	0.485267	-0.557209	6.77987
chr10-125700000-125800000	0.920274	-0.213435	-0.810824	1.99392
chr10-125900000-126000000	0.931709	-0.674384	-0.991809	1.39342
chr10-23400000-23500000	-0.471465	-1.13702	-0.520586	1.35378
chr10-29600000-29700000	-0.633964	0.198609	0.698678	2.31715
chr10-126600000-126700000	0.975398	0.298657	-0.191008	3.85769
chr10-128800000-128900000	1.20843	-0.279065	-0.491353	2.78613
chr10-14500000-14600000	0.160592	0.129304	0.683618	3.24836
chr10-26400000-26500000	-0.615852	-0.652219	-0.419835	1.21908
chr10-77300000-77400000	-0.243453	0.068165	-0.623791	1.3079
chr10-79600000-79700000	0.474828	0.274085	0.037704	4.8149
chr10-126700000-126800000	1.05908	0.421707	-0.810827	4.43772
chr10-22000000-22100000	-0.492597	-0.68361	0.441876	2.40088
chr10-34700000-34800000	-0.678648	0.303858	0.574848	1.72675
chr10-126800000-126900000	1.14759	0.056596	-0.298154	4.52862
chr10-126900000-127000000	1.21119	-0.568261	-0.183172	2.78401
chr10-74000000-74100000	0.628488	0.749879	0.747416	6.29101
chr10-127600000-127700000	1.19087	0.302637	-0.700243	1.96949
chr10-81100000-81200000	0.063075	0.654261	-0.500788	8.09428
chr10-127000000-127100000	1.07007	-0.625135	-0.795325	1.26029
chr10-128200000-128300000	1.09189	0.194756	-0.94116	1.34135
chr10-127200000-127300000	0.706194	-0.171783	-0.528331	1.16655
chr10-38700000-38800000	-0.278432	-1.86197	-1.34752	1.27455
chr10-127400000-127500000	1.00148	-0.475338	-0.48339	3.11198
chr10-15600000-15700000	-0.154843	-0.513321	0.16033	1.78619
chr10-5500000-5600000	0.146235	-0.792146	0.483613	3.59705
chr10-127500000-127600000	0.731791	0.078989	-0.291582	4.25167
chr10-80200000-80300000	0.765708	0.855899	0.072379	1.91648
chr10-68100000-68200000	-0.309919	0.128734	-1.16481	1.15283
chr10-46000000-46100000	-0.364233	-1.02882	-0.772286	2.36452
chr10-82100000-82200000	0.168652	0.1665	-1.10696	1.37033
chr10-20500000-20600000	-0.685033	-0.636669	-0.239427	1.47064
chr10-51000000-51100000	-1.63395	0.078099	-1.0138	1.71097
chr10-42600000-42700000	-0.853444	-0.998149	-1.41972	1.30053
chr10-24700000-24800000	-0.249102	-0.220274	0.305172	2.49413
chr10-127700000-127800000	1.12319	-0.091452	-0.203871	3.48594
chr10-127900000-128000000	1.18104	-0.008875	-0.11204	2.40339
chr10-38000000-38100000	-0.895248	-0.794998	-0.500532	1.81702
chr10-16800000-16900000	-0.231564	-0.666001	0.757482	2.92806
chr10-70400000-70500000	0.500129	0.942921	0.041324	3.28785
chr10-12800000-12900000	-0.122262	-0.354207	0.309789	1.7969
chr10-130400000-130500000	0.70776	0.059778	-1.16345	1.59379
chr10-32200000-32300000	-0.518522	0.324783	0.760218	3.55711
chr10-128300000-128400000	0.520547	0.010471	-1.20136	1.28206
chr10-135300000-135400000	0.751689	0.233423	-1.23369	2.10183
chr10-36100000-36200000	-0.334185	0.115733	0.193503	2.0989
chr10-14200000-14300000	-0.13298	0.165419	0.374485	1.55635
chr10-134800000-134900000	1.06195	-0.167575	-0.42005	1.39734
chr10-56400000-56500000	-0.399861	-0.537723	-1.04992	1.1291
chr10-30400000-30500000	-0.171059	0.675518	0.802094	3.48265
chr10-128600000-128700000	1.78248	-0.372791	-1.07835	2.8408
chr10-128700000-128800000	1.83383	-0.207753	-0.535555	2.73158
chr10-82600000-82700000	-0.068909	-0.174405	-1.24329	1.14114
chr10-128900000-129000000	0.788683	-0.56991	-0.102382	2.61724
chr10-12900000-13000000	-0.547659	-0.561868	-0.118468	1.44359
chr10-129500000-129600000	0.508699	-0.742117	-1.1991	1.238
chr10-129700000-129800000	0.759061	-0.83528	-0.698924	1.44791
chr10-131300000-131400000	0.742609	-0.416693	-1.18849	2.3099
chr10-54500000-54600000	-0.703974	-0.045261	-0.650313	1.29159
chr10-36300000-36400000	-0.338885	0.110795	0.180656	1.54395
chr10-134200000-134300000	1.27611	-0.055484	-0.124722	4.82472
chr10-67800000-67900000	-0.273836	-0.434084	-0.86875	1.12466
chr10-130200000-130300000	0.938972	-0.225906	-1.14044	1.23208
chr10-130300000-130400000	0.34975	-0.468354	-1.25664	1.19586
chr10-93100000-93200000	0.371422	-0.258174	0.292274	4.03236
chr10-19200000-19300000	-0.494319	-0.82807	0.318634	1.48052
chr10-80000000-80100000	0.513916	0.550924	0.346249	4.67525
chr10-71400000-71500000	0.131646	0.634882	0.16538	2.62289
chr10-31800000-31900000	-0.426712	0.75765	0.283783	2.38837
chr10-130700000-130800000	0.599969	-0.729529	-1.06837	1.21637
chr10-130900000-131000000	0.308486	-0.486933	-1.07198	1.32154
chr10-59200000-59300000	-0.245079	0.138335	-1.10202	1.14207
chr10-200000-300000	0.453801	-0.741848	0.589754	2.08822
chr10-31000000-31100000	-0.706599	0.486127	0.589491	3.49712
chr10-62300000-62400000	-0.157505	0.059166	-0.578635	1.31765
chr10-131500000-131600000	1.0675	-0.410501	-0.668932	1.73301
chr10-131900000-132000000	1.20621	-0.57857	-0.500321	4.57311
chr10-132500000-132600000	0.695287	-0.177707	-1.00959	1.25847
chr10-73300000-73400000	0.306471	0.754633	-0.494937	1.51567
chr10-68500000-68600000	-0.287513	0.52623	-0.750155	1.34231
chr10-132700000-132800000	0.524892	-0.291866	-1.31012	1.17686
chr10-132800000-132900000	0.651034	-0.315493	-0.678849	1.29375
chr10-132900000-133000000	0.689208	-0.391275	-1.31976	1.24888
chr10-63200000-63300000	-0.052938	0.784104	-0.471806	1.4733
chr10-3400000-3500000	0.045802	0.097447	0.709057	2.39232
chr10-133000000-133100000	0.704735	0.107229	-0.909177	1.25933
chr10-94000000-94100000	0.947721	0.054241	0.780657	2.99021
chr10-68600000-68700000	-0.074618	0.142534	-1.23107	1.20325
chr10-60000000-60100000	-0.349211	-0.087043	-0.438484	3.45239
chr10-133300000-133400000	0.850206	-0.235234	-1.02109	1.22227
chr10-80100000-80200000	0.254868	0.651598	-0.238236	1.59353
chr10-133500000-133600000	0.602312	-0.883902	-0.702519	1.26199
chr10-22800000-22900000	-0.802847	-0.379814	0.128092	2.26634
chr10-74100000-74200000	0.227596	1.1421	0.433958	4.18805
chr10-133600000-133700000	0.926882	-0.468817	-1.08123	1.24242
chr10-81400000-81500000	0.358418	1.28741	-1.46567	1.13658
chr10-133900000-134000000	0.747225	0.244549	-1.23445	1.33832
chr10-134400000-134500000	1.26679	-0.140484	-0.293261	4.59294
chr10-134900000-135000000	1.05347	0.209429	-0.94269	1.99317
chr10-135100000-135200000	1.28208	0.395349	-1.06403	5.61913
chr10-80600000-80700000	0.158853	0.68924	0.131916	1.81302
chr10-33100000-33200000	-1.04314	0.09509	0.326702	2.23467
chr10-19100000-19200000	-0.122448	-0.961184	-0.184801	1.18376
chr10-135500000-135600000	1.1791	0.501472	-1.64328	2.11514
chr10-37700000-37800000	-0.213949	-1.07411	-0.542737	1.31262
chr10-13700000-13800000	0.337714	-0.620362	0.70363	3.28173
chr10-35700000-35800000	-0.073841	0.199065	0.588702	3.40608
chr10-37600000-37700000	-0.699375	-0.654177	-0.434471	1.16783
chr10-20100000-20200000	-0.111491	-0.941206	-0.19118	2.59843
chr10-13800000-13900000	0.086311	-0.027562	0.687028	2.68796
chr10-13900000-14000000	-0.502495	0.179369	0.705074	3.23046
chr10-29900000-30000000	0.11843	0.194631	0.960483	2.63539
chr10-14300000-14400000	-0.115788	-0.182686	0.904631	1.45249
chr10-14900000-15000000	-0.159796	-0.054452	1.1173	3.71092
chr10-74900000-75000000	0.428144	0.780025	0.756936	2.86182
chr10-15000000-15100000	-0.179644	-0.668832	0.884155	3.75722
chr10-15100000-15200000	-0.442838	-0.274251	0.454193	3.27515
chr10-15500000-15600000	0.215337	-0.935329	0.447886	1.75853
chr10-48300000-48400000	0.457384	-1.64778	-0.325143	2.72393
chr10-79800000-79900000	0.185179	1.01025	-0.223077	2.72009
chr10-15200000-15300000	-0.159082	-0.329258	1.03115	2.86965
chr10-2700000-2800000	-0.460059	-0.937084	-0.619766	1.14588
chr10-15800000-15900000	-0.402469	-0.607471	0.620278	1.81158
chr10-15900000-16000000	-0.411188	-1.13325	0.225994	3.89392
chr10-16200000-16300000	-0.39005	-1.25671	-0.028769	1.16659
chr10-16900000-17000000	-0.329966	-0.048285	0.539702	2.04261
chr10-66100000-66200000	-0.371606	0.116439	-1.15164	1.17802
chr10-3500000-3600000	-0.3638	-0.249823	1.03188	2.40708
chr10-22100000-22200000	-0.921791	-0.446245	0.023955	1.41759
chr10-9300000-9400000	-0.037681	-1.09527	-0.161254	1.18247
chr10-93200000-93300000	0.964275	-0.028683	0.433012	1.80489
chr10-71100000-71200000	-0.045935	0.916892	0.100527	4.31372
chr10-600000-700000	0.292014	-0.134068	0.743596	5.06175
chr10-17100000-17200000	0.415787	-0.346926	0.902645	2.2801
chr10-17200000-17300000	-0.205398	-0.356264	0.876674	5.30257
chr10-91100000-91200000	0.744219	0.410291	0.241327	3.30547
chr10-53500000-53600000	-0.485034	0.100018	-0.280576	1.44904
chr10-17500000-17600000	0.144475	-0.342309	0.531456	2.2735
chr10-1800000-1900000	-0.642171	-0.733042	-0.512523	1.17291
chr10-36000000-36100000	-0.8337	0.393038	-0.076599	1.9827
chr10-7800000-7900000	-0.499647	-0.955761	0.33279	3.64847
chr10-18500000-18600000	-0.525985	-0.372635	0.411736	1.45696
chr10-7200000-7300000	-0.062166	-0.939603	-0.003458	1.30388
chr10-56500000-56600000	-0.52579	-0.001598	-0.697445	1.1515
chr10-38400000-38500000	-0.656329	-0.94924	-0.63412	1.40926
chr10-18600000-18700000	0.031124	-0.633856	0.593937	1.4611
chr10-18900000-19000000	-0.306093	-0.403128	0.424857	3.51278
chr10-1900000-2000000	-0.222087	-1.17912	-0.335721	1.22215
chr10-19400000-19500000	-0.026865	-0.5461	0.307569	1.26958
chr10-20600000-20700000	-0.077457	-0.815415	-0.176718	1.10458
chr10-20900000-21000000	-0.560672	-0.5884	-0.362164	1.28841
chr10-21900000-22000000	0.134326	-0.769802	0.607182	1.8833
chr10-2200000-2300000	-0.698037	-0.867751	-0.491366	1.19947
chr10-9000000-9100000	-0.280057	-1.21257	-0.472933	1.23064
chr10-22300000-22400000	-0.129645	-1.11007	-0.025633	1.19714
chr10-800000-900000	0.36817	-0.155965	0.78693	4.29974
chr10-37300000-37400000	-0.731898	-1.0133	-0.873273	1.09718
chr10-22600000-22700000	0.136148	-0.937897	0.318935	6.92914
chr10-22900000-23000000	-0.433251	-0.812534	0.439694	2.20419
chr10-67900000-68000000	-0.046573	0.17796	-0.947965	1.18412
chr10-23900000-24000000	-0.633344	-0.572235	-0.366896	1.18714
chr10-73600000-73700000	0.267574	0.953901	-0.138898	3.45646
chr10-24300000-24400000	-0.495375	-1.11542	-0.014109	1.19549
chr10-24900000-25000000	-0.339395	-0.236097	0.606272	1.96126
chr10-55600000-55700000	-0.38786	-0.164769	-0.607584	1.11612
chr10-35000000-35100000	-0.369698	-0.023932	0.57895	2.57512
chr10-2500000-2600000	-0.071412	-0.87913	-0.170125	1.13765
chr10-75500000-75600000	0.8308	0.607678	0.490649	6.82841
chr10-25900000-26000000	-0.61479	-0.501377	-0.199621	1.26762
chr10-2600000-2700000	-0.570833	-0.470591	-0.192764	1.19467
chr10-81300000-81400000	0.271469	0.837372	-1.05018	1.50237
chr10-68700000-68800000	0.092873	0.205034	-0.598778	1.04815
chr10-26200000-26300000	-0.750505	-0.824578	-0.495128	1.13537
chr10-53100000-53200000	-0.556049	0.640797	-0.46126	1.49206
chr10-35800000-35900000	-0.561874	-0.226032	0.549099	3.22592
chr10-7700000-7800000	0.06089	-1.25781	0.178495	1.37822
chr10-26500000-26600000	-0.004279	-0.772317	-0.268896	1.13456
chr10-26600000-26700000	-0.59215	-0.508571	-0.206688	1.21231
chr10-73400000-73500000	0.18895	0.566226	0.096068	1.81629
chr10-26700000-26800000	-0.564818	-1.05659	-0.526675	1.91603
chr10-48100000-48200000	0.479925	-1.94853	-0.307441	1
chr10-35100000-35200000	-0.271685	0.558725	0.353416	2.51086
chr10-4900000-5000000	-0.623671	-0.719177	0.228603	1.36865
chr10-26900000-27000000	-1.03583	-0.784753	-0.002983	4.14855
chr10-27000000-27100000	-0.926205	-0.143643	0.013637	2.00828
chr10-27400000-27500000	-0.582145	-0.294556	0.360325	3.20579
chr10-98500000-98600000	1.30652	-0.430296	-0.053297	3.29527
chr10-27700000-27800000	-0.473537	-0.575265	0.233416	2.19547
chr10-98000000-98100000	0.315512	-0.270207	-1.19472	1.26868
chr10-27800000-27900000	-0.746535	0.012723	0.134845	1.87216
chr10-98400000-98500000	0.698196	-0.607551	0.031233	1.95466
chr10-27900000-28000000	-0.177325	-0.03606	0.417974	1.70739
chr10-28300000-28400000	-0.311092	0.163985	0.363877	2.2198
chr10-28400000-28500000	-0.819789	-0.096	0.09095	1.58791
chr10-75800000-75900000	0.067485	0.74944	0.142343	3.31884
chr10-80700000-80800000	0.467494	0.83956	-0.408148	3.63948
chr10-28800000-28900000	-0.357044	-0.117944	0.599309	3.87396
chr10-28900000-29000000	-0.595485	0.447672	0.803014	2.47446
chr10-2900000-3000000	-0.092784	-0.356447	0.090033	1.30788
chr10-5100000-5200000	-0.514219	-0.891153	0.401605	1.37988
chr10-93500000-93600000	0.60743	-0.43234	0.323516	3.02039
chr10-48600000-48700000	0.768447	-1.83541	0.045831	3.69212
chr10-300000-400000	0.258171	-0.28406	0.989637	3.83469
chr10-30600000-30700000	-0.25549	1.01025	0.647139	2.66668
chr10-30700000-30800000	-0.37101	0.4334	0.912422	2.34106
chr10-54200000-54300000	-0.953219	0.337702	-0.434277	2.49424
chr10-98200000-98300000	0.45936	0.158734	-0.166614	1.80729
chr10-30800000-30900000	-0.553277	0.774077	0.424225	1.46544
chr10-30900000-31000000	-0.206429	0.63782	0.946774	1.63655
chr10-73500000-73600000	-0.309004	0.930517	0.149439	3.91212
chr10-3100000-3200000	0.116144	-0.14748	0.479967	5.43827
chr10-31400000-31500000	-0.655947	0.498098	0.503087	3.99015
chr10-60600000-60700000	-0.557729	0.587143	-0.484454	1.69478
chr10-31100000-31200000	-0.170941	0.801502	0.726789	2.27848
chr10-57700000-57800000	-0.120772	-0.51502	-0.930279	1.11017
chr10-31300000-31400000	-0.114334	0.709204	0.719522	3.95289
chr10-3700000-3800000	-0.176868	-0.26317	0.959499	1.72819
chr10-31500000-31600000	-0.091275	0.705568	0.680986	2.02712
chr10-31700000-31800000	-0.767397	0.499207	0.76797	2.256
chr10-31600000-31700000	-0.269354	0.114072	0.85875	5.40918
chr10-31900000-32000000	-0.128845	0.567813	0.804707	3.26146
chr10-3200000-3300000	-0.317924	-0.486077	0.818156	2.65546
chr10-38200000-38300000	-0.651011	-0.605244	0.212602	3.76703
chr10-32000000-32100000	-0.660046	0.80702	0.54523	4.01101
chr10-94400000-94500000	1.08013	0.184166	0.36505	4.1176
chr10-38300000-38400000	-0.974908	-1.09705	-0.079436	3.30041
chr10-32100000-32200000	-0.088541	0.567601	0.370526	2.08226
chr10-76500000-76600000	0.909772	1.18119	0.115147	3.63618
chr10-72400000-72500000	0.133507	0.873512	-0.823451	2.37622
chr10-69500000-69600000	-0.058633	0.662287	-0.602937	1.90156
chr10-32300000-32400000	-0.469157	0.830261	0.382712	3.18723
chr10-61500000-61600000	-0.337013	0.019346	-0.403351	2.00758
chr10-32800000-32900000	-0.654597	0.710672	0.566442	1.36341
chr10-51700000-51800000	-1.35718	0.461857	-0.577707	1.3724
chr10-33200000-33300000	-0.501665	0.238102	0.62481	4.69548
chr10-33700000-33800000	-0.723813	0.537153	0.12528	1.59959
chr10-33900000-34000000	-0.041494	0.307919	0.703835	1.57683
chr10-34000000-34100000	-0.592478	0.388922	0.371044	1.35987
chr10-78800000-78900000	0.058342	0.774072	-0.464031	2.16906
chr10-94200000-94300000	1.02411	0.247667	0.444384	1.89827
chr10-34200000-34300000	-0.253601	0.573133	0.244914	1.30097
chr10-43100000-43200000	-0.617555	-0.493657	-1.05924	4.51675
chr10-34300000-34400000	-0.681629	0.188057	0.500632	1.72212
chr10-65200000-65300000	-0.03013	0.577915	-0.611455	4.2979
chr10-34500000-34600000	-0.209657	0.073401	0.723908	1.94789
chr10-34900000-35000000	0.151222	-0.031165	0.952816	2.28566
chr10-35200000-35300000	-0.751815	0.25688	0.594517	1.93387
chr10-71300000-71400000	0.018821	0.782083	-0.447453	1.79622
chr10-37200000-37300000	-0.998425	-0.632067	-0.43481	1.11603
chr10-35300000-35400000	-0.174677	0.214783	0.885806	3.10177
chr10-35500000-35600000	-0.743845	0.002398	0.729787	2.2663
chr10-35600000-35700000	-0.557019	0.218507	0.161771	3.50307
chr10-35900000-36000000	-0.631565	-0.215138	-0.100531	3.06367
chr10-70300000-70400000	0.130297	0.543504	0.33748	3.36991
chr10-36200000-36300000	-0.966834	-0.008155	0.04847	1.96493
chr10-36400000-36500000	-0.662543	-0.19312	-0.288094	2.08878
chr10-54300000-54400000	-0.649975	0.021401	-0.912058	1.48807
chr10-36500000-36600000	-0.947174	0.222345	0.10396	1.52129
chr10-50100000-50200000	-0.195964	-0.048059	-0.861006	1.51008
chr10-4600000-4700000	0.059486	-0.673237	0.60155	1.93697
chr10-36700000-36800000	-0.891654	0.016412	-0.032475	2.47083
chr10-90500000-90600000	0.885429	0.149827	0.116073	1.37966
chr10-36900000-37000000	-0.682999	-0.268649	0.362037	1.85407
chr10-44000000-44100000	-0.533306	0.583182	-0.526625	2.82329
chr10-37000000-37100000	-1.0622	0.013848	-0.070005	1.58095
chr10-37100000-37200000	-0.813658	-0.519442	0.178772	1.27181
chr10-64600000-64700000	-0.323013	0.120434	-0.517078	1.30877
chr10-37400000-37500000	-0.627577	-1.49527	-0.460288	1.04463
chr10-66700000-66800000	-0.202609	-0.348859	-0.941828	1.15342
chr10-37800000-37900000	-0.685656	-0.643894	-0.558301	1.17416
chr10-66300000-66400000	0.029012	-0.133788	-1.21087	1.12468
chr10-37900000-38000000	-0.429368	-1.23187	-0.599764	1.26048
chr10-67600000-67700000	-0.009532	-0.336503	-1.10781	1.27217
chr10-3800000-3900000	0.037724	0.170349	0.547208	5.02467
chr10-5200000-5300000	-0.953966	-0.618503	0.036373	1.50457
chr10-85400000-85500000	0.127554	-0.335503	-0.581318	1.13426
chr10-70100000-70200000	0.289171	0.397304	0.398891	3.29447
chr10-38500000-38600000	-0.447954	-1.45579	-0.969465	1.24572
chr10-50500000-50600000	-0.43471	-0.024486	-0.465774	1.52172
chr10-38800000-38900000	-0.278131	-1.86221	-1.34958	1.37559
chr10-38900000-39000000	-0.27859	-1.86048	-1.34848	1
chr10-3900000-4000000	0.555842	-0.120742	0.762068	3.09007
chr10-40700000-40800000	-0.473012	-1.49849	-1.49337	0
chr10-400000-500000	0.0554	0.146696	0.600471	3.95159
chr10-4000000-4100000	-0.078452	-0.172318	0.758354	1.98793
chr10-4100000-4200000	-0.569981	0.165928	0.501029	2.48245
chr10-55000000-55100000	-0.3311	-0.179563	-1.27941	1.19776
chr10-42500000-42600000	-0.854481	-0.996426	-1.42032	4.02609
chr10-55400000-55500000	-0.635877	0.161502	-0.962093	1.10461
chr10-42700000-42800000	-0.852594	-1.00007	-1.41977	1.11093
chr10-62000000-62100000	-0.51	0.653069	-0.3868	1.57614
chr10-42800000-42900000	-0.378922	-1.03125	-1.05184	1.32997
chr10-42900000-43000000	-0.694145	-0.513866	-1.21741	1.87904
chr10-69800000-69900000	0.105394	0.524358	0.288153	3.71264
chr10-8800000-8900000	-0.13412	-1.04235	-0.326325	1.10712
chr10-43200000-43300000	-0.781356	0.002969	-0.673423	3.49537
chr10-52400000-52500000	-0.762747	0.480433	-1.06313	3.43441
chr10-43500000-43600000	-0.321064	-0.053572	-0.506926	1.62324
chr10-43600000-43700000	-0.931977	0.028457	-0.314551	3.69818
chr10-90000000-90100000	0.948003	0.298658	0.446631	1.67038
chr10-43900000-44000000	-1.16416	0.421625	-0.583135	6.42382
chr10-44400000-44500000	-0.387807	0.109751	0.08453	2.14764
chr10-44600000-44700000	-0.837516	0.243383	-0.149896	1.51113
chr10-66500000-66600000	-0.224773	-0.409743	-1.13174	1.12942
chr10-62100000-62200000	0.127744	0.726988	-0.441754	2.01704
chr10-44700000-44800000	-0.682897	0.836305	0.029831	1.55793
chr10-53600000-53700000	-0.460384	0.677648	-0.577526	1.39643
chr10-44900000-45000000	-0.829508	0.301448	-0.452972	1.46731
chr10-58500000-58600000	-0.316355	-0.054732	-0.561688	1.16467
chr10-45000000-45100000	-0.435274	0.303454	0.056558	2.7846
chr10-61600000-61700000	-0.029348	0.498908	-0.699786	3.08271
chr10-45200000-45300000	-0.455522	0.425059	0.121812	1.89694
chr10-52300000-52400000	-0.696829	0.540379	-0.419688	3.38023
chr10-45900000-46000000	-0.465203	-0.407802	-0.814051	1.99125
chr10-46100000-46200000	-0.905601	-1.09439	-1.11309	3.01307
chr10-46900000-47000000	-0.903805	-1.09604	-1.11459	3.90591
chr10-47100000-47200000	-0.404188	-1.36033	-0.822784	3.53242
chr10-74700000-74800000	0.581315	1.02012	0.006506	2.24835
chr10-56800000-56900000	-0.325107	-0.644218	-0.934604	1.1744
chr10-47300000-47400000	-0.405785	-1.35912	-0.822172	1
chr10-47600000-47700000	0.079057	-1.53997	-0.435114	2.82753
chr10-47700000-47800000	0.480359	-1.95167	-0.305077	2.20849
chr10-79900000-80000000	-0.000148	0.431697	-0.020832	2.59392
chr10-48800000-48900000	0.767473	-1.83662	0.044417	1
chr10-48900000-49000000	0.769285	-1.83683	0.045452	9.56604
chr10-49400000-49500000	0.431531	-1.39149	-0.23341	1.30513
chr10-49600000-49700000	-0.494746	-0.611244	-0.640636	3.8522
chr10-50400000-50500000	-0.543799	0.564199	-0.672663	1.43978
chr10-50900000-51000000	-1.0076	-0.061923	-0.88499	1.39176
chr10-700000-800000	0.185469	-0.730234	0.598043	3.78279
chr10-68000000-68100000	-0.10306	-0.46653	-1.01232	1.1791
chr10-51200000-51300000	-1.63219	0.077028	-1.01501	1
chr10-88100000-88200000	0.805111	0.142776	-0.417636	3.14078
chr10-93600000-93700000	1.18568	-0.252642	0.488393	3.22685
chr10-51400000-51500000	-1.63058	0.075814	-1.0144	2.79015
chr10-70000000-70100000	-0.202588	0.507802	-0.021143	4.55128
chr10-98600000-98700000	1.07253	0.142835	-0.173024	1.96629
chr10-98700000-98800000	0.750417	0.569366	-0.515672	2.66936
chr10-52000000-52100000	-1.3592	0.46612	-0.576852	1.8108
chr10-52500000-52600000	-0.763688	0.481913	-1.06197	1.34157
chr10-89300000-89400000	1.15866	0.131432	0.624162	1.88748
chr10-52700000-52800000	-0.843828	0.08072	-0.49678	3.76629
chr10-52800000-52900000	-0.394293	0.542901	-0.552895	2.19062
chr10-52900000-53000000	-0.43425	0.327353	0.0387	1.55393
chr10-53200000-53300000	-0.23794	0.242289	-0.055729	1.34942
chr10-53300000-53400000	-0.531163	0.112423	-0.609658	1.38737
chr10-53900000-54000000	-0.752597	0.006974	-0.546853	1.51982
chr10-54100000-54200000	-0.506296	0.282026	0.015245	1.68067
chr10-87000000-87100000	0.007112	-0.463417	-1.13752	1.18623
chr10-54900000-55000000	-0.678021	0.147282	-0.847289	1.2039
chr10-68800000-68900000	-0.15708	-0.365086	-0.765358	1.1953
chr10-55500000-55600000	-0.306166	-0.329499	-1.22341	1.13668
chr10-55700000-55800000	-0.418834	-0.625705	-1.06168	1.22754
chr10-55800000-55900000	-0.729896	-0.136913	-0.779933	1.1946
chr10-95000000-95100000	0.457878	0.08149	0.04291	3.21878
chr10-55900000-56000000	-0.265411	-0.57716	-0.735869	1.0994
chr10-56200000-56300000	-0.472885	-0.557892	-0.986369	1.1286
chr10-87400000-87500000	0.22755	-0.764512	-0.951374	1.39512
chr10-56600000-56700000	-0.301157	-0.590197	-0.85248	1.22986
chr10-56900000-57000000	-0.487364	-0.060216	-0.688243	1.1323
chr10-57000000-57100000	-0.213562	0.142076	-1.24589	1.21077
chr10-57300000-57400000	-0.708888	-0.149374	-1.08696	1.25517
chr10-57400000-57500000	-0.360515	-0.652133	-0.882746	1.08981
chr10-57600000-57700000	-0.322243	0.051959	-0.670983	1.09072
chr10-57900000-58000000	-0.194485	-0.516131	-0.952865	1.23728
chr10-72200000-72300000	-0.085202	0.936124	-0.429541	1.90437
chr10-5800000-5900000	-0.149569	-0.662951	0.736236	3.30241
chr10-58600000-58700000	-0.295055	-0.568605	-0.957092	1.07813
chr10-58700000-58800000	-0.268126	0.049799	-1.14657	1.16136
chr10-67200000-67300000	-0.257319	-0.394459	-0.967338	1.11687
chr10-58800000-58900000	-0.634809	-0.068173	-0.630721	1.1481
chr10-58900000-59000000	-0.493962	-0.324231	-1.22177	1.11051
chr10-5900000-6000000	0.445699	-0.431006	0.783683	4.34517
chr10-99900000-100000000	0.82817	-0.555913	0.118545	1.72706
chr10-59000000-59100000	-0.143505	0.138217	-0.928755	1.06785
chr10-59300000-59400000	-0.392349	-0.485101	-1.06341	1.14589
chr10-66000000-66100000	-0.184345	-0.075817	-0.567505	1.13972
chr10-59400000-59500000	-0.317038	0.052732	-0.722423	1.31719
chr10-59800000-59900000	-0.084585	0.148983	-0.969957	1.29986
chr10-6000000-6100000	0.043394	-0.908306	0.588288	2.27386
chr10-60100000-60200000	-0.655705	0.452401	-0.293586	3.10089
chr10-60500000-60600000	0.072446	0.506552	-0.419778	1.69213
chr10-93800000-93900000	1.09078	-0.051126	0.254636	1.70886
chr10-71600000-71700000	0.10916	0.543663	0.062899	4.60291
chr10-60700000-60800000	-0.232518	0.387612	-1.01327	1.26636
chr10-60900000-61000000	-0.726121	0.029361	-0.627444	1.14804
chr10-61300000-61400000	-0.652918	-0.298861	-0.955114	1.28946
chr10-61900000-62000000	0.038671	0.613566	-0.739871	1.63139
chr10-62900000-63000000	-0.265778	0.621274	-1.01375	1.25869
chr10-63900000-64000000	-0.117184	0.88028	-0.567352	2.25009
chr10-6800000-6900000	-0.26693	-0.636897	0.531771	1.73409
chr10-6400000-6500000	-0.351242	-0.457797	0.240825	2.34231
chr10-90700000-90800000	1.03107	0.190844	0.353813	3.42043
chr10-68200000-68300000	-0.172164	-0.130109	-0.585772	1.1105
chr10-84800000-84900000	-0.149111	-0.625851	-0.902739	1.1841
chr10-64200000-64300000	-0.058501	0.757035	-0.618332	1.6122
chr10-9700000-9800000	-0.159535	-0.789873	0.562729	1.23378
chr10-64300000-64400000	-0.5768	0.398042	-0.489677	2.68587
chr10-82500000-82600000	0.172355	0.217457	-0.792041	1.13685
chr10-64500000-64600000	-0.4336	0.588956	-0.955473	4.02249
chr10-64800000-64900000	-0.433025	0.680022	-0.628337	2.89906
chr10-64900000-65000000	0.212571	0.76577	-0.520354	2.03941
chr10-65900000-66000000	-0.244089	0.046453	-1.20508	1.11334
chr10-6600000-6700000	-0.056679	-1.0831	-0.286846	1.25083
chr10-66800000-66900000	-0.123519	0.167793	-1.32873	1.19372
chr10-91400000-91500000	0.467484	-0.110199	0.187576	3.05582
chr10-67300000-67400000	0.02166	0.191283	-0.936196	1.32787
chr10-67700000-67800000	-0.056605	0.167929	-0.721596	1.10678
chr10-68900000-69000000	-0.159182	0.118652	-1.19585	1.10299
chr10-6900000-7000000	0.139112	-1.03271	0.229877	1.54056
chr10-69300000-69400000	-0.363787	0.442225	-0.992719	1.6317
chr10-70600000-70700000	0.258671	0.610908	0.281807	3.3735
chr10-70800000-70900000	0.390043	1.09975	0.166961	3.47036
chr10-70900000-71000000	0.203764	0.518786	0.377422	3.05843
chr10-71900000-72000000	0.051145	1.05687	-0.081006	5.29407
chr10-72100000-72200000	0.312541	0.851125	0.054156	3.31383
chr10-72600000-72700000	0.588264	0.71207	-0.278264	2.3446
chr10-72700000-72800000	0.088256	0.44908	-0.600878	1.33055
chr10-78600000-78700000	0.111602	0.314389	-0.375202	1.55901
chr10-72900000-73000000	0.290371	0.380706	-0.153699	1.92547
chr10-73200000-73300000	0.187822	0.26938	-0.111467	1.29784
chr10-82700000-82800000	0.403788	0.270328	-1.22198	1.21903
chr10-99700000-99800000	0.347087	0.09988	-0.872782	1.16925
chr10-73900000-74000000	0.043099	0.797173	0.522243	2.68743
chr10-74200000-74300000	0.54641	0.926596	-0.074196	1.74034
chr10-92700000-92800000	0.804762	-0.697804	0.179917	1.78975
chr10-74800000-74900000	0.074454	1.12666	0.382245	3.24185
chr10-75100000-75200000	-0.068308	0.967009	0.179772	3.32686
chr10-75200000-75300000	0.442796	0.984646	-0.182047	2.90824
chr10-75300000-75400000	0.761507	0.88076	0.341157	2.55356
chr10-75400000-75500000	0.890586	1.01186	0.945439	3.81904
chr10-75600000-75700000	0.210329	0.46579	0.494619	5.68176
chr10-75700000-75800000	0.673269	0.818521	0.261544	4.38066
chr10-75900000-76000000	0.498092	0.538614	0.574579	4.00829
chr10-7600000-7700000	-0.493816	-0.922765	0.107413	1.49874
chr10-96100000-96200000	0.58229	-0.258927	0.452572	2.94155
chr10-76000000-76100000	0.06978	0.835292	0.177961	1.87245
chr10-76100000-76200000	0.665266	0.990796	0.04419	1.59667
chr10-76300000-76400000	-0.021288	1.01009	-0.149544	1.51954
chr10-76600000-76700000	0.497677	1.05928	-0.3211	2.48596
chr10-76700000-76800000	0.233887	1.05579	0.241276	2.36245
chr10-76900000-77000000	0.622723	0.897039	-0.207679	5.38856
chr10-95900000-96000000	0.933617	-0.188198	0.41414	1.68894
chr10-77000000-77100000	0.174414	1.22396	-0.552691	2.43714
chr10-77100000-77200000	0.484996	0.68051	-0.54634	4.42054
chr10-77200000-77300000	0.020593	0.517551	-0.982961	1.52788
chr10-77400000-77500000	0.357923	0.268839	-0.57742	1.24499
chr10-77600000-77700000	0.190424	-0.201499	-0.603533	1.23357
chr10-77700000-77800000	0.233407	0.426678	-0.680593	1.40061
chr10-77900000-78000000	0.17581	0.359657	-0.256304	2.16297
chr10-78400000-78500000	0.066834	0.301548	-0.379425	1.26446
chr10-78700000-78800000	0.621117	0.55302	-0.692902	1.69613
chr10-96400000-96500000	0.199257	-0.757519	-0.724323	1.2129
chr10-78900000-79000000	0.658985	0.81814	-0.246715	3.65417
chr10-7900000-8000000	0.145169	-1.0184	0.285556	2.49395
chr10-79300000-79400000	0.633669	0.70129	-0.177624	3.83832
chr10-79400000-79500000	0.22804	0.548367	0.287779	2.08097
chr10-79500000-79600000	0.324209	0.771812	-0.312271	4.78559
chr10-79700000-79800000	0.782961	0.816422	-0.061703	4.18964
chr10-80300000-80400000	0.228663	0.850116	-0.260095	1.89643
chr10-80900000-81000000	0.308617	0.954725	-0.215002	10.5282
chr10-81700000-81800000	0.159434	0.85574	-1.02322	1.3977
chr10-81900000-82000000	0.27908	1.05077	-0.872132	6.27013
chr10-82300000-82400000	0.333682	0.341853	-1.19815	1.46461
chr10-82800000-82900000	0.079651	-0.288181	-1.21853	1.27516
chr10-82900000-83000000	0.128747	0.349781	-1.0882	1.09443
chr10-8300000-8400000	-0.226014	-1.08014	-0.184322	1.28742
chr10-83000000-83100000	0.098113	-0.272818	-1.26304	1.1119
chr10-83100000-83200000	-0.097528	-0.259763	-0.649047	1.05456
chr10-83500000-83600000	-0.059467	-0.479101	-0.850932	1.10262
chr10-83700000-83800000	0.109301	-0.522027	-0.967639	1.12214
chr10-96000000-96100000	0.647537	0.089192	-0.085317	1.54867
chr10-83900000-84000000	0.034206	-0.452483	-0.705319	1.12647
chr10-8400000-8500000	-0.635692	-0.610415	-0.357421	1.38708
chr10-84000000-84100000	0.149792	0.18738	-0.788194	1.1515
chr10-88500000-88600000	1.06144	0.705715	-0.097623	3.15529
chr10-84100000-84200000	-0.012236	-0.274575	-1.21528	1.52515
chr10-88400000-88500000	0.780029	0.220338	0.227701	3.75792
chr10-84400000-84500000	0.165678	0.158976	-0.995836	1.19096
chr10-84600000-84700000	-0.053354	-0.672776	-0.852703	1.12441
chr10-84900000-85000000	0.211793	-0.250755	-1.28908	1.16246
chr10-8500000-8600000	-0.054607	-0.846618	-0.280684	1.15737
chr10-85900000-86000000	0.191935	-0.235842	-0.790216	1.46717
chr10-8600000-8700000	-0.437287	-1.0479	0.20078	1.16606
chr10-86100000-86200000	0.520517	0.294882	-0.251096	1.75535
chr10-86200000-86300000	0.835798	0.518653	-0.770369	2.44862
chr10-86300000-86400000	0.375841	0.042127	-0.757254	2.82217
chr10-95300000-95400000	0.761816	0.171576	-0.103915	1.84263
chr10-86500000-86600000	0.226437	-0.56193	-1.343	1.33433
chr10-86600000-86700000	0.059327	-0.523565	-0.72416	1.13111
chr10-86700000-86800000	0.132422	0.11425	-0.748024	1.09887
chr10-86800000-86900000	0.052865	-0.515063	-0.815957	1.15467
chr10-86900000-87000000	0.343288	0.055547	-0.957427	1.13602
chr10-8700000-8800000	-0.668292	-0.678966	-0.269396	1.17344
chr10-87100000-87200000	0.291754	-0.778672	-0.65542	1.21462
chr10-87200000-87300000	0.032484	-0.425905	-1.12265	1.07608
chr10-87300000-87400000	0.082609	-0.347594	-0.478728	1.23206
chr10-89700000-89800000	0.359566	0.387487	0.031255	1.65836
chr10-87700000-87800000	0.082641	-0.472723	-0.645553	1.24594
chr10-87900000-88000000	0.131218	-0.548311	-0.75484	1.29985
chr10-88000000-88100000	0.56503	-0.443992	-0.291023	1.23299
chr10-88600000-88700000	0.542256	0.449226	0.140005	2.38209
chr10-91200000-91300000	0.599737	-0.209588	0.286504	2.11659
chr10-88700000-88800000	1.04226	0.487046	0.561887	8.34263
chr10-99500000-99600000	0.707195	-0.24413	0.128731	2.39972
chr10-88900000-89000000	1.58962	0.109061	1.07535	1.43296
chr10-8900000-9000000	-0.684369	-0.717583	-0.383357	1.20394
chr10-89100000-89200000	1.59138	0.106787	1.07506	1.11811
chr10-92500000-92600000	0.391789	-0.741504	-0.2519	1.5169
chr10-89900000-90000000	0.372073	0.482406	0.264282	2.48824
chr10-900000-1000000	0.216151	-0.708312	0.496925	3.50846
chr10-90100000-90200000	0.353686	0.04016	0.491	1.41306
chr10-90600000-90700000	0.510827	-0.1127	0.549478	3.9295
chr10-90800000-90900000	0.405082	0.202393	0.182879	1.53084
chr10-90900000-91000000	0.998554	0.403812	0.124549	2.03287
chr10-9100000-9200000	-0.176882	-0.646127	-0.199057	1.16099
chr10-91300000-91400000	1.00065	0.187805	-0.011567	1.76416
chr10-91600000-91700000	0.500358	-0.833447	-0.341839	1.42827
chr10-91700000-91800000	0.25873	-0.297584	-0.55361	1.12651
chr10-91800000-91900000	-0.012886	-0.482517	-1.09816	1.40545
chr10-91900000-92000000	0.273028	-0.512941	-0.533464	1.19653
chr10-9200000-9300000	-0.545697	-0.963012	0.232395	1.17734
chr10-92000000-92100000	0.690608	-0.044567	-0.677221	1.66301
chr10-92900000-93000000	0.533913	-0.117816	0.283413	3.76935
chr10-93300000-93400000	0.550535	0.209033	-0.002513	3.96577
chr10-93400000-93500000	0.780682	0.129418	0.598968	2.97921
chr10-93700000-93800000	0.546247	-0.162178	0.581614	1.69191
chr10-93900000-94000000	0.610128	-0.399823	0.505848	2.01706
chr10-94300000-94400000	1.15031	0.663045	-0.034654	3.81006
chr10-94500000-94600000	0.546031	0.442186	0.594478	2.58005
chr10-94700000-94800000	0.69623	-0.144667	0.421767	1.7036
chr10-94900000-95000000	1.07345	0.00963	-0.085073	1.4187
chr10-95200000-95300000	1.18506	-0.112549	0.307374	5.54879
chr10-95500000-95600000	0.602247	0.107941	-0.123869	1.33493
chr10-95700000-95800000	1.17406	-0.28284	0.096792	1.94997
chr10-96600000-96700000	0.543871	-0.49432	-1.27852	1.10917
chr10-96700000-96800000	0.516913	-0.897844	-0.772284	1.13342
chr10-96900000-97000000	0.67365	-0.750487	-0.731574	3.19519
chr10-97000000-97100000	0.655666	-0.651366	-0.086612	5.25259
chr10-97200000-97300000	0.323855	-0.776184	-0.463142	1.27869
chr10-97400000-97500000	0.520938	-0.784157	-0.887775	3.15892
chr10-97500000-97600000	0.635652	-0.207914	-0.60718	1.64562
chr10-97700000-97800000	0.467092	-0.256479	-0.607185	1.17148
chr10-97800000-97900000	0.720077	-0.552088	-0.083147	7.54769
chr10-97900000-98000000	0.45405	-0.232273	-0.572495	1.42913
chr10-9800000-9900000	-0.217814	-1.24086	0.114559	1.25797
chr10-98100000-98200000	0.448135	-0.347113	-0.564934	1.7523
chr10-98300000-98400000	1.04446	-0.095185	-0.115341	3.13125
chr10-98800000-98900000	0.537248	0.076703	-0.134556	1.35985
chr10-98900000-99000000	0.709396	-0.521341	0.007891	1.66543
chr10-99000000-99100000	1.17469	-0.130862	0.24937	3.39399
chr10-99100000-99200000	0.821453	-0.655681	0.116635	4.37261
chr10-99200000-99300000	0.859619	-0.067634	0.388267	4.79474
chr10-99300000-99400000	0.882755	0.39292	-0.06874	4.92613
chr10-99400000-99500000	1.31256	-0.046288	0.00599	6.56265
chr10-99600000-99700000	0.822617	-0.084178	-0.483772	1.69098
chr10-99800000-99900000	0.575877	-0.31762	-0.444664	3.02893
