chr17-10400000-10500000	0.418189	-0.395007	-0.33129	1.10764
chr17-50800000-50900000	0.368608	-0.04215	-0.142308	1.09258
chr17-45100000-45200000	-0.157172	0.553199	0.037855	3.45411
chr17-14400000-14500000	0.21546	-0.382074	-0.321391	1.22642
chr17-10200000-10300000	0.204196	-0.179201	-0.500048	1.29816
chr17-67800000-67900000	0.24428	0.220601	-0.025893	1.83829
chr17-52600000-52700000	0.573199	0.120008	-0.106397	1.10777
chr17-43300000-43400000	0.002116	0.187962	0.209123	4.26344
chr17-3800000-3900000	0.071899	-0.136036	-0.622441	2.70168
chr17-36700000-36800000	-0.057051	0.157035	0.326032	1.45056
chr17-63800000-63900000	0.502603	0.067404	-0.341602	1.59088
chr17-12800000-12900000	0.444083	-0.273701	-0.374378	2.28494
chr17-76600000-76700000	0.358101	0.300038	-0.045361	2.15747
chr17-56800000-56900000	0.172406	0.282792	-0.310723	1.37185
chr17-3400000-3500000	0.289267	-0.268246	-0.452247	2.74156
chr17-25500000-25600000	0.221408	-0.049632	0.142265	1.92997
chr17-12600000-12700000	0.225573	-0.344228	-0.377715	2.03774
chr17-70100000-70200000	0.364933	0.333491	-0.314189	3.63282
chr17-47300000-47400000	-0.013206	0.092888	-0.052961	2.9854
chr17-72400000-72500000	0.43041	0.054924	-0.40046	1.35078
chr17-52800000-52900000	0.546897	-0.008083	-0.348571	1.10593
chr17-76300000-76400000	0.239096	0.537621	-0.166632	7.55534
chr17-38500000-38600000	-0.111896	0.176658	0.222556	5.35539
chr17-10000000-10100000	0.023191	-0.359617	-0.369148	3.55836
chr17-65600000-65700000	0.347518	0.254266	-0.137252	1.81772
chr17-70700000-70800000	0.488833	0.070598	-0.414051	1.96238
chr17-8400000-8500000	0.181989	-0.138397	-0.467956	2.1081
chr17-58600000-58700000	-0.182249	0.259943	-0.30256	3.7358
chr17-38600000-38700000	-0.173496	0.249466	0.073417	7.97613
chr17-16600000-16700000	0.051975	-0.670931	-0.07797	1
chr17-0-100000	0.000893	-0.154086	-0.629788	1.7763
chr17-36400000-36500000	0.282968	-0.038066	0.395085	1.74081
chr17-18400000-18500000	-0.325242	-0.567309	-0.098639	1
chr17-46500000-46600000	0.078008	0.192551	0.136247	3.89064
chr17-64800000-64900000	0.314282	0.189276	-0.149157	1.39578
chr17-11700000-11800000	0.422989	-0.272167	-0.110635	1.25407
chr17-42200000-42300000	-0.18903	-0.00306	0.053163	7.35225
chr17-37300000-37400000	-0.190272	-0.052567	0.152667	4.38282
chr17-26500000-26600000	0.2346	-0.159914	0.107643	1.75758
chr17-20500000-20600000	0.105911	-0.579495	-0.52397	1.25101
chr17-71400000-71500000	0.617475	0.366313	-0.12043	1.31358
chr17-100000-200000	-0.042659	-0.098821	-0.559177	1.6601
chr17-47800000-47900000	-0.121599	0.100046	-0.205168	2.67581
chr17-2400000-2500000	0.074516	-0.058573	-0.756664	4.0012
chr17-14300000-14400000	0.425767	-0.426521	-0.207417	1.51844
chr17-5400000-5500000	0.143116	-0.278366	-0.361872	5.27196
chr17-10500000-10600000	0.173349	-0.406044	-0.404298	1.71108
chr17-56300000-56400000	0.485137	0.083844	-0.361403	1.46424
chr17-16700000-16800000	0.049855	-0.671545	-0.075658	1.15182
chr17-10300000-10400000	0.409339	-0.208427	-0.386823	1.13653
chr17-45300000-45400000	-0.150478	0.163531	0.010209	3.99445
chr17-69300000-69400000	0.26043	0.164264	-0.101989	1.40439
chr17-10100000-10200000	0.249597	-0.399497	-0.431203	1.87431
chr17-12700000-12800000	0.395907	-0.382495	-0.20336	1.33966
chr17-12100000-12200000	0.308669	-0.514071	-0.09096	1.65251
chr17-6800000-6900000	0.222297	-0.297853	-0.398301	1.68064
chr17-18700000-18800000	-0.190609	-0.425948	-0.213676	3.3431
chr17-10700000-10800000	0.240312	-0.450587	-0.469368	1.24663
chr17-16300000-16400000	-0.086943	-0.339499	-0.100895	5.80634
chr17-61700000-61800000	-0.177086	0.347586	-0.199248	3.19557
chr17-14500000-14600000	0.372895	-0.445377	-0.138262	1.20984
chr17-54300000-54400000	0.296404	0.077137	0.049635	1.59112
chr17-14100000-14200000	0.36617	-0.368051	-0.152172	1.68045
chr17-6600000-6700000	0.184445	-0.224343	-0.516329	1.98221
chr17-41700000-41800000	-0.261142	0.006978	-0.049699	3.46953
chr17-27200000-27300000	-0.146129	0.004076	-0.128097	5.65326
chr17-1400000-1500000	-0.355324	-0.061226	-0.478234	4.49615
chr17-67100000-67200000	0.156289	0.184492	-0.395794	1.34794
chr17-25400000-25500000	0.456903	0.034878	0.130358	1.31918
chr17-25300000-25400000	0.546413	-0.154604	0.122119	1.28677
chr17-1000000-1100000	-0.266667	-0.09211	-0.367793	4.45401
chr17-5600000-5700000	0.207466	-0.145576	-0.585821	2.00441
chr17-36500000-36600000	0.148742	0.086611	0.276824	5.06737
chr17-16800000-16900000	0.156937	-0.500903	-0.162196	2.42306
chr17-65200000-65300000	0.158108	0.259442	-0.410858	3.23517
chr17-49000000-49100000	0.015821	0.041576	-0.175781	5.39832
chr17-14200000-14300000	0.296459	-0.46462	-0.392741	3.19915
chr17-34800000-34900000	0.397477	0.049769	0.20515	4.59794
chr17-63000000-63100000	0.04225	0.351125	-0.328172	3.65776
chr17-12000000-12100000	0.183947	-0.42431	-0.290043	1.49737
chr17-70000000-70100000	0.461458	0.242296	-0.090236	1.84135
chr17-58200000-58300000	-0.182184	0.486779	-0.339591	2.86735
chr17-50200000-50300000	0.480135	0.162007	-0.12204	1.11514
chr17-36300000-36400000	0.438344	-0.230699	0.309086	1.31505
chr17-63700000-63800000	0.27611	0.052054	-0.365525	1.46621
chr17-41800000-41900000	-0.204029	0.1215	-0.135786	4.02642
chr17-1200000-1300000	-0.317397	-0.194777	-0.518561	2.18341
chr17-72600000-72700000	0.502644	0.217745	-0.110718	1.23678
chr17-38400000-38500000	-0.181627	0.113686	0.013617	5.61527
chr17-27800000-27900000	-0.217183	-0.096757	0.044737	4.0783
chr17-10800000-10900000	0.444938	-0.468056	-0.329484	1.16867
chr17-69200000-69300000	0.266457	0.082486	-0.336228	1.35777
chr17-72000000-72100000	0.496852	0.200548	-0.159207	1.21165
chr17-78600000-78700000	0.084353	0.365531	-0.028536	4.28044
chr17-45400000-45500000	-0.236016	0.269828	-0.172952	3.01598
chr17-18600000-18700000	-0.32353	-0.572138	-0.102001	1.40758
chr17-10600000-10700000	0.332337	-0.227385	-0.480244	3.26599
chr17-78000000-78100000	0.413099	0.448675	-0.152006	3.76833
chr17-10900000-11000000	0.409981	-0.268922	-0.392521	1.12728
chr17-11000000-11100000	0.467818	-0.391848	-0.224435	1.17508
chr17-66800000-66900000	0.28541	0.032296	-0.289734	1.60011
chr17-33100000-33200000	0.474557	-0.146598	-0.037883	1.26897
chr17-1100000-1200000	-0.248292	-0.290085	-0.326853	2.67291
chr17-66000000-66100000	0.291798	0.415075	-0.414783	2.91358
chr17-39400000-39500000	-0.289025	-0.131757	0.02886	2.47169
chr17-3500000-3600000	0.172639	-0.265659	-0.658329	5.29064
chr17-28400000-28500000	-0.175159	-0.122629	0.111205	2.75716
chr17-11200000-11300000	0.34883	-0.395468	-0.417434	1.18865
chr17-62500000-62600000	-0.075125	0.190473	-0.185894	3.99768
chr17-11300000-11400000	0.506517	-0.283884	-0.330605	1.11749
chr17-15000000-15100000	0.055177	-0.321542	-0.270677	1.35106
chr17-6100000-6200000	0.387215	-0.163252	-0.476924	1.22859
chr17-75600000-75700000	0.504179	0.281636	-0.429666	1.39869
chr17-48200000-48300000	-0.191164	0.402615	-0.126639	10.8077
chr17-11100000-11200000	0.502295	-0.229041	-0.393631	1.16318
chr17-62400000-62500000	-0.178481	0.40164	-0.197607	2.70509
chr17-79400000-79500000	0.171298	0.644911	0.15605	5.96512
chr17-35600000-35700000	0.288727	-0.064493	0.20148	1.84181
chr17-20000000-20100000	0.024666	-0.324705	-0.365088	3.86517
chr17-15300000-15400000	0.191003	-0.428317	-0.092618	2.63112
chr17-11400000-11500000	0.368486	-0.287922	-0.497837	1.1461
chr17-55400000-55500000	0.326412	0.02468	-0.240515	2.21238
chr17-48500000-48600000	-0.175888	0.272358	-0.143281	3.99456
chr17-46600000-46700000	-0.022493	0.252447	-0.031602	12.1657
chr17-20400000-20500000	-0.043872	-0.714612	-0.579228	1.16216
chr17-15500000-15600000	-0.063596	-0.678283	-0.06971	4.29937
chr17-9300000-9400000	0.182446	-0.518626	-0.289268	1.80164
chr17-51500000-51600000	0.560454	0.12162	-0.081988	1.12664
chr17-31600000-31700000	0.36837	-0.091267	-0.157317	1.55931
chr17-15100000-15200000	0.225208	-0.386495	-0.069535	3.71661
chr17-79200000-79300000	0.313152	0.53079	0.038125	5.44092
chr17-42100000-42200000	0	0	0	6.2217
chr17-39600000-39700000	-0.193583	-0.039858	0.058502	4.06848
chr17-31400000-31500000	0.409125	0.048301	0.086593	1.27337
chr17-1500000-1600000	-0.328731	-0.260116	-0.435593	4.98557
chr17-11500000-11600000	0.495905	-0.253335	-0.309586	1.14195
chr17-8100000-8200000	0.048272	-0.195285	-0.616201	5.94669
chr17-19700000-19800000	0.101454	-0.454202	-0.428561	3.09032
chr17-15600000-15700000	0.085704	-0.609584	0.100114	1.58092
chr17-75400000-75500000	0.264334	0.395863	-0.457647	7.42844
chr17-5500000-5600000	0.369874	-0.157889	-0.425228	1.15318
chr17-15400000-15500000	0.199823	-0.613978	-0.020392	2.95028
chr17-55500000-55600000	0.331202	0.17145	-0.070224	3.52842
chr17-1300000-1400000	-0.436377	-0.151501	-0.366548	7.05874
chr17-15200000-15300000	0.045111	-0.333183	-0.195891	1.74336
chr17-51100000-51200000	0.529089	0.124569	-0.077748	1.11672
chr17-59700000-59800000	0.065737	0.397923	-0.378748	1.39239
chr17-4100000-4200000	-0.051841	-0.126855	-0.426727	3.35208
chr17-26400000-26500000	0.211729	0.034915	0.076335	1.70104
chr17-80100000-80200000	0.306545	0.651958	0.207119	7.99473
chr17-11600000-11700000	0.331771	-0.407913	-0.264889	1.18184
chr17-35000000-35100000	0.305411	-0.106964	0.051154	1.52988
chr17-26800000-26900000	0.077716	-0.038125	0.071817	3.25858
chr17-77100000-77200000	0.489291	0.262718	-0.337653	1.34157
chr17-11800000-11900000	0.315531	-0.308691	-0.337313	1.53155
chr17-11900000-12000000	0.073669	-0.206303	-0.303629	3.79914
chr17-43200000-43300000	-0.122359	0.363029	0.33511	10.7109
chr17-25600000-25700000	0.12064	0.003513	-0.003708	4.69686
chr17-12200000-12300000	0.180857	-0.430573	-0.27583	1.87678
chr17-72700000-72800000	0.468574	0.187487	-0.347592	3.43718
chr17-7400000-7500000	-0.246789	-0.196595	-0.389511	8.84155
chr17-54100000-54200000	0.471406	0.108198	0.001765	1.39714
chr17-1800000-1900000	-0.230615	-0.141216	-0.53853	1.83076
chr17-12300000-12400000	0.079518	-0.230438	-0.282649	2.00814
chr17-9400000-9500000	0.230582	-0.289423	-0.32423	2.20091
chr17-58400000-58500000	-0.078951	0.144131	-0.275047	3.99502
chr17-34100000-34200000	0.117847	-0.00777	-0.106554	2.50359
chr17-27700000-27800000	-0.268734	0.040322	0.07029	3.24211
chr17-12400000-12500000	0.126201	-0.164288	-0.489673	2.03837
chr17-14800000-14900000	0.399545	-0.322063	-0.349624	1.2576
chr17-74700000-74800000	0.172162	0.307705	-0.318191	5.89268
chr17-76700000-76800000	0.168254	0.226709	-0.125332	4.0253
chr17-8200000-8300000	-0.029564	-0.065827	-0.45633	3.70767
chr17-52000000-52100000	0.55895	0.038874	-0.066666	1.11172
chr17-38200000-38300000	-0.191413	0.155827	-0.045268	7.82206
chr17-34200000-34300000	0.207367	-0.163677	0.040389	1.65502
chr17-23700000-23800000	0.657424	-0.37884	0.009113	0
chr17-14000000-14100000	0.153169	-0.471822	-0.147209	1.45129
chr17-9200000-9300000	0.09753	-0.317775	-0.345393	1.92985
chr17-58700000-58800000	-0.04905	0.457602	-0.309267	2.44054
chr17-12500000-12600000	-0.013707	-0.283802	-0.392704	2.4938
chr17-33900000-34000000	0.092591	0.01299	-0.057278	3.97807
chr17-12900000-13000000	0.195078	-0.276077	-0.465757	3.4962
chr17-20600000-20700000	-0.040641	-0.479704	-0.358261	1.24306
chr17-13500000-13600000	0.034763	-0.170946	-0.378384	3.29578
chr17-6700000-6800000	0.387581	-0.249364	-0.539942	1.21301
chr17-13000000-13100000	0.229985	-0.279053	-0.210785	1.85389
chr17-73200000-73300000	0.034976	0.474925	-0.404155	6.2617
chr17-57500000-57600000	0.09238	0.217076	-0.237493	2.20515
chr17-33400000-33500000	0.265656	-0.155338	-0.01917	4.23717
chr17-13100000-13200000	0.0808	-0.349126	-0.058597	1.15607
chr17-48400000-48500000	-0.034019	0.469719	-0.147951	6.12765
chr17-13200000-13300000	0.208316	-0.332735	-0.283343	2.75124
chr17-60600000-60700000	0.003039	0.421959	-0.462204	3.32546
chr17-13400000-13500000	0.093497	-0.196185	-0.125097	2.99036
chr17-13300000-13400000	0.01731	-0.221723	-0.333256	1.7966
chr17-20300000-20400000	-0.045039	-0.717226	-0.577806	1
chr17-13600000-13700000	0.222235	-0.304225	-0.366963	1.75397
chr17-62200000-62300000	0.052446	0.225885	-0.095802	4.29515
chr17-53200000-53300000	0.367266	0.156943	-0.084717	1.4132
chr17-75700000-75800000	0.320102	0.325015	-0.322239	1.38519
chr17-13700000-13800000	0.344686	-0.33387	-0.162332	1.39608
chr17-60700000-60800000	-0.070842	0.215493	-0.483715	7.04273
chr17-2700000-2800000	0.141386	-0.135197	-0.684727	3.22225
chr17-20200000-20300000	-0.046871	-0.693577	-0.5619	4.26757
chr17-13800000-13900000	0.230088	-0.433384	-0.346065	1.40891
chr17-13900000-14000000	0.176326	-0.242233	-0.207169	2.70104
chr17-38100000-38200000	-0.355752	0.043184	-0.032018	4.6733
chr17-14600000-14700000	0.193389	-0.285496	-0.114496	1.70021
chr17-74000000-74100000	0.083496	0.49127	-0.085321	4.55235
chr17-52100000-52200000	0.426363	-0.020026	-0.262989	1.14216
chr17-14700000-14800000	0.172529	-0.249245	-0.33958	1.84507
chr17-14900000-15000000	0.26093	-0.360487	-0.13996	1.19837
chr17-51600000-51700000	0.421663	-0.034479	0.076985	1.05913
chr17-5100000-5200000	0.198083	-0.208063	-0.62589	2.28444
chr17-59400000-59500000	-0.116539	0.411729	-0.367905	8.69517
chr17-59600000-59700000	0.24699	0.274712	-0.460661	1.39585
chr17-60500000-60600000	-0.06748	0.458751	-0.691983	1.85352
chr17-15700000-15800000	0.193149	-0.580127	-0.1113	1.46235
chr17-55800000-55900000	0.580361	0.183495	-0.101367	1.40755
chr17-15800000-15900000	0.134747	-0.458725	-0.192295	2.53031
chr17-2100000-2200000	-0.250539	-0.043288	-0.332438	3.63759
chr17-7100000-7200000	-0.090936	-0.414105	-0.539532	8.03722
chr17-55900000-56000000	0.343198	0.177162	0.021396	9.25329
chr17-15900000-16000000	-0.023286	-0.266896	-0.17625	3.25888
chr17-54800000-54900000	0.312598	0.227624	-0.036331	3.36557
chr17-30000000-30100000	0.052006	0.034408	0.00889	4.53242
chr17-27400000-27500000	-0.1926	-0.008006	-0.05153	6.83638
chr17-1600000-1700000	-0.201492	-0.197636	-0.270223	6.31077
chr17-56400000-56500000	0.265705	0.062824	-0.369446	4.22574
chr17-32700000-32800000	0.338528	-0.030263	-0.166776	1.22994
chr17-16000000-16100000	-0.010522	-0.440599	-0.123379	2.13751
chr17-67700000-67800000	0.182129	0.153631	-0.237013	2.11709
chr17-16100000-16200000	-0.116769	-0.367191	-0.253496	5.23769
chr17-21500000-21600000	0.611634	-0.557314	-0.220053	1.17792
chr17-16200000-16300000	-0.06905	-0.554272	-0.164443	2.80721
chr17-70400000-70500000	0.373267	0.151184	-0.4516	3.29532
chr17-16400000-16500000	0.081261	-0.482756	-0.154423	4.21259
chr17-52300000-52400000	0.471584	0.092421	0.068568	1.13938
chr17-16500000-16600000	0.054329	-0.670083	-0.075982	3.92448
chr17-47500000-47600000	0.082455	0.139702	-0.059167	2.22238
chr17-21800000-21900000	0.739201	-0.398186	-0.252395	1.11703
chr17-16900000-17000000	-0.079577	-0.403903	-0.20663	4.47124
chr17-31000000-31100000	0.245865	-0.035044	0.179765	1.59498
chr17-1700000-1800000	-0.314297	-0.200139	-0.387355	2.70892
chr17-7700000-7800000	-0.036499	-0.297799	-0.532683	7.4548
chr17-17000000-17100000	0.064611	-0.318343	-0.110027	6.29674
chr17-75100000-75200000	0.158384	0.33723	-0.214274	4.39587
chr17-57400000-57500000	0.083993	0.208406	-0.429564	2.92902
chr17-31700000-31800000	0.417018	-0.146985	0.051041	1.31632
chr17-17100000-17200000	-0.058871	-0.221554	-0.271555	5.08745
chr17-79100000-79200000	0.102995	0.550294	-0.05749	3.02682
chr17-80700000-80800000	0.268177	0.523353	0.091614	3.78977
chr17-46000000-46100000	-0.043511	0.117402	0.044034	4.49575
chr17-17200000-17300000	0.002827	-0.460279	-0.209927	2.2993
chr17-40700000-40800000	-0.395627	0.250874	-0.220154	8.02108
chr17-31500000-31600000	0.336329	-0.154645	0.057277	1.63876
chr17-800000-900000	-0.188691	-0.192733	-0.290362	3.68195
chr17-28700000-28800000	-0.13552	0.044626	0.157197	2.44264
chr17-17300000-17400000	-0.126283	-0.315132	-0.179985	3.9756
chr17-17400000-17500000	-0.063781	-0.416133	-0.000922	3.39012
chr17-39100000-39200000	-0.049191	-0.008042	0.000843	2.12092
chr17-35100000-35200000	0.405627	-0.19267	0.195198	1.27024
chr17-17500000-17600000	0.133137	-0.428875	-0.090273	6.36032
chr17-44700000-44800000	-0.032119	0.454442	0.444886	1.96097
chr17-39700000-39800000	-0.142943	-0.215103	0.177538	3.75505
chr17-17600000-17700000	-0.084757	-0.423614	-0.046794	9.07067
chr17-700000-800000	-0.334614	-0.219606	-0.306382	3.25441
chr17-48000000-48100000	-0.152629	0.108897	0.099133	1.57183
chr17-66700000-66800000	0.330199	0.275117	-0.1833	1.89409
chr17-40000000-40100000	-0.331404	-0.06989	0.171996	5.5984
chr17-17700000-17800000	-0.055973	-0.412973	-0.279796	6.79561
chr17-17800000-17900000	-0.16645	-0.271897	-0.237691	4.83795
chr17-17900000-18000000	-0.034989	-0.266096	-0.109527	4.52462
chr17-36200000-36300000	0.215525	-0.092198	0.326846	2.21269
chr17-8800000-8900000	0.417572	-0.319022	-0.30388	1.88579
chr17-18000000-18100000	-0.138733	-0.335268	-0.306752	4.56124
chr17-50500000-50600000	0.530957	0.015596	-0.3012	1.06937
chr17-18100000-18200000	-0.186245	-0.380091	-0.1054	7.06276
chr17-27100000-27200000	-0.218128	0.160838	-0.030934	3.90099
chr17-69800000-69900000	0.436987	0.15794	-0.512361	1.50677
chr17-50000000-50100000	0.476221	-0.082443	-0.168373	1.14346
chr17-18200000-18300000	-0.322867	-0.567979	-0.09666	3.87004
chr17-76000000-76100000	0.269347	0.286669	-0.189073	3.30116
chr17-29100000-29200000	0.035773	-0.079555	0.290378	3.082
chr17-76500000-76600000	0.408891	0.435448	-0.160082	1.8282
chr17-81000000-81100000	0.378365	0.459629	0.164017	6.07313
chr17-5800000-5900000	0.48559	-0.251033	-0.419749	1.18335
chr17-18300000-18400000	-0.325304	-0.570025	-0.096957	1.68622
chr17-61300000-61400000	-0.04938	0.377544	-0.447383	2.18333
chr17-25700000-25800000	0.222021	-0.115231	0.157672	2.6667
chr17-18500000-18600000	-0.325238	-0.570039	-0.100302	1.37004
chr17-54400000-54500000	0.521556	0.141269	-0.040062	1.44579
chr17-52200000-52300000	0.572148	-0.093285	-0.07097	1.10761
chr17-50400000-50500000	0.603207	0.025572	-0.045615	1.11662
chr17-72500000-72600000	0.524752	0.239982	-0.320713	1.41524
chr17-18800000-18900000	-0.222802	-0.280957	-0.364731	4.7106
chr17-78100000-78200000	0.20427	0.535088	-0.096017	4.6601
chr17-18900000-19000000	-0.335724	-0.263942	-0.511723	5.58197
chr17-1900000-2000000	-0.308954	0.019169	-0.423241	8.94157
chr17-19800000-19900000	0.11776	-0.317724	-0.590214	3.31547
chr17-19000000-19100000	-0.335846	-0.263996	-0.50853	2.73882
chr17-33300000-33400000	0.290211	-0.029896	0.181163	3.36352
chr17-19100000-19200000	-0.33565	-0.261022	-0.507376	4.17289
chr17-68000000-68100000	0.305808	0.257884	-0.366723	1.35801
chr17-71200000-71300000	0.466525	0.194733	-0.106729	3.71031
chr17-200000-300000	-0.217128	0.006076	-0.670438	3.45636
chr17-68100000-68200000	0.32339	0.232395	-0.123487	2.10057
chr17-80600000-80700000	0.069425	0.610307	0.150951	4.51902
chr17-55100000-55200000	0.364193	0.149765	-0.092045	2.75467
chr17-19200000-19300000	-0.239916	-0.265955	-0.417438	7.04343
chr17-68800000-68900000	0.445676	0.256206	-0.152336	1.72491
chr17-55000000-55100000	0.335796	0.12857	-0.342149	2.41302
chr17-7500000-7600000	-0.130599	-0.315262	-0.533659	4.37446
chr17-19300000-19400000	-0.113027	-0.391231	-0.298688	2.36771
chr17-55700000-55800000	0.533098	-0.017097	-0.232361	3.26874
chr17-35800000-35900000	0.046266	0.029511	-0.095234	3.72879
chr17-19400000-19500000	0.05291	-0.414456	-0.476663	1.70273
chr17-31800000-31900000	0.368716	0.019513	-0.109568	1.22286
chr17-40200000-40300000	-0.346491	-0.011234	-0.131426	4.4083
chr17-3300000-3400000	0.447827	-0.140692	-0.531279	1.10783
chr17-19500000-19600000	0.144799	-0.290416	-0.394298	2.73385
chr17-44100000-44200000	0.032046	0.306116	0.114453	2.89867
chr17-19600000-19700000	0.198945	-0.344303	-0.586125	2.4466
chr17-47400000-47500000	-0.133997	0.230352	-0.06644	3.50215
chr17-19900000-20000000	-0.108917	-0.23379	-0.519776	1.92299
chr17-2000000-2100000	-0.156171	-0.04807	-0.465315	4.85681
chr17-20100000-20200000	0.008097	-0.49658	-0.479306	2.73704
chr17-20700000-20800000	0.047505	-0.608358	-0.155611	1.19094
chr17-77800000-77900000	0.509278	0.442601	-0.026134	3.70222
chr17-79700000-79800000	0.081551	0.751332	0.166716	5.47503
chr17-55600000-55700000	0.303554	0.004102	-0.238658	3.10341
chr17-20800000-20900000	0.072033	-0.384206	-0.168441	3.19692
chr17-62100000-62200000	0.005108	0.206308	-0.317061	2.56907
chr17-40600000-40700000	-0.250312	0.243562	-0.035472	6.63131
chr17-79000000-79100000	0.316019	0.571698	-0.067922	5.57878
chr17-20900000-21000000	0.108815	-0.218595	-0.333781	4.04384
chr17-56500000-56600000	0.34839	0.018028	-0.152122	3.97705
chr17-21000000-21100000	0.182231	-0.433716	-0.39362	2.78226
chr17-27500000-27600000	-0.167611	-0.032059	0.169889	4.36027
chr17-34300000-34400000	0.405204	-0.161499	-0.06888	1.64314
chr17-21100000-21200000	0.06187	-0.377021	-0.25343	5.83458
chr17-63300000-63400000	0.30294	0.065373	-0.276123	1.73733
chr17-76100000-76200000	0.371217	0.219271	0.008539	3.07747
chr17-49100000-49200000	0.080243	0.215725	-0.108407	2.84369
chr17-41000000-41100000	-0.311261	0.199493	0.101369	1.72504
chr17-21200000-21300000	0.218454	-0.188612	-0.245128	3.94685
chr17-61100000-61200000	-0.072408	0.125364	-0.268188	1.92796
chr17-21300000-21400000	0.352421	-0.295268	-0.409137	3.51544
chr17-21400000-21500000	0.38035	-0.448655	-0.213107	2.44845
chr17-30200000-30300000	0.138006	-0.103094	0.248086	2.44821
chr17-29200000-29300000	-0.149509	-0.061965	0.182554	3.8097
chr17-61200000-61300000	-0.020038	0.173187	-0.476948	1.88668
chr17-3000000-3100000	0.212828	-0.1856	-0.602412	1.19247
chr17-21600000-21700000	0.640681	-0.438093	-0.334795	1.05837
chr17-76200000-76300000	0.421275	0.416692	-0.092664	2.78748
chr17-29700000-29800000	0.066453	-0.215672	0.192373	1.82204
chr17-21700000-21800000	0.530109	-0.390994	-0.318874	1.18038
chr17-21900000-22000000	0.535851	-0.342887	-0.246116	1.17826
chr17-2200000-2300000	-0.206618	-0.079211	-0.535237	6.63041
chr17-69000000-69100000	0.256219	0.067472	-0.33216	1.42744
chr17-51400000-51500000	0.490541	0.10999	0.165179	1.17054
chr17-22000000-22100000	0.395768	-0.492691	-0.174283	1.57806
chr17-51000000-51100000	0.441838	-0.103057	-0.140955	1.12274
chr17-3700000-3800000	-0.128569	-0.17069	-0.490485	4.67697
chr17-35200000-35300000	0.289481	-0.057128	0.127041	2.22184
chr17-22100000-22200000	0.462402	-0.343502	-0.099848	1.23328
chr17-22200000-22300000	0.659351	-0.377069	0.007279	1.47987
chr17-2300000-2400000	-0.006315	-0.020337	-0.587268	6.17736
chr17-51700000-51800000	0.448272	0.185639	-0.011668	1.18828
chr17-2500000-2600000	0.025204	-0.075599	-0.594379	2.77924
chr17-59100000-59200000	0.176	0.267956	-0.311103	1.46619
chr17-36100000-36200000	0.156468	0.062508	0.167351	2.77183
chr17-72300000-72400000	0.589954	0.190692	-0.351402	1.34518
chr17-25200000-25300000	0.659034	-0.380374	0.011409	2.28562
chr17-74600000-74700000	0.047222	0.439436	-0.229397	5.67763
chr17-47000000-47100000	-0.32497	0.282228	-0.150752	6.33656
chr17-3200000-3300000	0.275961	-0.168997	-0.631958	1.22168
chr17-25800000-25900000	0.137762	-0.041561	-0.021197	3.69736
chr17-29000000-29100000	0.022212	-0.182163	0.494313	1.9777
chr17-25900000-26000000	0.2588	-0.150806	0.12425	4.26295
chr17-41200000-41300000	-0.328917	0.039242	-0.163498	2.10958
chr17-2600000-2700000	0.100088	-0.315287	-0.556395	3.73945
chr17-26000000-26100000	0.479724	-0.063722	0.183586	1.14884
chr17-71000000-71100000	0.615307	0.184036	-0.271444	2.42714
chr17-51800000-51900000	0.334218	-0.006075	-0.097448	1.12356
chr17-48600000-48700000	-0.019426	0.410914	-0.058201	3.54207
chr17-26100000-26200000	0.287029	-0.065277	0.052436	1.76062
chr17-68400000-68500000	0.504845	0.117342	-0.308117	1.22509
chr17-26200000-26300000	0.252774	-0.101867	-0.173766	2.16829
chr17-26300000-26400000	0.054843	-0.042331	-0.064623	2.18322
chr17-26600000-26700000	0.046879	-0.029978	0.182532	5.86547
chr17-53800000-53900000	0.225088	0.071028	-0.276592	2.57459
chr17-26700000-26800000	0.250851	0.081016	0.15497	2.52144
chr17-400000-500000	-0.272357	-0.170511	-0.562544	2.8471
chr17-26900000-27000000	-0.050515	-0.113967	-0.08242	3.99312
chr17-47200000-47300000	-0.182947	0.198404	-0.070346	3.60363
chr17-43600000-43700000	0.195857	0.135137	0.478545	2.46395
chr17-27000000-27100000	-0.257363	-0.029092	-0.086161	8.05594
chr17-27300000-27400000	-0.113817	0.114288	0.080275	1.46459
chr17-65100000-65200000	0.138488	0.28747	-0.17651	2.35236
chr17-58300000-58400000	-0.072235	0.31423	-0.25685	2.08165
chr17-49300000-49400000	0.241747	0.149359	-0.130123	3.02461
chr17-27600000-27700000	-0.098687	0.154003	0.20885	3.23153
chr17-69700000-69800000	0.233206	0.107416	-0.37183	1.29251
chr17-9800000-9900000	0.393417	-0.30801	-0.519115	1.9781
chr17-27900000-28000000	0.010759	-0.096389	0.165761	5.18939
chr17-54700000-54800000	0.283978	-0.012908	0.011585	2.50465
chr17-2800000-2900000	0.240956	-0.134085	-0.528887	3.94717
chr17-39000000-39100000	-0.061512	-0.175002	0.148782	2.93737
chr17-28000000-28100000	-0.053699	-0.092815	-0.026204	2.18076
chr17-42600000-42700000	-0.306081	0.069883	-0.126845	6.55112
chr17-9100000-9200000	0.191408	-0.418855	-0.543633	2.54077
chr17-28100000-28200000	0.01068	-0.01262	0.176703	2.21509
chr17-62800000-62900000	-0.108334	0.632804	-0.551918	1.63401
chr17-28200000-28300000	-0.008789	-0.185878	0.098877	3.28008
chr17-68600000-68700000	0.528008	0.183221	-0.102876	1.22367
chr17-80000000-80100000	0.266584	0.591708	0.2856	7.17445
chr17-35700000-35800000	0.073492	0.044312	0.124486	3.47621
chr17-28300000-28400000	-0.006082	-0.08844	0.263608	1.34182
chr17-37100000-37200000	-0.067194	0.06983	0.222942	2.00338
chr17-77500000-77600000	0.799082	0.246294	0.052395	1.24365
chr17-35400000-35500000	0.299171	0.022205	0.120522	1.99042
chr17-28500000-28600000	-0.136502	-0.136545	-0.093231	1.98411
chr17-59500000-59600000	0.139246	0.35995	-0.295233	2.07052
chr17-53400000-53500000	0.343745	0.152833	-0.016724	1.91027
chr17-77200000-77300000	0.584002	0.228167	-0.154252	1.267
chr17-4700000-4800000	-0.232107	-0.157356	-0.549808	4.11188
chr17-28600000-28700000	-0.039583	-0.151571	0.125515	2.61303
chr17-51200000-51300000	0.387823	-0.075599	-0.142053	1.07575
chr17-28800000-28900000	-0.062931	-0.14967	0.220862	2.88687
chr17-7300000-7400000	-0.087935	-0.143906	-0.45822	7.72361
chr17-28900000-29000000	-0.183231	-0.251091	0.359381	3.98224
chr17-2900000-3000000	0.428019	-0.215714	-0.63036	4.79795
chr17-29300000-29400000	-0.005515	-0.195496	0.285517	2.64162
chr17-29400000-29500000	-0.09124	-0.20965	0.106649	2.6575
chr17-56600000-56700000	0.183968	0.144885	-0.307027	1.61409
chr17-56200000-56300000	0.316227	0.023692	-0.200177	2.55354
chr17-41400000-41500000	-0.211771	0.307166	0.005641	6.37449
chr17-70300000-70400000	0.274287	0.344068	-0.330944	4.21234
chr17-29500000-29600000	-0.17998	-0.044513	0.011338	1.95038
chr17-67300000-67400000	0.366986	0.191428	-0.035316	2.66193
chr17-47700000-47800000	-0.112461	0.283965	-0.072539	3.40442
chr17-29600000-29700000	-0.013	-0.006851	0.078419	1.86473
chr17-29900000-30000000	-0.092863	-0.067698	-0.009982	6.19964
chr17-29800000-29900000	-0.094226	-0.073099	0.217418	5.54009
chr17-300000-400000	-0.430267	-0.114482	-0.677935	1.89952
chr17-54200000-54300000	0.279659	0.210958	-0.135169	2.97052
chr17-30100000-30200000	0.035836	-0.170062	0.03615	3.04555
chr17-76400000-76500000	0.252236	0.414844	-0.343051	3.17733
chr17-5200000-5300000	0.038849	-0.175309	-0.473495	2.35503
chr17-4600000-4700000	-0.06078	-0.118753	-0.505127	4.44919
chr17-41500000-41600000	-0.222846	0.236562	-0.12003	3.0187
chr17-30300000-30400000	0.033376	-0.219156	0.401188	3.11315
chr17-74800000-74900000	0.392382	0.393197	-0.336365	2.56146
chr17-54600000-54700000	0.355437	0.187868	-0.052976	3.5604
chr17-4800000-4900000	-0.063253	-0.081639	-0.70098	9.54653
chr17-38700000-38800000	-0.083452	0.033064	0.106837	5.68063
chr17-32400000-32500000	0.397257	-0.074405	-0.132882	1.12612
chr17-70600000-70700000	0.575189	0.2088	-0.224433	1.99497
chr17-30400000-30500000	0.019859	-0.308058	0.226601	3.3548
chr17-41100000-41200000	-0.429085	0.083927	-0.035288	6.11598
chr17-30500000-30600000	0.089123	-0.120509	0.183973	1.93016
chr17-4000000-4100000	-0.014171	-0.077354	-0.646553	4.3845
chr17-32800000-32900000	0.288537	-0.199801	-0.020111	1.24535
chr17-49900000-50000000	0.306684	0.052149	-0.06217	1.08846
chr17-45000000-45100000	-0.073613	0.344697	0.11334	3.52108
chr17-32100000-32200000	0.355094	-0.221196	-0.057351	1.18522
chr17-36800000-36900000	-0.020945	0.065289	0.148332	5.57438
chr17-30600000-30700000	0.233928	0.016277	0.18457	3.60926
chr17-30700000-30800000	0.090167	-0.1158	0.093157	2.76486
chr17-8000000-8100000	-0.069223	-0.120954	-0.440199	6.91971
chr17-30800000-30900000	0.334805	-0.090709	0.005572	3.6143
chr17-30900000-31000000	0.386431	0.092329	0.081088	1.2736
chr17-3100000-3200000	0.353215	-0.343627	-0.63706	1.0929
chr17-9500000-9600000	0.404496	-0.261436	-0.494596	1.46118
chr17-57300000-57400000	0.209099	0.354862	-0.280688	1.52511
chr17-4300000-4400000	0.096119	-0.140643	-0.681349	1.60366
chr17-31100000-31200000	0.294096	0.078219	-0.025917	2.14513
chr17-46100000-46200000	-0.1259	0.309046	-0.030463	6.80173
chr17-31200000-31300000	0.244537	-0.073929	0.120674	3.19658
chr17-31300000-31400000	0.472916	-0.179145	0.078242	1.63339
chr17-31900000-32000000	0.461097	-0.173063	-0.088313	1.21588
chr17-45500000-45600000	-0.409782	0.287111	-0.228874	2.00621
chr17-43700000-43800000	0.191208	0.109887	0.302578	1.25841
chr17-32000000-32100000	0.41005	-0.053621	0.117008	1.17587
chr17-36600000-36700000	0.033213	-0.013341	0.398118	8.61234
chr17-34000000-34100000	0.150368	-0.01948	0.14185	2.0273
chr17-32200000-32300000	0.509256	-0.101878	-0.192722	1.1705
chr17-32300000-32400000	0.595735	-0.08685	-0.003527	1.24679
chr17-34400000-34500000	0.493562	-0.175665	0.098153	1.428
chr17-32500000-32600000	0.16273	-0.150744	-0.063656	2.77224
chr17-56000000-56100000	0.193677	0.081761	-0.071764	6.14505
chr17-61500000-61600000	-0.219748	0.330452	-0.390789	5.36399
chr17-32600000-32700000	0.299784	-0.114658	0.082685	1.70064
chr17-32900000-33000000	0.499557	-0.19362	0.082625	1.26509
chr17-48300000-48400000	-0.235915	0.406333	-0.156679	6.29593
chr17-71700000-71800000	0.562123	0.080553	-0.338946	1.2265
chr17-46400000-46500000	-0.064843	0.124551	0.060722	1.28293
chr17-44400000-44500000	-0.03192	0.457901	0.445754	1
chr17-33000000-33100000	0.585023	0.015583	0.068709	1.20621
chr17-6300000-6400000	0.360914	-0.290991	-0.560669	2.89159
chr17-33200000-33300000	0.517461	0.030927	0.093035	3.76386
chr17-40500000-40600000	-0.409227	0.185559	0.081975	4.41419
chr17-33500000-33600000	0.362957	0.045107	0.123246	3.48892
chr17-53700000-53800000	0.293148	-0.043662	-0.07591	1.28325
chr17-33600000-33700000	0.288311	-0.17287	0.10975	2.32807
chr17-37200000-37300000	-0.230568	0.085358	0.33172	2.69913
chr17-68200000-68300000	0.392197	0.063033	-0.303428	1.16183
chr17-44500000-44600000	-0.032427	0.454946	0.444646	1
chr17-33700000-33800000	0.49715	-0.077864	0.082113	3.62984
chr17-80200000-80300000	0.171756	0.512643	0.298478	5.09539
chr17-57000000-57100000	0.207639	0.224022	-0.481746	1.73343
chr17-33800000-33900000	0.27533	-0.026671	0.126032	2.59788
chr17-34900000-35000000	0.232119	-0.088324	0.308385	5.1126
chr17-46700000-46800000	-0.160883	0.167206	0.154437	1.4111
chr17-66600000-66700000	0.315707	0.14574	-0.386723	1.28476
chr17-35300000-35400000	0.518968	-0.010216	0.055641	2.41522
chr17-64300000-64400000	0.111336	0.129561	-0.381804	2.27037
chr17-35500000-35600000	0.169047	-0.059391	-0.021015	1.5958
chr17-35900000-36000000	0.140044	0.219641	-0.03701	2.68992
chr17-52700000-52800000	0.460916	-0.104218	-0.1245	1.09878
chr17-67500000-67600000	0.32304	0.165568	-0.378311	1.97821
chr17-3600000-3700000	0.006026	-0.32488	-0.470848	3.26621
chr17-36000000-36100000	0.089462	-0.004691	-0.013868	2.93781
chr17-36900000-37000000	-0.194146	0.086633	0.272272	6.54289
chr17-37000000-37100000	-0.155371	-0.108688	0.157008	6.83484
chr17-68700000-68800000	0.335788	0.024354	-0.180812	1.4025
chr17-37400000-37500000	-0.2245	0.136867	0.07617	1.9953
chr17-77600000-77700000	0.650313	0.324608	-0.175492	1.32913
chr17-55300000-55400000	0.465714	0.166865	-0.351756	2.66858
chr17-73300000-73400000	0.078701	0.310705	-0.225299	3.61627
chr17-37500000-37600000	-0.050904	0.099031	0.141379	2.8316
chr17-600000-700000	-0.184122	-0.134372	-0.431452	5.42824
chr17-57700000-57800000	-0.026969	0.24814	-0.221874	2.73153
chr17-44300000-44400000	-0.032326	0.459059	0.442803	3.79466
chr17-37600000-37700000	-0.254747	0.144092	0.157848	3.76305
chr17-68300000-68400000	0.389423	0.209857	-0.122605	1.68755
chr17-73800000-73900000	-0.048788	0.478749	-0.418468	6.82002
chr17-53500000-53600000	0.268325	0.054282	-0.210099	1.56184
chr17-75500000-75600000	0.408208	0.370629	-0.244337	1.8421
chr17-48100000-48200000	-0.170555	0.186605	-0.116335	8.82911
chr17-37700000-37800000	-0.128153	0.119259	0.320566	3.85474
chr17-37800000-37900000	-0.197329	0.035628	0.154737	4.53151
chr17-37900000-38000000	-0.061894	-0.123805	0.150568	3.92254
chr17-45800000-45900000	-0.143401	0.424191	0.096982	2.30232
chr17-38000000-38100000	-0.173766	-0.046457	0.047831	3.94346
chr17-38300000-38400000	-0.355605	0.182187	0.01382	3.5878
chr17-38800000-38900000	0.013311	-0.040972	-0.055154	5.51897
chr17-74300000-74400000	-0.053889	0.468395	-0.237434	4.16184
chr17-38900000-39000000	-0.06974	0.060805	0.084394	2.11796
chr17-3900000-4000000	-0.023104	-0.228016	-0.482588	3.20542
chr17-55200000-55300000	0.339261	-0.02686	-0.278994	1.55286
chr17-5300000-5400000	0.224109	-0.19279	-0.573746	4.64433
chr17-39200000-39300000	-0.218284	-0.101523	-0.022941	2.81355
chr17-80500000-80600000	0.02686	0.548408	-0.053082	5.17993
chr17-39300000-39400000	-0.407538	-0.005717	-0.063543	1.49605
chr17-53600000-53700000	0.277604	0.158408	0.020448	1.84034
chr17-53300000-53400000	0.388903	-0.057682	-0.171075	1.70985
chr17-44000000-44100000	0.284937	0.256778	0.125019	2.09242
chr17-39500000-39600000	-0.21716	0.007456	-0.124546	3.31065
chr17-62600000-62700000	-0.137617	0.315127	-0.29107	4.59947
chr17-8300000-8400000	0.058696	-0.256807	-0.318689	4.33044
chr17-39800000-39900000	-0.290032	-0.01776	0.137367	4.30508
chr17-39900000-40000000	-0.453434	0.056928	0.157223	6.90999
chr17-44200000-44300000	0.048053	0.357524	0.238743	3.15877
chr17-40100000-40200000	-0.269043	0.083184	-0.012561	5.70058
chr17-40300000-40400000	-0.298885	0.03683	0.032848	3.67288
chr17-57600000-57700000	0.086765	0.421688	-0.293214	4.91215
chr17-42300000-42400000	-0.305623	0.064296	-0.111449	1.91768
chr17-40400000-40500000	-0.341358	0.144129	-0.103025	3.96552
chr17-80400000-80500000	-0.010015	0.462809	0.086674	4.96245
chr17-57100000-57200000	0.047832	0.197486	-0.296788	2.59233
chr17-42700000-42800000	-0.169579	0.161253	-0.168234	3.06139
chr17-40800000-40900000	-0.346452	0.340973	-0.085372	5.62959
chr17-71100000-71200000	0.423775	0.27631	-0.35889	3.13571
chr17-46900000-47000000	-0.167762	0.304881	0.035833	4.22794
chr17-40900000-41000000	-0.278108	0.170986	-0.086644	5.67457
chr17-43100000-43200000	-0.213665	0.276351	0.184582	6.50707
chr17-63500000-63600000	0.275821	0.128251	-0.49833	1.98681
chr17-41600000-41700000	-0.394721	0.120478	-0.099555	6.22898
chr17-41300000-41400000	-0.383128	0.160602	-0.051906	4.58151
chr17-41900000-42000000	-0.215322	0.180488	0.052426	3.48178
chr17-4200000-4300000	-0.113188	-0.164779	-0.58856	3.34109
chr17-74200000-74300000	0.064248	0.262996	-0.229573	4.32874
chr17-42000000-42100000	-0.125521	0.014483	0.130002	4.68923
chr17-73400000-73500000	0.081506	0.341282	-0.445754	4.58115
chr17-48800000-48900000	0.095067	0.036436	0.013134	2.15503
chr17-71500000-71600000	0.58901	0.190583	-0.270757	1.22519
chr17-42400000-42500000	-0.289439	0.011559	0.100852	4.41231
chr17-42500000-42600000	-0.17829	0.135605	0.050468	3.18361
chr17-75200000-75300000	0.171537	0.550413	-0.294593	6.21673
chr17-42800000-42900000	-0.325226	0.196225	0.0183	2.93199
chr17-66300000-66400000	0.235752	0.200773	-0.371478	3.62793
chr17-42900000-43000000	-0.193864	0.320683	0.095209	4.0547
chr17-45200000-45300000	-0.06043	0.380494	0.0205	3.39322
chr17-43000000-43100000	-0.005546	0.345755	0.163678	3.08676
chr17-43400000-43500000	0.15148	0.25241	0.299083	3.42245
chr17-63200000-63300000	0.290998	0.177092	-0.496354	1.98498
chr17-43500000-43600000	0.169169	0.311493	0.513027	2.17577
chr17-45600000-45700000	-0.411528	0.343042	0.032431	2.27286
chr17-43800000-43900000	0.294867	0.239411	0.23815	1.2931
chr17-43900000-44000000	0.276371	0.017921	0.201178	1.91827
chr17-4400000-4500000	-0.039489	-0.1065	-0.555101	3.37468
chr17-69100000-69200000	0.395225	0.235405	-0.197054	1.53767
chr17-74400000-74500000	0.112141	0.325017	-0.2249	5.1337
chr17-44600000-44700000	-0.031997	0.456192	0.447558	1
chr17-59300000-59400000	-0.072997	0.194319	-0.313847	3.69952
chr17-46300000-46400000	-0.018819	0.170001	-0.139717	1.51638
chr17-44800000-44900000	-0.025209	0.366681	0.348282	2.56114
chr17-44900000-45000000	0.109411	0.260555	0.167915	1.94453
chr17-4500000-4600000	0.122456	-0.209006	-0.64754	1.87085
chr17-77700000-77800000	0.425113	0.251529	-0.054577	3.0356
chr17-5000000-5100000	0.027113	-0.362434	-0.581704	4.80048
chr17-61800000-61900000	-0.143722	0.165046	-0.269656	4.00246
chr17-45700000-45800000	-0.254723	0.254776	0.036937	3.4819
chr17-4900000-5000000	-0.016549	-0.17038	-0.548176	5.30003
chr17-45900000-46000000	-0.193473	0.229716	-0.014443	4.39248
chr17-60900000-61000000	0.004257	0.341459	-0.252317	2.5606
chr17-46200000-46300000	-0.015505	0.108189	0.049017	1.8863
chr17-57800000-57900000	-0.129749	0.38614	-0.363778	3.01806
chr17-64700000-64800000	0.382709	0.194046	-0.365505	2.24277
chr17-46800000-46900000	-0.008346	0.199011	0.039239	1.7289
chr17-47100000-47200000	-0.145038	0.335078	-0.183454	3.81854
chr17-52400000-52500000	0.458147	-0.008107	-0.152126	1.1546
chr17-47600000-47700000	-0.064627	0.216598	0.080283	2.25109
chr17-47900000-48000000	-0.010358	0.13571	-0.000638	2.34077
chr17-48700000-48800000	0.059943	0.258375	-0.047175	5.68945
chr17-71300000-71400000	0.574824	0.182561	-0.294517	5.15892
chr17-48900000-49000000	0.058437	0.218339	-0.06592	3.82383
chr17-49200000-49300000	0.194235	0.140025	0.105794	4.22729
chr17-49400000-49500000	0.46934	0.120549	0.018758	1.35753
chr17-78400000-78500000	0.198891	0.617301	0.028782	4.27306
chr17-49500000-49600000	0.404697	-0.078289	-0.131198	1.18143
chr17-50300000-50400000	0.405012	-0.062544	-0.171965	1.08157
chr17-49600000-49700000	0.5969	-0.011023	-0.009912	1.18179
chr17-49700000-49800000	0.404022	0.117283	-0.037413	1.14955
chr17-49800000-49900000	0.45308	-0.069749	-0.200194	1.18409
chr17-500000-600000	-0.143512	-0.123365	-0.647312	3.62878
chr17-58100000-58200000	-0.121305	0.2629	-0.442291	4.13645
chr17-50100000-50200000	0.413531	-0.019505	0.047124	1.39166
chr17-58000000-58100000	-0.237393	0.448253	-0.544861	3.424
chr17-50600000-50700000	0.589494	0.125795	-0.091062	1.07293
chr17-50700000-50800000	0.571072	-0.038765	-0.283937	1.09807
chr17-50900000-51000000	0.549825	0.093434	-0.024006	1.11144
chr17-51300000-51400000	0.567601	-0.094502	0.039822	1.14511
chr17-51900000-52000000	0.421103	-0.028621	0.139385	1.15603
chr17-54500000-54600000	0.395799	-0.015677	-0.176839	1.75019
chr17-52500000-52600000	0.618331	0.034227	-0.329229	1.06602
chr17-52900000-53000000	0.579926	0.01846	-0.081302	1.6257
chr17-53000000-53100000	0.326982	0.042871	0.007173	2.59805
chr17-53100000-53200000	0.465296	-0.017555	-0.199521	1.34968
chr17-53900000-54000000	0.430473	0.12165	-0.123237	1.37332
chr17-58800000-58900000	0.121031	0.414707	-0.492239	1.75853
chr17-70200000-70300000	0.304274	0.127904	-0.203704	1.621
chr17-54000000-54100000	0.635165	0.00451	-0.127563	1.17217
chr17-65500000-65600000	0.3437	0.313059	-0.345009	2.31044
chr17-54900000-55000000	0.172909	0.059226	-0.168545	4.13396
chr17-56100000-56200000	0.442834	0.164265	-0.042789	2.93108
chr17-69400000-69500000	0.329141	0.318276	-0.279291	2.10869
chr17-56700000-56800000	0.242963	0.185916	-0.097261	2.63977
chr17-56900000-57000000	0.221137	0.076738	-0.303116	1.16849
chr17-5700000-5800000	0.265368	-0.20907	-0.390525	1.64442
chr17-57200000-57300000	0.047465	0.316149	-0.100731	3.36038
chr17-57900000-58000000	-0.220657	0.268251	-0.369922	3.5208
chr17-58500000-58600000	-0.074275	0.374201	-0.170976	2.23278
chr17-58900000-59000000	0.062513	0.225076	-0.451306	1.85623
chr17-5900000-6000000	0.335503	-0.12969	-0.541287	1.28805
chr17-59000000-59100000	3.1e-05	0.422485	-0.362083	1.69988
chr17-73500000-73600000	0.273712	0.415828	-0.500244	3.2884
chr17-59200000-59300000	0.053519	0.231918	-0.495218	2.5276
chr17-75000000-75100000	0.309194	0.475416	-0.065084	3.17658
chr17-59800000-59900000	0.128194	0.396491	-0.186294	1.84731
chr17-59900000-60000000	0.142873	0.418446	-0.427678	1.92078
chr17-6000000-6100000	0.213812	-0.255444	-0.391962	1.18059
chr17-60000000-60100000	-0.005059	0.257777	-0.489828	3.07183
chr17-60100000-60200000	0.106041	0.348469	-0.308146	3.06507
chr17-73100000-73200000	0.204027	0.510981	-0.268765	5.38342
chr17-60200000-60300000	0.041775	0.23931	-0.470615	1.57924
chr17-64200000-64300000	0.280492	0.208525	-0.553544	3.06054
chr17-80300000-80400000	0.039184	0.369754	0.230099	2.64306
chr17-60300000-60400000	-0.082738	0.380897	-0.636299	1.09926
chr17-60400000-60500000	0.062027	0.332986	-0.511321	1.26605
chr17-9900000-10000000	0.221454	-0.291205	-0.373649	1.98966
chr17-60800000-60900000	-0.149913	0.190576	-0.271833	2.78692
chr17-73700000-73800000	0.086872	0.457128	-0.249324	5.15105
chr17-8500000-8600000	0.076105	-0.24179	-0.34396	2.80796
chr17-61000000-61100000	-0.079593	0.276447	-0.43286	3.21314
chr17-61400000-61500000	-0.030108	0.181514	-0.376663	2.76636
chr17-61600000-61700000	-0.05959	0.229876	-0.379914	4.2691
chr17-69600000-69700000	0.321065	0.280266	-0.218369	1.59655
chr17-61900000-62000000	-0.194403	0.224527	-0.471249	7.06492
chr17-6200000-6300000	0.361327	-0.286177	-0.297244	1.33331
chr17-67200000-67300000	0.385933	0.2188	-0.294423	1.40393
chr17-62000000-62100000	0.005003	0.34359	-0.472276	2.5899
chr17-62300000-62400000	-0.01153	0.244066	-0.254173	3.21982
chr17-62700000-62800000	-0.171833	0.412082	-0.443996	4.68551
chr17-62900000-63000000	0.013315	0.526001	-0.428332	3.55528
chr17-63100000-63200000	0.046616	0.15325	-0.428719	3.51533
chr17-63400000-63500000	0.42649	0.218523	-0.357553	1.42615
chr17-9600000-9700000	0.206755	-0.183613	-0.395184	1.35646
chr17-63600000-63700000	0.452741	0.176858	-0.342977	1.51746
chr17-63900000-64000000	0.297238	0.169251	-0.416055	1.56039
chr17-65900000-66000000	0.139333	0.304657	-0.273614	3.31272
chr17-6400000-6500000	0.191194	-0.148974	-0.441875	4.11976
chr17-64000000-64100000	0.466785	0.269042	-0.293972	1.73554
chr17-64100000-64200000	0.504733	0.103069	-0.462294	2.33743
chr17-66500000-66600000	0.248877	0.068287	-0.177998	3.52043
chr17-75800000-75900000	0.524065	0.21771	-0.325139	2.03697
chr17-79800000-79900000	0.233141	0.643541	0.136601	9.65927
chr17-64400000-64500000	0.101168	0.115924	-0.174469	3.28727
chr17-79600000-79700000	0.077784	0.69998	0.087878	7.69396
chr17-64500000-64600000	0.112919	0.247097	-0.356291	2.831
chr17-66400000-66500000	0.18014	0.307916	-0.152051	3.92326
chr17-64600000-64700000	0.200863	0.034868	-0.256486	2.22157
chr17-73000000-73100000	0.130736	0.314952	-0.302284	6.356
chr17-64900000-65000000	0.401687	0.290915	-0.339086	2.10593
chr17-6500000-6600000	0.17667	-0.340412	-0.307605	4.80969
chr17-65000000-65100000	0.360762	0.269904	-0.110318	1.84262
chr17-65300000-65400000	0.3518	0.317325	-0.547478	3.49915
chr17-65400000-65500000	0.229733	0.146151	-0.433179	2.40091
chr17-65700000-65800000	0.410598	0.325632	-0.374443	2.58527
chr17-65800000-65900000	0.206666	0.442517	-0.420941	2.40577
chr17-66100000-66200000	0.336353	0.468306	-0.182406	1.65268
chr17-66200000-66300000	0.320136	0.389327	-0.427689	4.17965
chr17-66900000-67000000	0.460042	0.13469	-0.342404	1.90256
chr17-67000000-67100000	0.327338	0.272818	-0.484315	1.45353
chr17-67400000-67500000	0.373072	0.364468	-0.20763	1.53975
chr17-67600000-67700000	0.339724	0.285819	-0.141622	2.19189
chr17-79900000-80000000	0.150306	0.541151	0.26618	6.01284
chr17-67900000-68000000	0.153099	0.158866	-0.231189	1.77334
chr17-68500000-68600000	0.410087	0.349844	-0.26044	1.24781
chr17-68900000-69000000	0.212873	0.172521	-0.122468	1.57558
chr17-6900000-7000000	0.135328	-0.240078	-0.623199	5.41586
chr17-69500000-69600000	0.125123	0.149356	-0.278603	1.62205
chr17-7800000-7900000	-0.071471	-0.18176	-0.373048	5.1991
chr17-8600000-8700000	0.240065	-0.378218	-0.287749	2.15106
chr17-69900000-70000000	0.404584	0.303882	-0.312343	2.09584
chr17-7000000-7100000	0.072946	-0.254429	-0.447829	2.9984
chr17-72200000-72300000	0.433887	0.106011	-0.479099	2.51044
chr17-78700000-78800000	0.218293	0.252113	0.063537	5.47088
chr17-78800000-78900000	0.139026	0.405886	-0.04727	7.06664
chr17-70500000-70600000	0.426497	0.374037	-0.3556	2.79246
chr17-74100000-74200000	-0.040067	0.38612	-0.226338	2.88882
chr17-70800000-70900000	0.353703	0.007979	-0.232795	1.79887
chr17-72800000-72900000	0.405782	0.329092	-0.199721	3.37717
chr17-70900000-71000000	0.445023	0.123509	-0.419129	2.13694
chr17-71600000-71700000	0.590066	0.047002	-0.097723	1.29371
chr17-77300000-77400000	0.590336	0.03096	-0.115365	1.22901
chr17-71800000-71900000	0.619357	0.223486	-0.181841	1.23561
chr17-71900000-72000000	0.571737	0.065376	-0.318614	1.24074
chr17-73900000-74000000	0.005877	0.588839	-0.270543	4.83903
chr17-7200000-7300000	-0.170854	-0.307779	-0.375919	7.86856
chr17-72100000-72200000	0.636314	0.120502	-0.315477	1.44695
chr17-72900000-73000000	0.286278	0.340636	-0.445865	5.20596
chr17-73600000-73700000	0.079904	0.364031	-0.398556	4.63435
chr17-74500000-74600000	0.137093	0.474926	-0.062851	4.79369
chr17-74900000-75000000	0.393448	0.306906	-0.168612	1.53441
chr17-75300000-75400000	0.148185	0.329204	-0.298013	11.0336
chr17-75900000-76000000	0.332478	0.237644	-0.421914	2.00111
chr17-7600000-7700000	-0.083747	-0.105945	-0.576365	2.27247
chr17-76800000-76900000	0.23574	0.452467	-0.163242	7.13637
chr17-78300000-78400000	0.290306	0.442265	-0.103189	4.84541
chr17-76900000-77000000	0.265266	0.325891	-0.010195	5.70654
chr17-77000000-77100000	0.274244	0.307537	-0.252943	4.24066
chr17-77400000-77500000	0.636624	0.249145	-0.069917	1.2954
chr17-77900000-78000000	0.36178	0.297124	0.025125	3.73233
chr17-78200000-78300000	0.103046	0.397064	-0.191937	5.16681
chr17-78500000-78600000	0.174399	0.455359	0.135194	4.21072
chr17-78900000-79000000	0.321613	0.427556	0.082	4.94599
chr17-7900000-8000000	-0.043556	-0.369963	-0.45178	1.9545
chr17-79300000-79400000	0.162613	0.583067	-0.001075	8.76425
chr17-79500000-79600000	0.022219	0.510001	0.056844	5.23944
chr17-80800000-80900000	0.31762	0.415828	0.164388	5.13113
chr17-80900000-81000000	0.410819	0.348664	0.319281	3.03386
chr17-81100000-81200000	0.41988	0.500909	0.248224	5.27549
chr17-8700000-8800000	0.298011	-0.306573	-0.496427	1.89854
chr17-8900000-9000000	0.186633	-0.257111	-0.347301	1.25739
chr17-900000-1000000	-0.111831	-0.075925	-0.500147	5.14971
chr17-9000000-9100000	0.258888	-0.448619	-0.332235	1.59752
chr17-9700000-9800000	0.316303	-0.363387	-0.292288	1.94412
