chr21-10800000-10900000	-0.231025	-0.766555	0.041718	1.4676
chr21-18500000-18600000	0.294098	-0.381372	0.004919	1.2211
chr21-10500000-10600000	0.005325	-0.809182	0.156796	1.49825
chr21-21200000-21300000	0.512571	-0.110732	-0.247	1.24971
chr21-21700000-21800000	0.434478	-0.354753	-0.049661	1.07696
chr21-14500000-14600000	0.052603	-0.758255	-0.63637	1
chr21-18400000-18500000	-0.024465	-0.379179	-0.067189	1.52227
chr21-21000000-21100000	0.283674	-0.261279	-0.341524	1.0848
chr21-25800000-25900000	0.372595	0.147184	-0.386727	1.24384
chr21-16200000-16300000	-0.267121	-0.245689	-0.190543	1.92599
chr21-10400000-10500000	-0.014634	-0.906079	0.206873	1
chr21-21800000-21900000	0.559214	-0.145168	-0.28369	1.16305
chr21-41000000-41100000	0.239735	-0.11657	0.273083	2.33068
chr21-43000000-43100000	0.343301	0.141238	0.351777	2.73413
chr21-43200000-43300000	0.352865	0.158672	0.283531	3.30774
chr21-14800000-14900000	0.0403	-0.758489	-0.63085	1
chr21-27200000-27300000	0.081627	0.158906	-0.531088	2.13708
chr21-27600000-27700000	0.312231	0.220393	-0.363731	1.09775
chr21-29800000-29900000	-0.347872	-0.002324	-0.072329	1.51566
chr21-36000000-36100000	0.205789	0.565856	0.170783	2.20427
chr21-45600000-45700000	-0.281708	0.239002	0.380596	2.73673
chr21-18000000-18100000	-0.11274	-0.369857	-0.093218	1.17747
chr21-14400000-14500000	0.056033	-0.756952	-0.631969	1
chr21-10000000-10100000	-0.004719	-0.914837	0.206015	1.41331
chr21-21500000-21600000	0.634741	-0.105073	-0.125619	1.16146
chr21-23300000-23400000	0.415638	-0.091957	-0.412832	1.15977
chr21-32700000-32800000	0.221617	0.046216	-0.405063	1.80094
chr21-10100000-10200000	-0.010384	-0.914699	0.206872	1.3839
chr21-16500000-16600000	-0.125488	-0.144462	-0.111573	1.30005
chr21-10700000-10800000	0.023585	-0.576172	0.082284	1.29802
chr21-14700000-14800000	0.043461	-0.754537	-0.633539	1
chr21-34400000-34500000	0.362919	0.359772	0.050982	1.7222
chr21-10600000-10700000	0.007798	-0.809098	0.151628	1.19191
chr21-32600000-32700000	0.142883	-0.106764	-0.103482	2.33941
chr21-34800000-34900000	0.007061	0.566058	0.011143	3.43657
chr21-43500000-43600000	-0.012309	-0.014431	0.505387	3.0079
chr21-18700000-18800000	-0.202894	-0.268974	-0.212705	1.60563
chr21-18300000-18400000	-0.204274	-0.191725	-0.258743	1.21684
chr21-41100000-41200000	-0.004923	-0.171533	0.027409	1.20595
chr21-47100000-47200000	-0.321955	0.138399	0.334655	2.29438
chr21-10300000-10400000	-0.012555	-0.909946	0.20319	1
chr21-18600000-18700000	0.105521	-0.421113	-0.266175	1.16714
chr21-10200000-10300000	-0.008452	-0.913612	0.201587	1
chr21-10900000-11000000	-0.261106	-0.669331	-0.185671	1.05704
chr21-17800000-17900000	-0.132296	-0.357955	-0.290469	1.26202
chr21-15700000-15800000	0.068334	-0.340431	-0.245384	2.80313
chr21-20300000-20400000	0.326266	-0.255721	-0.383434	1.14278
chr21-11000000-11100000	-0.0925	-0.465198	-0.352962	1.38388
chr21-19200000-19300000	0.121644	-0.363696	-0.202556	1.36742
chr21-19600000-19700000	0.134337	-0.095554	-0.453744	1.2628
chr21-11100000-11200000	0.078942	-0.666251	-0.547666	2.23599
chr21-9700000-9800000	-0.001996	-0.92295	0.213468	1
chr21-16700000-16800000	-0.044026	-0.370246	-0.300687	1.21479
chr21-19900000-20000000	0.513201	-0.389287	-0.045093	1.04294
chr21-21600000-21700000	0.442857	-0.238365	-0.368132	1.1748
chr21-29200000-29300000	-0.514144	0.430606	-0.337424	1.20566
chr21-12700000-12800000	0.059213	-0.757639	-0.632899	0
chr21-25600000-25700000	0.332721	0.276244	-0.369968	1.25544
chr21-34200000-34300000	0.021369	0.205292	0.057181	1.38011
chr21-45400000-45500000	-0.311809	0.155041	0.351615	4.58274
chr21-9600000-9700000	-0.00273	-0.928299	0.211546	1.59619
chr21-18200000-18300000	-0.028147	-0.159198	-0.534894	1.25845
chr21-32200000-32300000	0.211927	-0.294715	-0.065384	1.11562
chr21-38000000-38100000	-0.264587	0.510727	0.154079	1.52325
chr21-16800000-16900000	-0.199246	-0.097197	-0.423423	1.32061
chr21-14300000-14400000	0.058765	-0.758919	-0.627331	1.24831
chr21-38300000-38400000	0.04084	0.241799	0.449155	3.7288
chr21-45300000-45400000	-0.074426	0.209757	0.543537	4.13697
chr21-16400000-16500000	-0.346356	-0.282434	-0.313368	3.15581
chr21-16000000-16100000	-0.137137	-0.270819	-0.283864	1.15719
chr21-30400000-30500000	0.008845	0.304615	-0.121796	3.1628
chr21-14600000-14700000	0.047146	-0.756778	-0.637312	1
chr21-17900000-18000000	-0.262274	-0.099382	-0.207457	1.94275
chr21-14900000-15000000	0.035889	-0.755092	-0.629491	1.20789
chr21-17400000-17500000	-0.206205	-0.28672	-0.395413	1.58021
chr21-39300000-39400000	0.179938	0.314851	0.042058	1.17579
chr21-15000000-15100000	0.034425	-0.757206	-0.62437	1.42736
chr21-15600000-15700000	0.0937	-0.116494	-0.510021	1.19285
chr21-24800000-24900000	0.488154	-0.219386	-0.328811	1.13278
chr21-40700000-40800000	0.217603	0.350504	0.053372	4.13469
chr21-15500000-15600000	0.094638	-0.419324	-0.365298	1.15834
chr21-37500000-37600000	-0.127899	0.555967	0.021589	3.62794
chr21-44200000-44300000	0.276562	0.07645	0.523815	3.64673
chr21-15100000-15200000	0.033972	-0.759472	-0.619126	1.06018
chr21-17600000-17700000	-0.268175	-0.262898	-0.230287	1.31407
chr21-17100000-17200000	-0.296167	0.012884	-0.406104	2.9086
chr21-28800000-28900000	-0.227652	0.32994	-0.18238	1.51486
chr21-33400000-33500000	0.257677	-0.035236	-0.013508	1.33379
chr21-39400000-39500000	0.2997	0.178163	0.254107	1.20898
chr21-39500000-39600000	0.040767	-0.032282	0.230374	2.32032
chr21-48100000-48200000	-0.400593	-0.314648	0.416599	1.64384
chr21-15200000-15300000	-0.097933	-0.659761	-0.469222	1.05487
chr21-15300000-15400000	-0.095686	-0.660224	-0.463971	1.2485
chr21-22200000-22300000	0.447745	-0.143993	-0.520939	1.12717
chr21-39600000-39700000	-0.035437	0.279458	0.243303	3.54765
chr21-15400000-15500000	-0.099506	-0.656581	-0.461739	1.58932
chr21-42300000-42400000	0.290647	-0.130977	0.223664	1.28964
chr21-19000000-19100000	0.119237	-0.354889	-0.066664	1.39608
chr21-22600000-22700000	0.291132	0.257327	-0.352852	1.33713
chr21-46600000-46700000	-0.458161	-0.035616	0.412837	2.8269
chr21-17700000-17800000	-0.126173	-0.085081	-0.472428	1.26244
chr21-31700000-31800000	0.523177	0.015814	-0.017975	1.23015
chr21-33700000-33800000	0.186352	0.364676	-0.045155	4.01466
chr21-17300000-17400000	-0.232773	0.039496	-0.371837	1.3748
chr21-15800000-15900000	-0.025756	-0.126277	-0.504402	1.175
chr21-15900000-16000000	0.182159	-0.313081	-0.360824	1.23286
chr21-16100000-16200000	-0.053106	-0.392169	0.023772	1.25121
chr21-34300000-34400000	0.132849	0.406847	-0.12685	1.18611
chr21-16300000-16400000	-0.220671	-0.050765	-0.429461	2.24137
chr21-25700000-25800000	0.543418	0.133341	-0.125327	1.18256
chr21-18800000-18900000	0.105517	-0.302993	-0.122587	2.07306
chr21-32000000-32100000	0.171897	-0.109988	-0.184963	1.16323
chr21-18100000-18200000	-0.252662	-0.164027	-0.281258	1.27853
chr21-30500000-30600000	-0.219308	0.086148	-0.134776	3.70765
chr21-16600000-16700000	-0.096099	-0.077564	-0.437447	1.56017
chr21-16900000-17000000	-0.079348	-0.307873	-0.205373	1.34061
chr21-17000000-17100000	-0.337174	-0.144908	-0.13863	1.47522
chr21-20700000-20800000	0.206002	-0.358344	-0.02202	1.06156
chr21-26400000-26500000	0.502644	-0.121825	-0.062372	1.25534
chr21-19100000-19200000	-0.185011	-0.229956	-0.157166	3.04449
chr21-22300000-22400000	0.113301	-0.112911	-0.396189	1.46663
chr21-44700000-44800000	0.007245	0.255528	0.565788	3.22868
chr21-17200000-17300000	-0.053512	0.026334	-0.651328	1.64714
chr21-24400000-24500000	0.440735	-0.345131	0.005	1.16216
chr21-17500000-17600000	-0.200743	0.005251	-0.4219	1.43468
chr21-24200000-24300000	0.245146	-0.288544	-0.381023	1.24867
chr21-18900000-19000000	-0.202992	-0.211695	-0.139518	2.7942
chr21-19300000-19400000	0.240767	-0.194033	-0.469431	1.29084
chr21-19400000-19500000	0.178894	-0.154947	-0.139224	1.15644
chr21-19500000-19600000	0.397035	-0.274976	-0.361393	1.14581
chr21-19700000-19800000	-0.071325	-0.321372	-0.301906	1.14042
chr21-28500000-28600000	-0.101445	0.609405	-0.172264	1.60932
chr21-46000000-46100000	0.131995	-0.219965	0.443655	1.32637
chr21-19800000-19900000	0.275987	-0.337167	-0.28326	1.1791
chr21-37600000-37700000	-0.098521	0.654355	0.295268	2.93087
chr21-37700000-37800000	-0.305987	0.418274	0.181033	2.81091
chr21-39700000-39800000	0.270103	0.217636	0.140108	2.62427
chr21-20000000-20100000	0.182814	-0.348986	-0.090219	1.1363
chr21-20100000-20200000	0.331835	-0.261259	-0.396173	1.13984
chr21-35700000-35800000	-0.045199	0.341376	0.210469	3.26542
chr21-46500000-46600000	-0.178057	0.05374	0.435115	2.78075
chr21-20200000-20300000	0.058488	-0.346895	-0.214852	1.09923
chr21-39000000-39100000	-0.032843	0.17859	0.113656	1.87075
chr21-44000000-44100000	-0.130828	-0.03018	0.120854	1.84805
chr21-20400000-20500000	0.570837	-0.296276	-0.135948	1.14895
chr21-20500000-20600000	0.294264	-0.416462	-0.301623	1.11829
chr21-31300000-31400000	0.125058	-0.038935	-0.134782	1.20373
chr21-20600000-20700000	0.488914	-0.176402	-0.131065	1.26893
chr21-31400000-31500000	0.241775	0.132516	-0.411123	1.09588
chr21-35800000-35900000	0.207474	0.554253	0.249721	2.79816
chr21-20800000-20900000	0.246172	-0.33547	-0.362781	1.1619
chr21-35100000-35200000	-0.156225	0.489631	0.208116	2.16997
chr21-20900000-21000000	0.300631	-0.32979	-0.020849	1.07539
chr21-21100000-21200000	0.370465	-0.311188	-0.023279	1.09843
chr21-47200000-47300000	-0.292592	-0.162654	0.43993	5.59471
chr21-21300000-21400000	0.278314	-0.235219	-0.469665	1.02717
chr21-21400000-21500000	0.505914	-0.384741	-0.269445	1.18038
chr21-21900000-22000000	0.319216	-0.350077	-0.16216	1.16384
chr21-22000000-22100000	0.239451	-0.115424	-0.416797	1.21963
chr21-42500000-42600000	0.294699	-0.11578	0.214441	2.00431
chr21-22100000-22200000	0.489193	0.097375	-0.289758	1.1353
chr21-22400000-22500000	0.348468	0.14485	-0.426499	1.25914
chr21-46300000-46400000	-0.356824	0.037997	0.58883	3.05007
chr21-22500000-22600000	0.512515	0.244614	-0.134622	1.56772
chr21-26100000-26200000	0.073556	-0.051255	-0.196712	1.37013
chr21-31500000-31600000	0.150685	-0.107301	-0.200147	1.14849
chr21-22700000-22800000	0.115716	0.013072	-0.170889	1.21178
chr21-31000000-31100000	0.40715	0.141682	-0.0386	1.64063
chr21-22800000-22900000	0.17897	0.117915	-0.498751	1.18015
chr21-42800000-42900000	-0.046603	-0.143506	0.199031	1.65349
chr21-22900000-23000000	0.343931	0.03539	-0.224218	1.2755
chr21-40900000-41000000	0.389731	0.027665	0.025717	1.26705
chr21-23000000-23100000	0.243286	0.312117	-0.378394	1.58042
chr21-23100000-23200000	0.008746	0.150698	-0.519164	1.31438
chr21-25400000-25500000	0.137369	-0.016795	-0.205056	1.28256
chr21-23200000-23300000	0.117578	-0.057555	-0.265775	1.34372
chr21-27000000-27100000	0.1331	0.28262	-0.430132	2.00742
chr21-9900000-10000000	-0.002108	-0.919244	0.203448	1.338
chr21-23400000-23500000	0.110092	-0.228667	-0.329902	1.1825
chr21-41200000-41300000	0.328561	-0.156861	0.023628	1.20288
chr21-41800000-41900000	0.360082	-0.28771	0.241757	1.16064
chr21-47400000-47500000	-0.514822	0.2375	0.295293	8.02424
chr21-23500000-23600000	0.254211	-0.061618	-0.067806	1.20247
chr21-30100000-30200000	-0.237729	0.283958	-0.150021	1.80032
chr21-38600000-38700000	-0.16413	0.134257	0.224043	4.25218
chr21-23600000-23700000	0.484596	-0.259823	-0.236121	1.17785
chr21-25500000-25600000	0.097434	0.094398	-0.510486	1.16381
chr21-23700000-23800000	0.46353	0.044951	-0.365834	1.16365
chr21-47800000-47900000	-0.464268	0.144203	0.083291	4.90192
chr21-23800000-23900000	0.235217	-0.172653	-0.4731	1.25276
chr21-38100000-38200000	-0.113457	0.272156	0.265774	2.35345
chr21-23900000-24000000	0.457713	-0.044983	-0.244991	1.2011
chr21-24000000-24100000	0.252579	-0.018402	-0.517922	1.13048
chr21-28000000-28100000	0.014182	0.078429	-0.329671	1.31905
chr21-40100000-40200000	-0.299832	0.086806	0.103322	4.40811
chr21-24100000-24200000	0.527959	-0.100742	-0.31699	1.1919
chr21-24300000-24400000	0.561383	-0.18946	-0.283105	1.10464
chr21-24500000-24600000	0.58872	-0.089303	-0.152328	1.0628
chr21-24600000-24700000	0.395544	0.112532	-0.338339	1.10061
chr21-24700000-24800000	0.468274	-0.033122	-0.046282	1.16177
chr21-24900000-25000000	0.371775	0.077594	-0.210396	1.11701
chr21-25000000-25100000	0.557512	-0.204429	-0.289077	1.17122
chr21-27400000-27500000	-0.070013	0.314691	-0.236583	2.1095
chr21-27700000-27800000	0.007129	0.167243	-0.419992	1.84931
chr21-47600000-47700000	-0.484064	0.295571	0.156197	5.29928
chr21-25100000-25200000	0.419186	0.052377	-0.468489	1.12272
chr21-25200000-25300000	0.279376	0.017849	-0.158989	1.12243
chr21-27800000-27900000	0.129059	-0.044314	-0.206678	1.45821
chr21-29600000-29700000	-0.039071	0.538187	-0.165118	1.70397
chr21-25300000-25400000	0.298935	0.021541	-0.496263	1.22551
chr21-25900000-26000000	0.473073	-0.186926	-0.32201	1.17755
chr21-26000000-26100000	0.326404	0.138948	-0.343733	1.17893
chr21-42200000-42300000	0.484884	0.003171	-0.000857	1.21055
chr21-26200000-26300000	0.312853	-0.148552	-0.426215	1.17522
chr21-26300000-26400000	0.462363	0.127376	-0.303383	1.13447
chr21-26500000-26600000	0.206356	-0.209899	-0.179813	1.18829
chr21-26600000-26700000	0.036866	0.023888	-0.341983	1.15356
chr21-26700000-26800000	0.118436	0.288159	-0.183283	2.2746
chr21-28400000-28500000	-0.147093	0.359471	-0.391296	1.38684
chr21-33500000-33600000	0.406079	0.219881	-0.152547	1.34068
chr21-40400000-40500000	0.148221	0.375005	0.291741	2.36689
chr21-26800000-26900000	0.096758	0.305179	-0.504398	1.52475
chr21-26900000-27000000	-0.135067	0.099269	-0.43935	2.97754
chr21-27100000-27200000	-0.047887	0.092209	-0.248076	3.90542
chr21-27300000-27400000	0.197558	0.428891	-0.405949	2.26839
chr21-27500000-27600000	0.033337	0.02103	-0.331065	3.39295
chr21-27900000-28000000	0.343834	0.114928	-0.362467	1.19462
chr21-28100000-28200000	0.170414	0.385168	-0.408469	1.52298
chr21-42700000-42800000	0.264649	-0.184752	0.284191	2.60547
chr21-28200000-28300000	-0.106779	0.478637	-0.22472	3.82755
chr21-28300000-28400000	-0.274659	0.235615	-0.140994	2.71582
chr21-28600000-28700000	-0.211333	0.278024	-0.208337	1.50456
chr21-28700000-28800000	-0.435007	0.119553	-0.012428	2.18991
chr21-42600000-42700000	-0.017822	-0.149184	0.153729	1.70331
chr21-28900000-29000000	-0.367353	0.035794	-0.095796	2.71669
chr21-29000000-29100000	-0.324594	0.128575	-0.3988	1.81849
chr21-36800000-36900000	0.066502	0.635477	0.052297	1.84236
chr21-29100000-29200000	-0.309257	0.366623	-0.154771	1.62568
chr21-29300000-29400000	-0.513007	0.432232	-0.3428	1.37527
chr21-34100000-34200000	-0.235296	0.006104	-0.021936	2.87956
chr21-29400000-29500000	-0.172125	0.431941	-0.408636	1.42328
chr21-43800000-43900000	0.223493	-0.19102	0.378485	1.35315
chr21-29500000-29600000	-0.275309	0.346385	-0.118877	1.58167
chr21-30200000-30300000	0.089313	0.315906	-0.058651	2.28132
chr21-29700000-29800000	-0.2322	0.26005	-0.199922	1.76052
chr21-29900000-30000000	-0.367657	0.256012	-0.271786	1.74171
chr21-30000000-30100000	-0.131166	0.220681	-0.471515	2.42913
chr21-30300000-30400000	0	0	0	4.80215
chr21-30600000-30700000	-0.113326	0.383062	-0.166298	2.90064
chr21-30700000-30800000	0.213579	0.390696	-0.181902	2.82216
chr21-38700000-38800000	-0.393327	0.333834	0.149778	4.2734
chr21-30800000-30900000	-0.048083	0.214747	-0.290907	1.7785
chr21-30900000-31000000	0.189433	0.339971	-0.127964	1.38486
chr21-31100000-31200000	0.117258	-0.004561	-0.104156	1.19428
chr21-39100000-39200000	0.223202	0.397979	0.147562	2.16874
chr21-31200000-31300000	0.437125	0.097327	-0.090681	1.36546
chr21-42100000-42200000	0.380791	-0.316483	-0.034463	1.18357
chr21-42400000-42500000	0.136506	-0.313471	0.014222	1.29065
chr21-31600000-31700000	0.377509	0.118928	-0.293666	1.13381
chr21-31800000-31900000	0.333256	-0.263347	0.006753	1.15298
chr21-31900000-32000000	0.48566	-0.002716	-0.160696	1.31083
chr21-32100000-32200000	0.494172	-0.106996	-0.114458	1.10018
chr21-47300000-47400000	-0.317612	0.142666	0.54508	3.41139
chr21-32300000-32400000	0.106334	-0.007467	-0.208223	1.20353
chr21-32400000-32500000	0.416582	0.039978	-0.065902	2.40073
chr21-32500000-32600000	0.312267	-0.183237	0.15498	1.91072
chr21-32800000-32900000	0.166052	-0.036688	-0.088889	1.28102
chr21-32900000-33000000	0.224648	0.275243	-0.209067	1.22373
chr21-33000000-33100000	0.469792	0.246156	0.033037	2.84216
chr21-33100000-33200000	0.155079	0.184611	0.098811	3.3922
chr21-33200000-33300000	0.471689	0.251823	-0.036493	1.98206
chr21-33300000-33400000	0.157703	0.25788	-0.102391	1.62967
chr21-39200000-39300000	-0.013737	0.266676	0.302928	3.94542
chr21-33600000-33700000	0.345126	0.162553	0.161912	2.97568
chr21-33800000-33900000	0.409353	0.248726	0.173659	2.65075
chr21-40000000-40100000	-0.008511	0.254154	0.069815	1.17264
chr21-40600000-40700000	0.295653	0.18775	0.308413	3.99848
chr21-44300000-44400000	0.199642	0.363811	0.508708	4.87455
chr21-44500000-44600000	-0.032178	0.230099	0.404287	3.46469
chr21-33900000-34000000	0.233042	0.385378	-0.027606	3.92969
chr21-34000000-34100000	-0.021044	0.209413	-0.170393	2.20825
chr21-34500000-34600000	0.214881	0.171314	0.270723	2.0537
chr21-34600000-34700000	0.430081	0.401339	0.216405	4.65729
chr21-34700000-34800000	0.148975	0.468191	0.298447	3.69741
chr21-34900000-35000000	-0.150079	0.399317	0.239213	4.16095
chr21-35000000-35100000	-0.092949	0.589593	-0.047365	3.08471
chr21-35200000-35300000	-0.424803	0.364612	0.093282	3.00906
chr21-35600000-35700000	-0.357654	0.339843	0.13256	1.72919
chr21-35300000-35400000	-0.168933	0.546344	-0.024463	4.3258
chr21-35400000-35500000	-0.342836	0.295895	0.029293	2.96667
chr21-35500000-35600000	-0.069286	0.472652	0.099334	3.10897
chr21-35900000-36000000	-0.060028	0.509184	0.372701	4.36913
chr21-36100000-36200000	-0.032685	0.562583	-0.051948	3.42791
chr21-45700000-45800000	-0.198376	-0.015997	0.563784	5.34077
chr21-36200000-36300000	0.128063	0.552482	0.223885	4.80507
chr21-36300000-36400000	-0.183706	0.573731	0.276491	3.61675
chr21-36400000-36500000	0.024361	0.638062	0.028494	3.54538
chr21-41400000-41500000	0.136944	-0.087464	-0.15909	1.30731
chr21-36500000-36600000	-0.255441	0.557129	-0.022576	3.4604
chr21-36600000-36700000	-0.351166	0.254144	-0.05661	2.03547
chr21-43700000-43800000	0.325809	0.120896	0.406616	1.39408
chr21-9400000-9500000	-0.008478	-0.925975	0.213858	1.50591
chr21-36700000-36800000	-0.195757	0.541088	-0.02383	1.75004
chr21-36900000-37000000	0.195376	0.580512	0.328311	2.08854
chr21-37000000-37100000	-0.085208	0.574309	0.17321	1.73665
chr21-37400000-37500000	-0.190021	0.42523	0.320626	4.34271
chr21-37100000-37200000	-0.262927	0.399433	0.317856	1.53892
chr21-37200000-37300000	-0.027358	0.618514	0.270474	1.81484
chr21-37300000-37400000	0.154335	0.389035	0.367856	1.78734
chr21-37800000-37900000	0.007869	0.480733	0.287691	3.21431
chr21-37900000-38000000	-0.13081	0.219351	0.190003	1.93754
chr21-38200000-38300000	0.060719	0.496401	0.217565	3.00718
chr21-45800000-45900000	-0.046339	-0.230921	0.642844	1.5812
chr21-38400000-38500000	0.202843	0.511134	0.366838	4.54041
chr21-38500000-38600000	0.091797	0.227181	0.428568	3.60287
chr21-45000000-45100000	0.065632	0.02675	0.527793	4.1409
chr21-38800000-38900000	-0.098227	0.304173	0.145834	2.15161
chr21-38900000-39000000	-0.335723	0.07603	0.22806	3.21572
chr21-39800000-39900000	-0.028199	0.075371	0.162267	1.88141
chr21-39900000-40000000	0.28083	0.139283	0.146828	1.25223
chr21-9800000-9900000	0.00135	-0.924068	0.208951	12.7388
chr21-40200000-40300000	-0.083959	0.282048	0.207005	2.63494
chr21-44100000-44200000	0.096607	-0.145567	0.324474	1.89369
chr21-40300000-40400000	0.066047	0.145762	0.456528	4.01859
chr21-40500000-40600000	0.00109	0.103246	0.185438	3.10819
chr21-40800000-40900000	0.063687	0.048592	0.088952	2.76724
chr21-41300000-41400000	0.075251	-0.320212	0.076905	1.24347
chr21-41500000-41600000	0.292843	-0.325822	0.027192	1.32427
chr21-41600000-41700000	0.401856	-0.00459	0.08322	1.14527
chr21-41700000-41800000	0.149649	-0.202774	0.004084	1.17122
chr21-41900000-42000000	0.499356	-0.063889	0.044089	1.28111
chr21-42000000-42100000	0.1999	-0.124724	0.171818	1.20569
chr21-42900000-43000000	0.244367	-0.156952	0.347456	1.25993
chr21-43100000-43200000	0.118841	-0.073358	0.291662	1.69756
chr21-43300000-43400000	0.05373	0.148611	0.166627	4.74224
chr21-43400000-43500000	-0.177461	-0.093277	0.229203	5.4295
chr21-43600000-43700000	0.216846	-0.181609	0.347372	1.92079
chr21-43900000-44000000	0.125591	0.094933	0.264235	1.90955
chr21-44400000-44500000	0.177526	0.086395	0.568398	4.13151
chr21-44600000-44700000	-0.285518	0.201968	0.610194	2.06055
chr21-44800000-44900000	-0.204506	0.271367	0.334504	2.59076
chr21-44900000-45000000	-0.184287	-0.060621	0.359262	4.45445
chr21-45100000-45200000	-0.196199	0.193041	0.441078	6.89405
chr21-45200000-45300000	-0.057519	-0.065532	0.620257	4.06849
chr21-45500000-45600000	-0.07837	0.026306	0.523152	4.87125
chr21-45900000-46000000	-0.121806	-0.107011	0.366072	1.34999
chr21-46100000-46200000	0.002913	0.033091	0.544458	2.2409
chr21-46200000-46300000	-0.246494	-0.163098	0.419754	5.31017
chr21-46400000-46500000	-0.434365	-0.014184	0.304491	4.67261
chr21-46700000-46800000	-0.345716	0.247651	0.494035	6.39979
chr21-46800000-46900000	-0.419049	0.065634	0.646179	4.49798
chr21-46900000-47000000	-0.159083	-0.073058	0.55468	3.99456
chr21-47000000-47100000	-0.348019	-0.166984	0.342231	2.36184
chr21-47500000-47600000	-0.511463	0.011163	0.20127	5.45424
chr21-47700000-47800000	-0.521456	0.107844	0.356223	5.07771
chr21-47900000-48000000	-0.406885	-0.045077	0.295683	3.77077
chr21-48000000-48100000	-0.402071	-0.312218	0.411624	4.98329
chr21-9500000-9600000	-0.005825	-0.924126	0.209128	1.31502
