chr20-30300000-30400000	-0.105957	0.036949	-0.185051	5.59001
chr20-1000000-1100000	-0.140399	0.393273	0.237363	3.08617
chr20-9800000-9900000	-0.385928	0.471578	0.325772	1.14301
chr20-38100000-38200000	-0.024698	-0.143235	0.463804	1.14901
chr20-23600000-23700000	-0.133008	0.609917	0.118224	3.56827
chr20-0-100000	-0.121619	0.724209	0.168033	1.26927
chr20-37700000-37800000	0.150991	0.274192	0.269806	1.20912
chr20-2100000-2200000	-0.121619	0.511926	0.080395	3.71494
chr20-11700000-11800000	-0.49108	0.365122	0.096553	2.40471
chr20-13800000-13900000	-0.485507	0.279179	0.378612	1.51937
chr20-22100000-22200000	-0.161186	0.317702	0.325852	1.2372
chr20-100000-200000	-0.216092	0.625434	0.110622	1.2947
chr20-54300000-54400000	0.122419	0.097747	0.589254	1.10741
chr20-14400000-14500000	-0.448507	0.016496	0.366274	1.515
chr20-16200000-16300000	-0.504237	0.232773	0.327521	1.64117
chr20-58100000-58200000	0.27388	0.366777	0.19955	1.56396
chr20-18300000-18400000	-0.19241	0.2461	0.40242	1.78008
chr20-14300000-14400000	-0.474746	0.279469	0.381623	1.46875
chr20-52100000-52200000	0.09961	-0.218186	0.444395	2.37346
chr20-10400000-10500000	-0.49566	0.473982	0.084104	3.29687
chr20-25300000-25400000	-0.044302	0.57698	0.217944	3.89716
chr20-10500000-10600000	-0.544559	0.267503	0.277346	2.03778
chr20-61300000-61400000	0.274156	0.216068	-0.139783	4.62178
chr20-54800000-54900000	0.238667	0.235452	0.371606	1.23217
chr20-14100000-14200000	-0.405638	0.233203	0.469326	1.46848
chr20-10300000-10400000	-0.4724	0.272717	0.300333	1.76389
chr20-52500000-52600000	-0.004969	-0.134216	0.314025	3.53923
chr20-10200000-10300000	-0.221731	0.229601	0.213221	2.38376
chr20-14600000-14700000	-0.471766	0.012501	0.327907	1.26018
chr20-49000000-49100000	-0.052616	-0.483051	-0.002602	3.80602
chr20-3000000-3100000	-0.503313	0.123146	-0.191193	3.60667
chr20-25200000-25300000	-0.138714	0.562056	-0.026391	7.72774
chr20-18600000-18700000	-0.161706	0.334515	0.213078	2.7296
chr20-14800000-14900000	-0.190901	0.389518	0.460464	1.24057
chr20-54100000-54200000	0.111046	0.192123	0.481919	1.12186
chr20-41300000-41400000	0.064522	0.038319	0.208523	1.18313
chr20-29600000-29700000	0.185505	0.341559	-0.316514	3.26973
chr20-7400000-7500000	-0.481271	0.257596	0.433995	1.2354
chr20-41800000-41900000	0.123457	0.143655	0.469825	1.18875
chr20-32400000-32500000	-0.021412	0.087486	-0.253861	2.94324
chr20-12000000-12100000	-0.475839	0.344966	0.325261	1.87594
chr20-50400000-50500000	0.169112	-0.259037	0.244828	1.70079
chr20-30400000-30500000	0.15895	0.025436	-0.246075	2.17446
chr20-18100000-18200000	-0.4459	0.341245	0.40907	3.43877
chr20-1600000-1700000	-0.111648	0.516346	0.117301	1.17512
chr20-10100000-10200000	-0.41878	0.3971	0.117792	1.81157
chr20-45800000-45900000	0.246414	-0.269871	0.050315	3.39189
chr20-43500000-43600000	0.048583	-0.00671	0.10861	4.37596
chr20-10800000-10900000	-0.513356	0.27019	0.014416	1.72928
chr20-19900000-20000000	-0.418151	0.055266	0.14821	4.31999
chr20-10600000-10700000	-0.525121	0.267275	0.002324	3.11304
chr20-50700000-50800000	0.173651	-0.220596	0.136699	2.69389
chr20-18800000-18900000	-0.191122	0.291925	0.317156	1.6947
chr20-16300000-16400000	-0.378135	0.418896	0.158073	1.65854
chr20-12600000-12700000	-0.187589	0.211406	0.565031	1.20345
chr20-14500000-14600000	-0.485017	0.295018	0.382323	1.43765
chr20-8200000-8300000	-0.34882	0.267298	-0.017351	1.50179
chr20-32600000-32700000	-0.119777	-0.007002	-0.225167	3.42347
chr20-23100000-23200000	-0.329545	0.397482	-0.022291	3.23186
chr20-12800000-12900000	-0.435931	0.334038	0.470331	1.20952
chr20-30200000-30300000	0.121474	0.135934	-0.238577	4.74043
chr20-9200000-9300000	-0.351154	0.308119	-0.022397	2.26055
chr20-5200000-5300000	-0.337499	0.548292	0.200327	1.35448
chr20-47100000-47200000	0.34343	-0.072455	0.384878	1.1848
chr20-12100000-12200000	-0.250282	0.460045	0.427683	1.59229
chr20-8800000-8900000	-0.37458	0.230416	0.042799	1.93609
chr20-56300000-56400000	0.145855	0.130632	0.184198	1.52608
chr20-52200000-52300000	0.260621	-0.164495	0.179648	3.00733
chr20-1200000-1300000	-0.292886	0.14632	-0.067599	4.30335
chr20-58500000-58600000	0.094607	0.303529	0.019457	3.15233
chr20-54400000-54500000	0.167426	0.260628	0.362035	1.1529
chr20-52300000-52400000	0.133482	-0.366167	0.207777	2.74203
chr20-10000000-10100000	-0.1873	0.546894	0.110625	1.95859
chr20-56400000-56500000	0.262859	0.369553	0.146543	1.2487
chr20-52400000-52500000	-0.065409	-0.268185	0.093515	2.50579
chr20-39900000-40000000	0.117653	-0.035204	0.039216	4.30971
chr20-32000000-32100000	0.132545	-0.107096	-0.29795	3.45252
chr20-14700000-14800000	-0.263703	0.113189	0.502381	1.20508
chr20-16800000-16900000	-0.475454	0.22905	0.32912	1.65641
chr20-16000000-16100000	-0.535958	0.152617	0.290919	1.57298
chr20-47600000-47700000	0.203829	-0.203725	-0.005113	3.03699
chr20-4600000-4700000	-0.498685	-0.06542	-0.0019	2.89872
chr20-14000000-14100000	-0.532615	0.243802	0.189738	1.14152
chr20-41400000-41500000	0.062177	0.054381	0.487781	1.11906
chr20-8600000-8700000	-0.499856	0.267481	0.014673	1.55208
chr20-5600000-5700000	-0.463185	0.069784	0.063825	2.00367
chr20-49800000-49900000	0.159573	-0.22279	0.013184	2.47498
chr20-21700000-21800000	-0.076712	0.368626	0.43024	1.21455
chr20-12500000-12600000	-0.274475	0.420317	0.399332	1.15129
chr20-52700000-52800000	-0.014127	-0.127255	0.330706	1.60545
chr20-45700000-45800000	0.325717	0.016771	0.079367	2.26175
chr20-12300000-12400000	-0.416885	0.499388	0.244162	1.23957
chr20-34200000-34300000	-0.128883	-0.158199	-0.353869	5.79864
chr20-23000000-23100000	-0.254585	0.175176	0.085417	1.7017
chr20-12200000-12300000	-0.232048	0.288308	0.192555	1.2695
chr20-58700000-58800000	0.263667	0.330993	0.308658	1.75523
chr20-8000000-8100000	-0.334979	0.308066	0.06176	2.50389
chr20-56000000-56100000	0.41723	0.202189	0.331662	1.654
chr20-49900000-50000000	0.077569	-0.341418	0.231436	3.69104
chr20-3800000-3900000	-0.612723	0.111223	-0.261517	6.39669
chr20-10700000-10800000	-0.471217	0.055488	0.154403	1.92688
chr20-12900000-13000000	-0.171331	0.389313	0.3385	1.71527
chr20-10900000-11000000	-0.353026	0.498981	-0.019276	1.88392
chr20-1100000-1200000	-0.149253	0.376846	-0.036559	2.28022
chr20-24800000-24900000	-0.469235	0.077551	0.221835	1.55962
chr20-15200000-15300000	-0.282559	0.072642	0.455213	1.31056
chr20-11000000-11100000	-0.453059	0.417811	0.207739	1.23841
chr20-57600000-57700000	0.266542	-0.075806	0.070071	4.70031
chr20-15500000-15600000	-0.485547	0.3558	0.286681	1.31254
chr20-57400000-57500000	0.38488	0.018448	0.294932	3.12341
chr20-22500000-22600000	-0.199298	0.122951	0.515295	1.17522
chr20-42000000-42100000	0.380347	0.025341	0.379903	2.58305
chr20-59500000-59600000	0.161931	0.29283	0.053496	1.2176
chr20-19300000-19400000	-0.164732	0.176009	0.510509	1.15197
chr20-11100000-11200000	-0.396674	0.294755	-0.035008	2.027
chr20-11300000-11400000	-0.448068	0.435347	0.168213	1.36743
chr20-44600000-44700000	0.368131	-0.003084	0.113339	3.43705
chr20-11200000-11300000	-0.189155	0.464856	0.054454	1.67836
chr20-19200000-19300000	-0.167439	0.309965	0.304907	1.19212
chr20-51600000-51700000	0.101938	0.296628	0.134971	1.38713
chr20-11800000-11900000	-0.291229	0.375565	-0.073797	2.65666
chr20-15600000-15700000	-0.392183	0.094484	0.238369	1.83797
chr20-59400000-59500000	0.27601	0.30656	0.30739	1.39861
chr20-22800000-22900000	-0.207362	0.222582	0.186316	1.35829
chr20-24300000-24400000	-0.213693	0.151365	0.536678	2.05964
chr20-15400000-15500000	-0.514434	0.095024	0.192371	1.18415
chr20-35700000-35800000	-0.056688	-0.173146	0.033513	2.11048
chr20-31200000-31300000	-0.201226	-0.217038	-0.118829	2.72658
chr20-15000000-15100000	-0.301833	0.053745	0.396492	1.12346
chr20-60000000-60100000	0.105456	0.215841	-0.030006	1.9694
chr20-55000000-55100000	0.156527	0.053197	0.123295	4.35799
chr20-51200000-51300000	0.0007	-0.073793	0.389098	1.18748
chr20-13700000-13800000	-0.444336	0.315886	0.081499	2.53931
chr20-40200000-40300000	-0.123248	-0.186804	0.119937	2.4259
chr20-31000000-31100000	0.08238	0.002292	-0.26411	7.06886
chr20-15800000-15900000	-0.155851	0.353367	0.366256	1.20716
chr20-13300000-13400000	-0.226408	0.285655	0.20534	1.34646
chr20-22400000-22500000	-0.108889	0.372003	0.469498	1.18632
chr20-59000000-59100000	0.091438	0.230379	0.061075	1.36732
chr20-31100000-31200000	0.018342	-0.24967	-0.240028	3.60852
chr20-11400000-11500000	-0.57866	0.196443	0.204669	1.44579
chr20-20400000-20500000	-0.482654	0.192248	0.372329	3.05657
chr20-17100000-17200000	-0.293814	0.099591	0.497401	1.15884
chr20-57200000-57300000	0.213198	-0.018753	0.042514	6.14265
chr20-1500000-1600000	-0.316405	0.535781	-0.010109	1.26364
chr20-60600000-60700000	0.284832	0.358881	-0.020962	3.73894
chr20-53400000-53500000	0.13802	0.161904	0.491719	1.1125
chr20-13000000-13100000	-0.12153	0.543689	0.118991	1.29825
chr20-59300000-59400000	0.129233	0.142084	0.477222	1.28435
chr20-19500000-19600000	-0.185119	0.255898	0.206375	1.2208
chr20-42100000-42200000	0.355487	0.060033	0.073219	2.42564
chr20-20200000-20300000	-0.136798	0.370069	0.492329	1.27444
chr20-11500000-11600000	-0.34131	0.032848	0.304116	1.27423
chr20-57100000-57200000	0.241231	0.078431	-0.18922	3.70145
chr20-11600000-11700000	-0.232145	0.305478	0.207326	2.17242
chr20-11900000-12000000	-0.240393	0.268301	0.186122	1.7477
chr20-41000000-41100000	0.029648	0.116611	0.284897	1.09296
chr20-14200000-14300000	-0.198939	0.344018	0.309791	1.87976
chr20-12700000-12800000	-0.197254	0.479547	0.475294	1.21549
chr20-38200000-38300000	0.079809	0.075475	0.344738	1.19322
chr20-12400000-12500000	-0.167014	0.594096	0.215793	1.10541
chr20-9600000-9700000	-0.358837	0.504745	0.361656	1.21228
chr20-1300000-1400000	-0.274228	0.387565	-0.126972	5.64677
chr20-13600000-13700000	-0.428209	0.5198	0.290449	2.31846
chr20-39100000-39200000	-0.133023	-0.200666	0.169732	1.48713
chr20-13100000-13200000	-0.327926	0.381936	0.225736	1.27369
chr20-60400000-60500000	0.224935	0.209352	0.003718	1.71096
chr20-15100000-15200000	-0.587487	0.075304	0.410657	1.11814
chr20-46800000-46900000	0.190431	0.2436	0.052857	1.27372
chr20-13200000-13300000	-0.157591	0.429873	0.435971	1.35106
chr20-62500000-62600000	0.131017	0.184583	-0.375373	6.33153
chr20-13400000-13500000	-0.190244	0.43615	0.422312	1.48061
chr20-15300000-15400000	-0.484525	0.26969	0.417384	1.19158
chr20-51000000-51100000	0.128434	-0.187364	0.308957	1.42897
chr20-35500000-35600000	0.020369	-0.321421	-0.311486	2.40333
chr20-42700000-42800000	0.119271	-0.10361	0.060842	3.40572
chr20-13500000-13600000	-0.237112	0.352195	0.160719	1.45479
chr20-13900000-14000000	-0.42482	0.512811	0.249013	1.15942
chr20-25500000-25600000	-0.248838	0.324797	-0.181237	3.193
chr20-25100000-25200000	-0.055973	0.480063	0.196687	3.36913
chr20-1400000-1500000	-0.193496	0.293259	0.086652	2.842
chr20-14900000-15000000	-0.444549	0.276092	0.512832	1.1976
chr20-55500000-55600000	0.079063	-0.023051	0.347341	1.3654
chr20-400000-500000	-0.386017	0.081098	-0.251179	4.14508
chr20-15700000-15800000	-0.293026	0.145028	0.489326	1.3484
chr20-6100000-6200000	-0.489241	0.302259	0.348566	2.02665
chr20-7300000-7400000	-0.424881	0.462344	0.235585	1.15144
chr20-57900000-58000000	0.208146	0.359339	0.244793	1.2298
chr20-15900000-16000000	-0.450248	0.395063	0.396872	1.34908
chr20-18200000-18300000	-0.240161	0.519429	0.319195	4.16196
chr20-16100000-16200000	-0.342862	0.024538	0.435171	1.4344
chr20-56800000-56900000	0.124219	0.176709	-0.103325	4.15864
chr20-52600000-52700000	0.239837	-0.160436	0.171683	1.23107
chr20-38400000-38500000	0.085729	0.065104	0.296057	2.20688
chr20-36200000-36300000	-0.023662	0.053675	-0.089201	1.19113
chr20-34000000-34100000	-0.022719	-0.222278	-0.342544	3.21758
chr20-16400000-16500000	-0.383385	0.330354	0.42435	1.5742
chr20-4200000-4300000	-0.539459	0.042074	0.042363	1.92819
chr20-23800000-23900000	-0.049024	0.526284	0.334521	1.40142
chr20-4400000-4500000	-0.388608	0.347107	-0.197422	2.46633
chr20-38800000-38900000	-0.017625	-0.137572	0.485272	1.17759
chr20-16500000-16600000	-0.508846	0.111639	0.270896	2.99447
chr20-38600000-38700000	0.008432	0.088668	0.226199	1.36495
chr20-29900000-30000000	0.09137	0.11289	0.10359	1.19712
chr20-58000000-58100000	0.288397	0.126402	0.385944	1.3573
chr20-4800000-4900000	-0.344083	0.090163	0.102428	2.95105
chr20-30600000-30700000	0.231157	0.132774	-0.224813	3.20062
chr20-16600000-16700000	-0.281707	0.087091	0.445486	1.31056
chr20-32800000-32900000	0.007523	-0.14604	-0.260899	3.17956
chr20-16700000-16800000	-0.258476	0.373369	0.487331	3.93335
chr20-16900000-17000000	-0.238759	0.384428	0.263509	1.67353
chr20-33000000-33100000	0.000402	-0.0653	-0.17221	2.65839
chr20-1700000-1800000	-0.336665	0.359809	0.082293	4.67455
chr20-55700000-55800000	0.257688	0.24183	0.381141	1.46856
chr20-17000000-17100000	-0.232013	0.363	0.536394	1.41141
chr20-17200000-17300000	-0.142852	0.337112	0.473117	1.14884
chr20-8100000-8200000	-0.345218	0.02478	0.053256	2.03408
chr20-17300000-17400000	-0.259418	0.098887	0.477313	1.17016
chr20-53200000-53300000	0.17512	0.175481	0.416005	1.25944
chr20-37500000-37600000	0.107691	-0.22258	0.124319	2.81017
chr20-17400000-17500000	-0.503555	0.183786	0.347375	2.4773
chr20-9100000-9200000	-0.371243	0.04532	0.040274	2.50654
chr20-9900000-10000000	-0.108972	0.373676	0.331277	1.26617
chr20-48200000-48300000	0.103212	-0.188467	-0.107576	2.46468
chr20-17500000-17600000	-0.418129	-0.021376	0.126062	4.75232
chr20-6700000-6800000	-0.600898	0.200582	0.188413	2.1865
chr20-17600000-17700000	-0.60527	0.16814	0.092573	5.4951
chr20-17700000-17800000	-0.418756	0.001697	0.11371	2.28896
chr20-37000000-37100000	-0.010751	-0.229796	-0.097468	4.44283
chr20-17800000-17900000	-0.497272	0.172361	-0.011285	4.77196
chr20-20100000-20200000	-0.356899	0.488478	0.363291	1.27494
chr20-17900000-18000000	-0.379164	0.033472	0.207787	3.55138
chr20-32700000-32800000	-0.163983	-0.272519	-0.143539	2.19434
chr20-1800000-1900000	-0.257393	0.280671	-0.14482	3.17404
chr20-18000000-18100000	-0.335186	0.108997	0.494123	1.28851
chr20-18400000-18500000	-0.463266	0.153188	0.414971	3.78238
chr20-58300000-58400000	0.147962	0.297394	0.089781	1.34461
chr20-56200000-56300000	0.418493	0.187522	0.204192	3.31081
chr20-18500000-18600000	-0.333294	0.099688	0.173789	3.80466
chr20-52000000-52100000	0.321055	-0.049478	0.443325	1.17422
chr20-18700000-18800000	-0.329938	0.531617	0.27017	2.30293
chr20-18900000-19000000	-0.248877	0.449401	0.54229	1.52271
chr20-1900000-2000000	-0.183089	0.517973	-0.01389	2.04378
chr20-31700000-31800000	0.127307	-0.150009	0.144168	1.29745
chr20-59200000-59300000	0.353078	0.26222	0.382952	1.37061
chr20-60700000-60800000	0.417031	0.150706	-0.009515	5.0178
chr20-19000000-19100000	-0.478662	0.292635	0.560852	1.20408
chr20-59600000-59700000	0.352786	0.098638	0.03912	1.75901
chr20-46100000-46200000	0.252318	0.002552	-0.127046	3.01132
chr20-40100000-40200000	0.037252	0.013952	0.126666	2.17436
chr20-800000-900000	-0.234307	0.356148	0.081162	2.54241
chr20-33700000-33800000	-0.0334	-0.054273	-0.381918	3.86486
chr20-19100000-19200000	-0.304453	0.495232	0.484358	1.12288
chr20-55800000-55900000	0.36689	0.005057	0.336344	1.23481
chr20-4700000-4800000	-0.583445	0.144037	0.165786	2.62436
chr20-19400000-19500000	-0.08776	0.414177	0.405882	1.28566
chr20-44200000-44300000	0.185794	0.197349	0.370485	1.21595
chr20-35100000-35200000	0.180266	0.046952	-0.297518	6.44188
chr20-19600000-19700000	-0.308853	0.094502	0.424261	2.52188
chr20-5100000-5200000	-0.279465	0.276202	0.105678	3.5324
chr20-19700000-19800000	-0.399831	0.050634	0.149174	5.0461
chr20-46000000-46100000	0.415463	-0.196779	-0.115958	3.27961
chr20-44000000-44100000	0.205695	-0.21371	0.165031	3.47721
chr20-35200000-35300000	0.056137	-0.100803	-0.104703	3.80288
chr20-19800000-19900000	-0.339319	-0.070035	0.340105	4.8721
chr20-200000-300000	-0.318927	0.417747	0.013333	5.07933
chr20-47800000-47900000	0.197236	0.159747	-0.185878	4.77922
chr20-2000000-2100000	-0.244814	0.300785	0.120001	4.53137
chr20-57700000-57800000	0.29246	-0.066618	0.337666	1.26393
chr20-51800000-51900000	-0.006587	-0.094503	0.453059	1.22388
chr20-20000000-20100000	-0.224348	0.26289	0.251471	2.67074
chr20-22700000-22800000	-0.314161	0.021825	0.055917	2.44066
chr20-46300000-46400000	0.395771	-0.069934	0.102023	1.38679
chr20-40700000-40800000	0.06585	0.061935	0.295905	1.1723
chr20-20300000-20400000	-0.220688	0.108621	0.42728	2.11092
chr20-5300000-5400000	-0.23719	0.333739	0.212864	1.30563
chr20-4500000-4600000	-0.313725	0.124278	-0.09762	2.54633
chr20-20500000-20600000	-0.246664	0.069269	0.445692	1.68555
chr20-24600000-24700000	-0.245175	0.083982	0.313105	2.27617
chr20-20600000-20700000	-0.176519	0.293649	0.279628	2.28237
chr20-39600000-39700000	-0.050795	-0.10132	0.117338	3.79778
chr20-20700000-20800000	-0.399441	0.367277	0.436689	1.18643
chr20-22000000-22100000	-0.235007	0.160267	0.532321	1.11722
chr20-20800000-20900000	-0.133864	0.34746	0.315807	1.25545
chr20-60300000-60400000	0.453993	0.358228	0.046833	2.06979
chr20-20900000-21000000	-0.177967	0.216548	0.546001	1.20903
chr20-47000000-47100000	0.358797	0.19101	0.301152	1.31097
chr20-34300000-34400000	-0.06804	0.039844	-0.476754	3.8606
chr20-29400000-29500000	-0.023443	0.829415	-0.389202	1
chr20-9000000-9100000	-0.408311	0.286388	-0.04577	4.62971
chr20-21000000-21100000	-0.194824	0.240112	0.277839	1.1731
chr20-21100000-21200000	-0.345224	-0.002776	0.283656	2.06918
chr20-21200000-21300000	-0.233178	0.177773	0.479176	2.94658
chr20-54000000-54100000	-0.01923	-0.013205	0.346645	1.17119
chr20-30000000-30100000	0.020426	0.276094	-0.08741	1.35649
chr20-4000000-4100000	-0.664882	0.050485	-0.081968	5.0309
chr20-21300000-21400000	-0.349337	0.036443	0.276076	1.69633
chr20-5000000-5100000	-0.543925	0.202871	0.040051	3.85661
chr20-23200000-23300000	-0.115698	0.527868	0.059238	2.37423
chr20-21400000-21500000	-0.482883	0.24194	0.331995	1.4149
chr20-29500000-29600000	-0.024318	0.562403	-0.351514	1.46564
chr20-21500000-21600000	-0.187585	0.318876	0.370977	1.17133
chr20-54600000-54700000	0.215876	0.22092	0.375122	1.07846
chr20-27800000-27900000	-0.021694	0.828136	-0.38707	0
chr20-21600000-21700000	-0.209859	0.607485	0.331529	1.17496
chr20-38700000-38800000	0.188815	-0.11337	0.284513	1.13208
chr20-21800000-21900000	-0.241578	0.20929	0.590531	1.17431
chr20-21900000-22000000	-0.139049	0.412232	0.475158	1.35443
chr20-25000000-25100000	-0.176225	0.481866	-0.014125	1.47822
chr20-2400000-2500000	-0.151634	0.242689	-0.135535	4.71522
chr20-2200000-2300000	-0.21052	0.245639	0.090918	1.54887
chr20-44100000-44200000	0.332873	-0.032967	0.364029	1.17964
chr20-40500000-40600000	-0.003734	-0.070045	0.408267	1.13535
chr20-22200000-22300000	0.016172	0.523962	0.290458	1.19681
chr20-22300000-22400000	-0.189899	0.324704	0.219856	1.25652
chr20-22600000-22700000	-0.19268	0.212005	0.249515	1.64724
chr20-22900000-23000000	-0.315851	-0.000342	0.281972	1.42433
chr20-46600000-46700000	0.266021	0.209938	0.072117	1.23441
chr20-2300000-2400000	-0.19818	0.459891	0.005044	1.38549
chr20-47400000-47500000	0.395285	0.082606	0.135151	1.5688
chr20-45200000-45300000	0.252548	-0.152318	0.174428	1.70897
chr20-36700000-36800000	-0.038671	-0.187691	-0.032144	6.48556
chr20-23300000-23400000	-0.271135	0.317287	0.174768	4.58767
chr20-49700000-49800000	-0.050863	-0.196833	0.098645	2.94581
chr20-23400000-23500000	-0.352408	0.464001	0.427587	2.84578
chr20-61700000-61800000	0.226859	0.190023	-0.308598	1.71321
chr20-34800000-34900000	-0.121567	-0.273437	0.119312	2.86527
chr20-41700000-41800000	0.052916	-0.1373	0.441582	1.18102
chr20-32200000-32300000	-0.189206	-0.277949	-0.245842	5.74394
chr20-23500000-23600000	-0.112027	0.42198	0.353952	1.3655
chr20-61200000-61300000	0.464447	0.367443	-0.173106	3.42325
chr20-23700000-23800000	-0.246155	0.683227	0.325359	1.81105
chr20-23900000-24000000	-0.182726	0.282569	0.347849	1.28602
chr20-24000000-24100000	-0.304433	0.08404	0.217569	1.43991
chr20-57000000-57100000	0.280401	0.077757	0.074577	2.88812
chr20-3500000-3600000	-0.54881	0.206035	-0.110172	2.16533
chr20-24100000-24200000	-0.191903	0.155016	0.456705	1.203
chr20-51300000-51400000	0.115245	0.168964	0.427609	1.17932
chr20-51100000-51200000	-0.102998	-0.209992	0.168614	2.67211
chr20-55300000-55400000	0.329378	0.044532	0.120392	1.86213
chr20-24200000-24300000	-0.305122	-0.083186	0.415457	1.16906
chr20-44300000-44400000	0.387741	0.188424	0.242013	1.20012
chr20-42200000-42300000	0.128653	-0.104188	0.082417	3.33804
chr20-24400000-24500000	-0.341422	-0.021226	0.393542	1.28083
chr20-40000000-40100000	-0.056929	-0.234576	0.166141	2.62509
chr20-24500000-24600000	-0.189925	0.138932	0.563763	1.21139
chr20-57300000-57400000	0.414439	0.198652	0.057794	1.35078
chr20-55400000-55500000	0.332087	0.090709	0.375688	1.22573
chr20-24700000-24800000	-0.384148	-0.119093	0.397493	1.35861
chr20-24900000-25000000	-0.321147	0.269542	0.038653	2.83597
chr20-37300000-37400000	0.258929	-0.005336	0.063774	3.03557
chr20-2500000-2600000	-0.288235	0.263593	0.1005	2.70321
chr20-45500000-45600000	0.338348	0.034666	0.03833	2.48034
chr20-25400000-25500000	-0.126796	0.507354	-0.049674	2.76952
chr20-36400000-36500000	-0.025068	0.050776	-0.070502	2.15909
chr20-25600000-25700000	-0.053348	0.428108	-0.02721	5.68675
chr20-58400000-58500000	0.025771	0.073635	0.180779	1.22913
chr20-49300000-49400000	0.076788	-0.275949	-0.112165	4.32132
chr20-25700000-25800000	-0.284184	0.555423	-0.137312	1.91265
chr20-54700000-54800000	0.224094	0.04288	0.594076	1.26905
chr20-25800000-25900000	-0.117629	0.808346	-0.122352	1.62638
chr20-25900000-26000000	-0.21984	0.743649	-0.36174	1.27117
chr20-2600000-2700000	-0.420995	0.369046	-0.092522	4.19274
chr20-6800000-6900000	-0.332362	0.124748	0.300918	1.12363
chr20-35400000-35500000	0.112382	-0.061028	-0.31764	6.44306
chr20-26000000-26100000	-0.217251	0.743213	-0.360211	1
chr20-26100000-26200000	-0.224759	0.546111	-0.211923	9.65001
chr20-42400000-42500000	0.219377	-0.142351	0.063853	3.28519
chr20-33500000-33600000	-0.152262	-0.012031	-0.423256	4.54695
chr20-26200000-26300000	-0.047595	0.682836	-0.161387	1.17629
chr20-26300000-26400000	-0.018948	0.82706	-0.387804	1.71902
chr20-39700000-39800000	0.18796	-0.125218	0.012492	4.37351
chr20-2700000-2800000	-0.290934	0.17967	-0.189665	1.80895
chr20-2800000-2900000	-0.493845	0.323823	-0.135508	4.55172
chr20-2900000-3000000	-0.303885	0.279938	-0.248899	2.06346
chr20-56500000-56600000	0.189161	0.226119	0.357234	1.40619
chr20-50500000-50600000	-0.078516	-0.277515	0.276441	1.81678
chr20-29700000-29800000	0.215242	0.42537	-0.271515	0
chr20-29800000-29900000	0.146456	0.236114	-0.068651	1.33301
chr20-48600000-48700000	0.082853	-0.466599	-0.191433	4.84319
chr20-300000-400000	-0.443514	0.303526	-0.153321	6.26905
chr20-700000-800000	-0.442839	0.164917	0.037749	1.39911
chr20-45600000-45700000	0.196213	-0.196243	0.077812	1.55808
chr20-30100000-30200000	-0.118415	0.041652	-0.164837	7.30426
chr20-41500000-41600000	0.176634	0.270759	0.362442	1.2551
chr20-30500000-30600000	0.01557	0.149516	-0.107442	2.30236
chr20-30700000-30800000	-0.002867	-0.010599	-0.27494	4.4819
chr20-7600000-7700000	-0.420919	0.377218	0.089975	1.47914
chr20-50100000-50200000	0.162648	-0.1879	-0.114027	2.60606
chr20-30800000-30900000	-0.194754	-0.147764	-0.118698	3.15983
chr20-38000000-38100000	0.035682	0.052084	0.272907	1.27029
chr20-61600000-61700000	0.437807	0.176418	-0.202806	1.44203
chr20-30900000-31000000	-0.149364	0.049846	-0.248293	3.38348
chr20-3100000-3200000	-0.361062	0.289185	-0.269696	6.07427
chr20-4300000-4400000	-0.397238	0.120372	-0.113455	1.4579
chr20-31300000-31400000	0.062651	-0.183936	-0.115321	4.03256
chr20-55200000-55300000	0.363845	0.268657	0.256531	1.47545
chr20-53500000-53600000	0.03817	-0.10176	0.514273	1.10465
chr20-35600000-35700000	-0.067927	-0.419212	-0.061569	1.62611
chr20-31400000-31500000	-0.102492	-0.233145	0.073921	2.48334
chr20-31500000-31600000	-0.065663	-0.208898	0.352222	1.36846
chr20-48700000-48800000	-0.059378	-0.414658	-0.010439	6.68032
chr20-31600000-31700000	-0.08761	-0.304339	0.125016	1.3087
chr20-600000-700000	-0.469215	-0.006391	0.218129	3.10373
chr20-39300000-39400000	0.177172	0.269385	0.235639	1.89133
chr20-6300000-6400000	-0.376292	0.3285	0.08706	1.42805
chr20-44700000-44800000	0.306584	-0.108712	0.365475	2.87501
chr20-40600000-40700000	0.263076	-0.098371	0.365181	1.1698
chr20-39000000-39100000	-0.012033	-0.142291	0.400646	1.44307
chr20-8700000-8800000	-0.470461	0.163718	0.306637	1.99811
chr20-31800000-31900000	0.041922	0.051141	0.064951	1.32025
chr20-31900000-32000000	0.240922	0.084022	-0.131954	2.6199
chr20-43800000-43900000	0.399638	0.141015	0.189323	1.1948
chr20-3200000-3300000	-0.460768	0.04943	-0.205424	3.71843
chr20-32100000-32200000	0.038374	-0.260625	-0.151534	2.44384
chr20-38500000-38600000	0.162965	0.312673	0.185136	1.37661
chr20-32300000-32400000	0.037171	-0.141577	-0.207713	3.95986
chr20-5800000-5900000	-0.295613	0.405689	0.176239	1.80746
chr20-32500000-32600000	0.040963	-0.138653	-0.167412	2.88322
chr20-32900000-33000000	0	0	0	3.05998
chr20-42500000-42600000	0.14031	0.111655	0.036097	5.29899
chr20-37800000-37900000	0.041214	0.019799	0.27655	1.28063
chr20-3300000-3400000	-0.348657	0.25838	-0.21821	3.13923
chr20-33100000-33200000	-0.241159	-0.120267	-0.190304	4.98858
chr20-48400000-48500000	0.079747	-0.227756	-0.05116	3.01748
chr20-46500000-46600000	0.380625	0.075939	0.266129	1.21745
chr20-33200000-33300000	-0.185985	-0.34258	-0.150282	3.69311
chr20-33300000-33400000	-0.262734	-0.128135	-0.238994	2.82079
chr20-48100000-48200000	0.255394	-0.005053	-0.249885	1.99184
chr20-33400000-33500000	-0.04551	-0.167461	-0.407025	4.05484
chr20-33600000-33700000	-0.16659	-0.213883	-0.26752	4.00599
chr20-51700000-51800000	0.044207	0.02945	0.205848	1.30313
chr20-51500000-51600000	0.133693	0.175358	0.382412	1.24668
chr20-44400000-44500000	0.330785	-0.070439	0.100601	5.2092
chr20-33800000-33900000	-0.170579	-0.216847	-0.42256	7.57567
chr20-33900000-34000000	-0.114289	0.010181	-0.339026	3.32144
chr20-3400000-3500000	-0.425845	0.042331	-0.213318	3.31663
chr20-34100000-34200000	-0.227316	-0.347211	-0.240743	2.87919
chr20-54200000-54300000	0.016035	-0.046093	0.375064	1.19762
chr20-34400000-34500000	-0.022479	-0.115922	-0.396404	3.45546
chr20-58800000-58900000	0.251849	0.186836	0.067103	2.33932
chr20-34500000-34600000	-0.024249	-0.249079	-0.150871	3.74446
chr20-54500000-54600000	0.054692	0.064395	0.521505	1.17983
chr20-36000000-36100000	0.362913	-0.08203	-0.208527	3.62686
chr20-34600000-34700000	0.116117	-0.059751	-0.247862	3.39052
chr20-34700000-34800000	-0.079514	-0.092786	-0.102871	3.11402
chr20-34900000-35000000	-0.071164	-0.265098	-0.12599	1.28403
chr20-35000000-35100000	0.132654	-0.212761	-0.203019	5.12128
chr20-53700000-53800000	0.163754	0.325022	0.409516	1.11846
chr20-35300000-35400000	0.033219	0.130849	-0.16968	2.89674
chr20-35800000-35900000	-0.031895	0.02901	-0.167225	3.04813
chr20-35900000-36000000	0.140869	-0.159573	-0.067765	3.98494
chr20-3600000-3700000	-0.50737	-0.004892	-0.132245	2.52521
chr20-36100000-36200000	0.254477	0.123576	-0.123638	3.66326
chr20-36300000-36400000	0.055951	-0.174548	-0.00637	1.946
chr20-36500000-36600000	-0.051705	-0.187755	-0.007108	1.70663
chr20-56100000-56200000	0.358667	-0.079084	0.330584	1.42153
chr20-52800000-52900000	0.093758	0.04899	0.145061	2.89714
chr20-49400000-49500000	0.142446	-0.412954	0.119151	4.30904
chr20-36600000-36700000	-0.071102	0.051233	-0.124207	3.17152
chr20-43100000-43200000	0.234932	-0.171171	0.105341	4.25169
chr20-36800000-36900000	-0.068749	0.030253	-0.154729	4.62151
chr20-36900000-37000000	0.155582	-0.040129	-0.174289	2.82154
chr20-4100000-4200000	-0.47406	0.183292	-0.185385	3.98202
chr20-40400000-40500000	0.275832	-0.065073	0.410315	1.13834
chr20-3700000-3800000	-0.395817	0.179552	-0.250693	6.29218
chr20-48500000-48600000	0.300502	-0.304653	-0.14527	4.65481
chr20-37100000-37200000	0.028478	-0.02344	0.085942	2.6815
chr20-500000-600000	-0.377316	0.020421	-0.013795	2.62262
chr20-37200000-37300000	0.127979	0.228484	0.016524	1.5799
chr20-46400000-46500000	0.433885	0.194633	0.037805	1.23005
chr20-37400000-37500000	0.266892	-0.099225	0.312481	1.63707
chr20-60200000-60300000	0.422861	0.184951	0.24622	1.6322
chr20-44500000-44600000	0.213907	-0.184136	-0.079411	6.35227
chr20-42800000-42900000	0.21767	-0.269871	0.245089	3.81789
chr20-40800000-40900000	0.088801	0.08385	0.569976	1.20594
chr20-37600000-37700000	0.060901	0.031111	0.114149	2.86166
chr20-60500000-60600000	0.389965	0.332776	0.218079	3.08397
chr20-37900000-38000000	0.171504	0.215287	0.440862	1.12989
chr20-41200000-41300000	0.326	0.050736	0.304982	1.16687
chr20-38300000-38400000	0.163793	0.331266	0.32752	1.11874
chr20-38900000-39000000	0.243895	-0.079966	0.386998	1.19567
chr20-3900000-4000000	-0.475103	-0.019122	-0.128057	3.85407
chr20-39200000-39300000	0.006158	0.036302	0.247457	1.25759
chr20-59800000-59900000	0.183411	0.361519	0.248794	2.47601
chr20-39500000-39600000	0.008757	-0.127064	0.420546	1.77711
chr20-39400000-39500000	0.02289	0.033909	0.211059	1.53587
chr20-39800000-39900000	-0.070956	-0.18332	0.107154	3.913
chr20-46700000-46800000	0.08914	0.018875	0.134756	1.17818
chr20-40300000-40400000	0.047682	-0.246327	0.347318	2.74096
chr20-40900000-41000000	0.003478	-0.125859	0.413271	1.12855
chr20-49100000-49200000	-0.139262	-0.290042	0.113803	4.03082
chr20-41100000-41200000	0.21557	0.303338	0.368022	1.18043
chr20-43300000-43400000	0.189349	-0.186082	0.010042	2.87713
chr20-41600000-41700000	0.265307	0.015682	0.348593	1.19198
chr20-41900000-42000000	0.122211	-0.122363	0.412586	1.17877
chr20-42300000-42400000	0.251776	-0.26768	0.291376	3.38377
chr20-42600000-42700000	0.365693	0.052023	0.122638	3.4259
chr20-42900000-43000000	0.316229	-0.112376	0.435751	2.86341
chr20-5400000-5500000	-0.485817	0.314512	0.317952	1.85283
chr20-43700000-43800000	0.226429	-0.067825	0.12132	1.82463
chr20-43000000-43100000	0.411459	0.0066	0.214503	1.45018
chr20-58200000-58300000	0.143577	0.174862	0.330683	1.20341
chr20-43200000-43300000	0.315301	0.05951	0.064362	4.32199
chr20-50200000-50300000	0.184298	-0.297718	0.158428	2.36438
chr20-45300000-45400000	0.222473	0.094327	0.015693	4.43088
chr20-43400000-43500000	0.181685	-0.215264	0.278724	1.3157
chr20-61800000-61900000	0.279975	0.406839	-0.181949	2.92877
chr20-50600000-50700000	-0.103752	-0.267908	0.017442	2.13003
chr20-43600000-43700000	0.216497	0.187245	0.056185	2.14923
chr20-43900000-44000000	0.121517	0.046174	0.117345	4.81912
chr20-44800000-44900000	0.333802	0.024486	0.131751	1.28264
chr20-44900000-45000000	0.359709	-0.07575	0.370016	3.92399
chr20-45400000-45500000	0.227785	-0.180807	0.080078	2.16808
chr20-45000000-45100000	0.264038	0.179183	0.329554	3.41155
chr20-45100000-45200000	0.122668	0.066565	0.105395	3.40485
chr20-45900000-46000000	0.207238	-0.065476	-0.118387	8.32127
chr20-55600000-55700000	0.330722	0.030611	0.211472	2.14576
chr20-48300000-48400000	0.283155	-0.293452	-0.175413	2.68965
chr20-46200000-46300000	0.160842	-0.213478	-0.026192	2.68212
chr20-46900000-47000000	0.29413	-0.004873	0.118361	1.4528
chr20-50800000-50900000	0.030771	-0.167303	0.403718	3.72394
chr20-7000000-7100000	-0.544252	0.163272	0.245007	1.1666
chr20-47200000-47300000	0.472378	0.123974	0.200023	1.56789
chr20-47300000-47400000	0.290194	-0.082964	0.278256	1.50083
chr20-47500000-47600000	0.310238	0.045652	-0.127302	3.42046
chr20-47700000-47800000	0.04997	-0.038437	-0.147699	2.78874
chr20-47900000-48000000	0.171254	-0.099293	-0.144219	2.11431
chr20-48000000-48100000	0.102089	0.115632	-0.093549	1.3267
chr20-7700000-7800000	-0.559184	0.148625	0.152031	1.80091
chr20-48800000-48900000	-0.100234	-0.268752	-0.259371	5.07785
chr20-48900000-49000000	0.012942	-0.353997	-0.176965	6.91708
chr20-4900000-5000000	-0.342957	0.231729	-0.112416	3.03084
chr20-49200000-49300000	-0.027981	-0.460241	-0.049354	5.53924
chr20-49500000-49600000	0.087035	-0.213627	-0.017219	4.44219
chr20-49600000-49700000	0.029978	-0.329958	0.256666	2.48651
chr20-50000000-50100000	0.071372	-0.108447	0.06215	2.09839
chr20-50300000-50400000	-0.069993	-0.358609	0.237514	3.43681
chr20-50900000-51000000	-0.019912	0.038538	0.203182	1.22711
chr20-51400000-51500000	0.000152	-0.046493	0.292532	1.15973
chr20-51900000-52000000	0.13837	0.141855	0.374774	1.38018
chr20-52900000-53000000	0.077217	-0.092902	0.39435	1.21216
chr20-53000000-53100000	0.160962	0.167981	0.401412	1.24652
chr20-59700000-59800000	0.193958	0.315781	-0.035776	2.23639
chr20-57500000-57600000	0.345442	0.186982	0.056395	5.39481
chr20-53100000-53200000	0.304106	-0.033982	0.281981	1.20239
chr20-53300000-53400000	0.0335	-0.090379	0.418047	1.17379
chr20-53800000-53900000	0.047649	0.068556	0.379718	1.07458
chr20-62600000-62700000	0.276158	0.339266	-0.402784	5.96291
chr20-7100000-7200000	-0.341305	0.001896	0.327879	1.13525
chr20-53600000-53700000	0.041312	0.095102	0.320028	1.14001
chr20-53900000-54000000	0.25486	-0.111525	0.362357	1.0803
chr20-54900000-55000000	0.340241	-0.022223	0.299929	4.88967
chr20-5500000-5600000	-0.445812	0.329667	0.013436	2.44301
chr20-8500000-8600000	-0.383196	0.513416	0.043343	1.5691
chr20-55100000-55200000	0.346186	-0.009176	0.359159	1.37558
chr20-55900000-56000000	0.298761	0.115305	0.086798	3.68204
chr20-56600000-56700000	0.114734	0.107119	0.136665	1.49301
chr20-56700000-56800000	0.18645	0.374882	0.125548	1.70811
chr20-56900000-57000000	0.03964	-0.034235	-0.003501	3.47205
chr20-5700000-5800000	-0.497561	0.319963	0.002944	2.30936
chr20-57800000-57900000	0.202539	0.170026	0.424153	1.17355
chr20-58600000-58700000	0.323677	0.171568	0.09282	1.95978
chr20-58900000-59000000	0.186322	0.316507	0.307487	1.33008
chr20-5900000-6000000	-0.246872	0.186801	0.0168	3.01703
chr20-59100000-59200000	0.343835	0.292768	0.104852	1.4405
chr20-59900000-60000000	0.359592	0.283871	0.040154	1.93488
chr20-6000000-6100000	-0.389879	0.037445	0.207295	2.00084
chr20-60100000-60200000	0.270594	0.358047	0.113235	2.12028
chr20-60800000-60900000	0.272877	0.104028	-0.234343	4.62972
chr20-60900000-61000000	0.446689	0.262896	-0.145622	4.94573
chr20-61000000-61100000	0.563954	0.421358	-0.259184	1.77235
chr20-61100000-61200000	0.377151	0.446153	-0.038058	2.04672
chr20-61400000-61500000	0.400907	0.023409	-0.221218	4.9226
chr20-6400000-6500000	-0.166749	0.487312	0.101423	1.81864
chr20-61500000-61600000	0.195499	0.143926	-0.254378	5.86701
chr20-6200000-6300000	-0.426792	0.078556	0.180046	1.87973
chr20-61900000-62000000	0.321366	0.561528	-0.037948	3.59453
chr20-62000000-62100000	0.307168	0.381944	-0.215848	1.34392
chr20-62100000-62200000	0.161891	0.312827	-0.412121	3.65941
chr20-62200000-62300000	0.277696	0.445553	-0.272412	5.53149
chr20-62300000-62400000	0.436042	0.325293	-0.315749	8.9534
chr20-62400000-62500000	0.257543	0.293789	-0.436683	5.67005
chr20-62700000-62800000	0.349289	0.387093	-0.158175	3.61984
chr20-62800000-62900000	0.223079	0.33395	-0.317178	3.46567
chr20-62900000-63000000	0.255083	0.443536	-0.445657	2.10458
chr20-6500000-6600000	-0.410755	0.374646	0.060272	1.93369
chr20-6600000-6700000	-0.348835	0.102425	0.1242	1.891
chr20-6900000-7000000	-0.394551	0.400403	0.272382	1.26737
chr20-7200000-7300000	-0.518829	0.21614	0.352876	1.11433
chr20-7500000-7600000	-0.538634	0.143173	0.182919	1.11216
chr20-7800000-7900000	-0.346068	0.310242	0.030549	1.89372
chr20-7900000-8000000	-0.499342	0.331612	0.298452	1.98547
chr20-8300000-8400000	-0.403636	0.031082	0.092921	1.39145
chr20-8400000-8500000	-0.387388	0.265912	-0.067035	1.54716
chr20-8900000-9000000	-0.434158	0.45063	0.176095	1.78334
chr20-900000-1000000	-0.134575	0.603227	0.11066	1.28276
chr20-9300000-9400000	-0.557306	0.222421	0.149537	2.71136
chr20-9400000-9500000	-0.426496	0.489335	0.220341	2.15825
chr20-9500000-9600000	-0.159936	0.447932	0.14083	1.35813
chr20-9700000-9800000	-0.336347	0.289314	0.531577	1.09179
