chr22-23500000-23600000	0.285902	-0.241677	-0.312178	5.41513
chr22-29300000-29400000	-0.001473	-1.03015	0.256738	1.70964
chr22-21000000-21100000	0.547495	-0.346599	-1.10411	2.77979
chr22-16500000-16600000	-0.063608	1.13844	0.810927	1
chr22-27500000-27600000	0.039547	-0.446846	-0.196989	3.33545
chr22-18500000-18600000	0.962095	-0.1503	-0.387693	4.52661
chr22-18300000-18400000	0.830387	-0.056157	-0.290037	3.42421
chr22-45300000-45400000	0.592661	-0.395437	0.133551	1.40324
chr22-47500000-47600000	0.620179	-0.371147	0.923837	3.78346
chr22-50500000-50600000	0.765069	-0.413126	0.015394	2.76615
chr22-16300000-16400000	-0.064034	1.1363	0.805218	1
chr22-18800000-18900000	1.20191	0.256723	-0.676629	5.20379
chr22-23700000-23800000	-0.259546	0.027722	0.11627	1.32729
chr22-30500000-30600000	0.013883	-1.26406	0.245903	3.15039
chr22-18000000-18100000	0.840306	0.273197	-0.355897	2.42489
chr22-30200000-30300000	0.165706	-1.20528	-0.398876	3.5334
chr22-38500000-38600000	0.343797	-1.49425	0.20106	4.54009
chr22-16800000-16900000	-0.069059	1.13804	0.813658	1.16133
chr22-32600000-32700000	-0.177156	-0.061998	0.205046	1.26018
chr22-34700000-34800000	0.33215	-0.226737	0.625132	1.13809
chr22-47700000-47800000	1.0997	-0.088957	0.541269	1.69724
chr22-16900000-17000000	-0.070926	1.14097	0.818682	1.22018
chr22-17400000-17500000	0.838127	0.230925	0.102064	1.31015
chr22-20700000-20800000	0.153421	-0.72437	-1.35178	6.69236
chr22-39500000-39600000	1.09538	-1.54031	-0.100275	6.91915
chr22-20300000-20400000	0.14788	-0.72623	-1.34838	7.07444
chr22-46300000-46400000	0.958506	-1.00049	0.532245	3.76109
chr22-17300000-17400000	0.682191	0.71781	0.072975	1.22147
chr22-35700000-35800000	0.532666	-0.378803	-0.46749	5.19152
chr22-17200000-17300000	0.50265	0.607398	0.489062	1.17269
chr22-22600000-22700000	-0.306807	0.008242	-0.302914	1.58496
chr22-22300000-22400000	0.416929	-0.223194	-0.689496	5.17795
chr22-17800000-17900000	0.670785	-0.048494	0.049479	1.26616
chr22-20200000-20300000	0.149638	-0.727503	-1.34267	2.27717
chr22-17600000-17700000	0.395358	0.04717	0.020472	3.51843
chr22-31300000-31400000	0.496097	-0.757523	-0.216308	3.46186
chr22-17000000-17100000	-0.07416	1.13926	0.823575	1.03553
chr22-17100000-17200000	0.073401	0.844331	0.702118	1
chr22-26600000-26700000	0.227555	0.215698	0.243964	1.18841
chr22-17500000-17600000	0.442559	0.575863	-0.114768	3.11833
chr22-31500000-31600000	0.504285	-0.755912	-0.442793	4.14007
chr22-39100000-39200000	0.719646	-1.39354	-0.334253	5.41261
chr22-17700000-17800000	0.822834	0.374218	-0.1592	1.4739
chr22-37000000-37100000	0.070001	-0.64801	-0.246182	1.39931
chr22-17900000-18000000	0.292613	0.246006	-0.18888	1.24264
chr22-21800000-21900000	0.437874	-0.069091	-1.43431	5.1391
chr22-23600000-23700000	-0.040869	0.1401	-0.396384	4.8609
chr22-18100000-18200000	0.311455	0.166407	-0.353993	4.13738
chr22-21100000-21200000	0.102695	-0.29259	-0.827134	3.80511
chr22-18200000-18300000	0.414124	-0.385368	-0.466184	4.07159
chr22-29100000-29200000	-0.48324	-0.764519	0.11612	4.063
chr22-41400000-41500000	0.873271	-1.46928	-0.483029	4.96289
chr22-18400000-18500000	0.556995	-0.40884	-0.611268	4.08696
chr22-27300000-27400000	0.095621	-0.818408	0.338861	1.14171
chr22-49900000-50000000	0.895676	0.129054	0.126771	1.2478
chr22-23400000-23500000	-0.096752	0.073643	-0.02957	2.39256
chr22-30700000-30800000	0.513303	-0.981299	-0.515339	5.22493
chr22-36500000-36600000	0.082885	-1.22283	0.31505	3.27102
chr22-43300000-43400000	0.933345	-0.679925	-0.500584	3.92327
chr22-47300000-47400000	0.997103	-0.193698	0.204157	3.77451
chr22-50200000-50300000	0.867808	-0.49889	0.502728	4.20877
chr22-18600000-18700000	1.19651	0.256444	-0.679478	3.43166
chr22-34800000-34900000	0.48183	0.232759	0.386977	1.14603
chr22-43700000-43800000	0.501931	-0.252549	0.131485	1.33714
chr22-49000000-49100000	0.880142	0.109504	0.588226	1.31039
chr22-18900000-19000000	1.20758	0.258205	-0.674922	1.78743
chr22-22000000-22100000	0.003722	-0.526782	-0.666435	4.24682
chr22-44200000-44300000	0.731664	-0.319169	0.109166	3.24534
chr22-20800000-20900000	0.248708	-0.845331	-0.828547	6.41712
chr22-39000000-39100000	0.814664	-1.31812	0.20103	4.31847
chr22-51000000-51100000	0.643256	-1.06908	0.32249	4.78103
chr22-19800000-19900000	0.683757	-0.508073	-0.652395	7.25629
chr22-19000000-19100000	0.85974	-0.159053	-0.508672	2.91382
chr22-35600000-35700000	0.467352	-0.047913	-0.002616	3.82009
chr22-42500000-42600000	1.05634	-1.09351	0.176546	2.21654
chr22-22400000-22500000	-0.044307	-0.0169	-0.564068	2.3771
chr22-19300000-19400000	0.382848	-0.015423	-0.574035	3.31074
chr22-28500000-28600000	-0.093564	-0.800433	0.569657	2.08843
chr22-33300000-33400000	0.355603	0.120096	-0.19248	1.53346
chr22-42100000-42200000	0.8398	-1.18185	0.059053	3.20985
chr22-48500000-48600000	0.359223	-0.013792	0.799961	1.21072
chr22-19500000-19600000	0.766015	-0.189568	-0.294693	2.06173
chr22-19100000-19200000	0.309033	-0.110429	-0.420836	6.06041
chr22-35400000-35500000	0.49578	0.245672	0.593874	1.2136
chr22-37100000-37200000	0.533713	-0.83931	-0.046627	2.23731
chr22-51100000-51200000	0.744631	-1.22957	0.79339	3.13625
chr22-19700000-19800000	0.149041	-0.45491	-0.614964	2.92629
chr22-19600000-19700000	0.687307	-0.651982	-0.525104	1.78912
chr22-35200000-35300000	0.493326	0.372871	0.216917	1.26077
chr22-19200000-19300000	0.642429	-0.518631	-0.573489	2.85365
chr22-26500000-26600000	0.157358	-0.239782	0.503516	1.1436
chr22-28400000-28500000	-0.382517	-0.81411	0.101229	2.62261
chr22-39400000-39500000	0.882967	-1.57215	-0.557928	2.55805
chr22-42200000-42300000	1.16118	-0.902913	-0.297695	3.65026
chr22-48200000-48300000	0.695147	0.172179	0.423674	1.32076
chr22-19400000-19500000	0.327888	-0.517664	-0.417376	5.15234
chr22-48100000-48200000	1.02835	-0.225054	0.597654	1.21919
chr22-19900000-20000000	0.150019	-0.701713	-0.739917	6.10036
chr22-41600000-41700000	1.18786	-1.19375	-0.876285	7.41059
chr22-22500000-22600000	0.149931	-0.231663	-0.111657	1.69915
chr22-28100000-28200000	0.162321	-0.631365	-0.139139	2.52903
chr22-20000000-20100000	0.515864	-0.31412	-0.614069	5.94508
chr22-28000000-28100000	0.25963	-0.861916	0.351995	1.62271
chr22-31200000-31300000	0.044377	-1.10047	-0.142125	2.023
chr22-40600000-40700000	1.08803	-1.26934	-0.240102	2.30082
chr22-22800000-22900000	0.45753	0.126255	-0.414531	1.8941
chr22-20100000-20200000	0.173509	-0.693542	-0.833535	6.52381
chr22-24500000-24600000	-0.168215	-0.598782	0.067994	6.86065
chr22-33100000-33200000	0.470378	-0.014244	-0.303444	4.38623
chr22-22200000-22300000	-0.134474	-0.124184	-0.62194	7.59175
chr22-40800000-40900000	1.08594	-1.2844	-0.85693	4.83206
chr22-20600000-20700000	0.148208	-0.72606	-1.35448	1
chr22-44300000-44400000	0.974904	-0.395313	-0.393826	4.88701
chr22-20900000-21000000	0.605162	-0.485488	-0.596971	5.08549
chr22-21200000-21300000	0.43996	-0.732313	-0.738741	4.44697
chr22-41000000-41100000	1.0207	-0.974017	-0.562812	4.10384
chr22-23100000-23200000	0.589127	0.260598	-0.066755	1.23134
chr22-21300000-21400000	-0.120208	-0.685288	-0.800392	6.61656
chr22-21700000-21800000	0.43281	-0.072221	-1.43569	5.08424
chr22-21400000-21500000	0.205886	-0.33013	-1.04506	2.0894
chr22-21900000-22000000	0.387473	-0.192111	-0.872026	5.17096
chr22-22100000-22200000	0.417106	-0.151474	-0.692616	2.8236
chr22-22700000-22800000	0.047434	0.27154	-0.041985	1.21955
chr22-24200000-24300000	-0.521478	-0.165995	-0.139315	5.43462
chr22-39700000-39800000	0.661002	-1.39458	0.141272	5.59076
chr22-22900000-23000000	0.020022	0.359639	-0.177901	1.28563
chr22-23300000-23400000	0.030971	-0.276456	0.378208	1.41936
chr22-23000000-23100000	0.311547	0.047415	-0.501779	1.62392
chr22-23200000-23300000	0.057798	0.139607	-0.01129	1.81819
chr22-23800000-23900000	-0.093839	-0.05703	-0.408939	2.62085
chr22-32100000-32200000	-0.192613	-0.571078	0.255316	3.89301
chr22-38600000-38700000	0.820549	-1.26028	0.202222	8.96641
chr22-38800000-38900000	0.594691	-1.41855	-0.389866	3.85714
chr22-23900000-24000000	-0.367949	-0.111528	0.090807	1.41367
chr22-24000000-24100000	-0.025592	-0.237532	-0.343604	3.4146
chr22-24100000-24200000	-0.187217	-0.560312	0.090233	5.74698
chr22-24300000-24400000	-0.72184	-0.597972	-0.372625	6.14355
chr22-37600000-37700000	0.711238	-1.09125	0.18705	4.21663
chr22-24400000-24500000	-0.206078	-0.464272	-0.449126	4.3343
chr22-26400000-26500000	0.12599	0.22801	0.246023	1.15717
chr22-24600000-24700000	-0.583054	-0.50156	-0.308993	4.23558
chr22-24700000-24800000	-0.033391	-0.470708	-0.276335	2.39072
chr22-40400000-40500000	0.670467	-1.05877	-0.711674	2.38895
chr22-24800000-24900000	-0.277329	-0.46061	0.204583	2.81438
chr22-24900000-25000000	-0.208612	-0.144875	-0.232473	4.96041
chr22-25000000-25100000	-0.725894	0.083418	-0.308162	2.2926
chr22-25800000-25900000	-0.285308	-0.235961	0.232274	3.25625
chr22-43000000-43100000	0.990049	-0.445526	-0.575148	7.96432
chr22-47800000-47900000	0.609543	-0.327769	0.717173	1.22002
chr22-25100000-25200000	-0.280213	-0.031047	-0.132154	1.50156
chr22-29200000-29300000	-0.003816	-0.721293	-0.200749	1.92343
chr22-41800000-41900000	0.630744	-1.31483	-0.405221	6.94929
chr22-45400000-45500000	1.02853	-0.692914	0.215639	1.40651
chr22-25200000-25300000	0.279566	0.118789	-0.186128	1.39782
chr22-32800000-32900000	0.429255	-0.150643	0.595525	4.02389
chr22-36200000-36300000	0.352006	-0.913062	-0.226911	2.15534
chr22-25300000-25400000	0.288549	-0.21041	0.257299	1.96878
chr22-25400000-25500000	-0.106966	-0.361943	0.619667	1.41969
chr22-27200000-27300000	0.034487	-0.426235	-0.035012	1.96886
chr22-49200000-49300000	0.875288	-0.098753	0.475396	1.27781
chr22-25500000-25600000	-0.156179	0.045443	0.249581	1.34131
chr22-36100000-36200000	0.298487	-0.869188	0.306912	2.48731
chr22-25600000-25700000	0.253891	0.35257	0.41373	1.30343
chr22-43200000-43300000	0.635241	-0.907327	-0.083899	4.79733
chr22-25700000-25800000	0.114341	-0.151065	0.630775	2.87822
chr22-29800000-29900000	-0.008945	-1.16097	0.26304	1.57982
chr22-25900000-26000000	-0.137844	-0.26233	0.745384	1.956
chr22-26000000-26100000	0.143895	-0.134818	0.305705	1.51887
chr22-35800000-35900000	0.190586	-0.725945	-0.164873	3.07218
chr22-26100000-26200000	0.219548	0.312912	-0.012279	2.2431
chr22-26200000-26300000	-0.132469	-0.052087	0.27887	1.19601
chr22-26300000-26400000	0.169181	-0.054178	0.703177	1.16686
chr22-26700000-26800000	0.225313	-0.319331	0.377471	1.31766
chr22-46800000-46900000	1.1103	-0.465759	0.07688	1.65806
chr22-26800000-26900000	-0.042652	-0.264932	-0.118062	3.91339
chr22-35000000-35100000	0.613764	0.308323	0.448669	1.12007
chr22-26900000-27000000	-0.152868	-0.527668	0.368617	4.40934
chr22-27000000-27100000	0.009789	-0.594226	-0.163661	3.8297
chr22-43600000-43700000	0.951768	-0.492509	0.040865	1.67717
chr22-27100000-27200000	-0.164815	-0.821614	0.319203	3.38476
chr22-27400000-27500000	-0.08473	-0.328121	0.332173	1.41549
chr22-30300000-30400000	0.187538	-1.2309	0.154891	2.23218
chr22-45800000-45900000	1.19718	-0.718056	-0.024392	2.50003
chr22-27600000-27700000	-0.277004	-0.705467	0.151319	2.3507
chr22-27700000-27800000	0.203932	-0.57907	0.367291	1.52632
chr22-41100000-41200000	1.1659	-1.1622	-0.071185	2.16746
chr22-27800000-27900000	0.110501	-0.550794	-0.202549	2.93225
chr22-32400000-32500000	0.204957	0.16992	0.096121	1.2223
chr22-27900000-28000000	-0.253553	-0.709434	0.200521	1.72459
chr22-28200000-28300000	-0.272135	-0.887604	0.137273	2.39188
chr22-28300000-28400000	-0.104876	-0.820828	-0.395057	3.5463
chr22-28600000-28700000	-0.306402	-1.08039	0.170659	1.63142
chr22-37200000-37300000	0.585355	-0.543212	-0.505704	1.62825
chr22-37400000-37500000	0.237029	-1.12652	-0.299588	3.60466
chr22-28700000-28800000	-0.421595	-0.839661	-0.285835	1.44517
chr22-28800000-28900000	-0.231845	-0.868092	0.221584	2.97157
chr22-31000000-31100000	0.254681	-1.38016	0.16811	4.98795
chr22-42600000-42700000	1.09041	-0.66172	-0.15866	2.4286
chr22-28900000-29000000	-0.225702	-1.11521	-0.279524	1.63077
chr22-29000000-29100000	-0.312356	-1.28502	0.226438	1.53193
chr22-45600000-45700000	1.21538	-0.804955	0.084991	3.99683
chr22-45700000-45800000	0.655516	-0.888621	0.009011	3.70197
chr22-29400000-29500000	-0.261413	-0.926079	-0.221441	3.43316
chr22-29500000-29600000	0.278618	-1.00967	-0.113127	2.11311
chr22-29600000-29700000	-0.240473	-0.949171	-0.289286	4.26517
chr22-47200000-47300000	0.792243	-0.473858	0.627571	4.30059
chr22-29700000-29800000	0.086708	-1.39691	-0.245007	4.6441
chr22-47400000-47500000	0.885728	-0.620551	0.54454	3.96059
chr22-29900000-30000000	0.230317	-0.913728	-0.15015	4.38789
chr22-45500000-45600000	1.14542	-0.352461	-0.2166	3.91509
chr22-30000000-30100000	-0.241023	-1.14842	-0.351363	4.21495
chr22-30100000-30200000	0.012026	-1.2404	0.112205	5.35462
chr22-34400000-34500000	0.298678	0.359299	0.401107	1.10962
chr22-30400000-30500000	-0.106532	-1.25833	-0.303013	3.52453
chr22-38400000-38500000	0.855	-1.29124	0.085776	4.32599
chr22-50400000-50500000	0.948615	-0.609701	0.512374	1.65403
chr22-30600000-30700000	0.041759	-1.02718	-0.241114	6.89464
chr22-30800000-30900000	0.057075	-0.809814	-0.756446	4.75232
chr22-30900000-31000000	0.036107	-1.05397	-0.240176	2.90823
chr22-31100000-31200000	0.114903	-0.903177	0.366275	2.12591
chr22-31400000-31500000	0.037159	-1.04397	-0.345063	6.94282
chr22-31600000-31700000	0.040123	-1.01817	-0.262595	5.19625
chr22-31700000-31800000	0.015243	-0.660827	0.15367	4.28918
chr22-33600000-33700000	0.386583	-0.301928	0.376264	1.49476
chr22-31800000-31900000	-0.158741	-0.57425	-0.357013	4.15967
chr22-31900000-32000000	0.270553	-0.496688	-0.665536	2.54937
chr22-32000000-32100000	0.032137	-0.395226	-0.209125	5.8007
chr22-32300000-32400000	-0.282856	-0.131967	0.114172	3.36262
chr22-49100000-49200000	0.534618	-0.121823	0.912513	1.2642
chr22-32200000-32300000	0.136556	-0.367359	-0.133749	2.14722
chr22-34200000-34300000	0	0	0	2.33221
chr22-32500000-32600000	0.070833	0.283188	0.572526	1.24225
chr22-38300000-38400000	0.434958	-1.60437	-0.169238	5.79522
chr22-32700000-32800000	-0.086682	-0.281875	0.729327	1.75937
chr22-32900000-33000000	0.172257	-0.640561	0.40807	2.66602
chr22-33000000-33100000	0.214545	-0.430478	-0.088075	3.00051
chr22-33200000-33300000	0.304653	-0.240622	0.189671	3.19183
chr22-33400000-33500000	0.158311	-0.009304	0.332748	1.19905
chr22-44000000-44100000	1.11023	-0.365781	0.49179	1.26119
chr22-33500000-33600000	0.304544	-0.041024	0.862038	1.28662
chr22-33700000-33800000	0.134458	0.150852	0.142585	1.56941
chr22-33800000-33900000	0.296357	-0.238776	0.456829	1.59571
chr22-35100000-35200000	0.100583	0.121983	0.534286	1.14742
chr22-35500000-35600000	0.306344	-0.252947	0.48108	1.20519
chr22-33900000-34000000	-0.245328	-0.108521	0.50112	1.53996
chr22-34000000-34100000	0.210435	0.190225	0.403216	1.52739
chr22-34100000-34200000	0.470849	-0.186452	0.150777	1.6329
chr22-34300000-34400000	0.481334	0.288969	-0.121336	2.60633
chr22-34500000-34600000	0.309353	-0.045727	0.753363	1.07447
chr22-34600000-34700000	0.565172	0.194544	0.344946	1.09209
chr22-36000000-36100000	0.093059	-0.991488	-0.199416	3.71237
chr22-36400000-36500000	0.536674	-1.10887	0.617843	3.57141
chr22-50000000-50100000	0.85549	-0.207552	0.582504	1.38263
chr22-34900000-35000000	0.489215	0.017668	0.893098	1.0924
chr22-35300000-35400000	0.644188	-0.137482	0.266581	1.16243
chr22-35900000-36000000	0.329087	-0.924675	0.31471	2.32535
chr22-36300000-36400000	0.212873	-0.83241	0.304845	2.36209
chr22-36600000-36700000	0.193368	-1.17697	-0.221626	4.48369
chr22-38200000-38300000	0.585994	-1.23464	-0.530688	5.17854
chr22-36700000-36800000	0.617947	-0.851961	-0.243085	7.63581
chr22-49800000-49900000	0.840196	0.137561	0.686229	1.21526
chr22-36800000-36900000	1.01144	-0.902889	-0.554003	6.59286
chr22-36900000-37000000	0.578368	-0.823065	-0.176868	3.71499
chr22-37300000-37400000	0.632968	-0.838597	-0.073412	1.82387
chr22-40500000-40600000	0.646213	-1.47541	-0.37111	2.05617
chr22-37500000-37600000	0.756496	-0.910366	-0.320664	3.45059
chr22-39800000-39900000	0.388729	-1.3163	-0.316368	5.45773
chr22-37700000-37800000	0.220424	-1.35005	0.259938	5.32513
chr22-39200000-39300000	0.582403	-1.34641	0.230171	4.80692
chr22-37800000-37900000	0.408599	-1.5394	-0.195053	4.63041
chr22-44700000-44800000	1.06408	-0.505088	0.092378	3.24424
chr22-37900000-38000000	0.425062	-1.20591	-0.606629	6.49377
chr22-38000000-38100000	0.766773	-1.39224	-0.225693	8.20752
chr22-45100000-45200000	0.999605	-0.814393	0.28023	2.8465
chr22-38100000-38200000	0.266003	-1.5596	-0.212088	6.3573
chr22-50600000-50700000	1.2739	-0.531762	-0.110235	7.5113
chr22-38700000-38800000	0.598053	-1.69236	0.070568	7.54811
chr22-47600000-47700000	0.613368	-0.279415	0.377657	1.59877
chr22-38900000-39000000	0.339776	-1.57304	0.042449	4.97179
chr22-39300000-39400000	1.01257	-1.3355	-0.088108	1.86143
chr22-48400000-48500000	0.732679	0.17237	0.420722	1.19592
chr22-39600000-39700000	0.615871	-1.51363	-0.40527	5.49007
chr22-39900000-40000000	0.859943	-1.32647	-0.029542	5.2622
chr22-45200000-45300000	1.10118	-0.382898	-0.059864	1.54789
chr22-40000000-40100000	0.665348	-1.28473	-0.528625	1.71694
chr22-42400000-42500000	1.18423	-0.931598	-0.338924	6.17597
chr22-40100000-40200000	1.05022	-0.965843	-0.360047	1.33859
chr22-40200000-40300000	0.956513	-0.923036	-0.862619	1.18351
chr22-40300000-40400000	1.05015	-0.937087	-0.333675	1.98417
chr22-44800000-44900000	0.775551	-0.965368	0.097101	3.65493
chr22-40700000-40800000	0.649215	-1.42073	-0.525453	4.1572
chr22-40900000-41000000	0.915096	-1.46431	-0.40372	2.28316
chr22-41200000-41300000	1.12427	-1.14247	-0.625532	3.71428
chr22-43400000-43500000	1.1087	-1.03419	-0.118	3.39513
chr22-49700000-49800000	0.725853	0.333907	0.156516	1.39456
chr22-41300000-41400000	0.591762	-1.0996	-0.71973	3.69417
chr22-41500000-41600000	1.21352	-1.06719	-0.348253	2.90307
chr22-49400000-49500000	0.804178	0.041732	0.543546	1.76743
chr22-50800000-50900000	1.10968	-0.510167	-0.115657	4.92272
chr22-41700000-41800000	0.647282	-1.31266	-0.969532	6.03523
chr22-43100000-43200000	1.17046	-0.847416	-0.257654	4.49977
chr22-41900000-42000000	0.946999	-0.893696	-0.471383	7.26627
chr22-42000000-42100000	0.551574	-1.27089	-0.424491	5.12741
chr22-48000000-48100000	0.612949	0.057415	0.827255	1.20337
chr22-42300000-42400000	0.808679	-0.841171	-0.719459	2.47441
chr22-42700000-42800000	0.736934	-1.04106	0.045078	1.9359
chr22-42800000-42900000	0.627517	-0.90334	-0.477946	2.06128
chr22-42900000-43000000	1.18991	-0.916003	-0.396364	3.55681
chr22-43500000-43600000	1.04215	-0.647525	-0.493576	4.99918
chr22-43800000-43900000	0.777464	-0.593877	0.485875	1.28831
chr22-43900000-44000000	0.802375	-0.190358	0.110856	1.3245
chr22-44100000-44200000	0.625096	-0.5826	0.590705	1.81569
chr22-44400000-44500000	0.797083	-0.664895	0.061363	3.56657
chr22-44500000-44600000	1.33573	-0.578072	-0.075666	2.42969
chr22-44600000-44700000	1.17176	-0.998186	0.244901	1.96654
chr22-46500000-46600000	0.975689	-0.670999	0.457603	4.78753
chr22-44900000-45000000	1.11549	-0.702707	0.441569	2.77851
chr22-45000000-45100000	0.593594	-0.713181	0.672831	4.96826
chr22-49500000-49600000	0.907745	0.232036	0.03377	1.22515
chr22-45900000-46000000	0.668006	-0.845809	0.036245	3.39325
chr22-46000000-46100000	1.06712	-0.707169	0.392012	3.72855
chr22-46100000-46200000	0.612134	-0.917024	0.626962	2.52962
chr22-46200000-46300000	0.641511	-0.874297	0.075099	2.21997
chr22-46400000-46500000	0.545078	-0.878075	0.13989	11.324
chr22-46600000-46700000	0.485442	-0.780625	0.662644	5.23346
chr22-46700000-46800000	1.01351	-0.792699	0.504379	3.65348
chr22-46900000-47000000	0.554361	-0.410024	0.212959	3.54693
chr22-47000000-47100000	1.00427	-0.288751	-0.100158	3.23355
chr22-47100000-47200000	1.25012	-0.22803	0.398666	7.16613
chr22-47900000-48000000	1.04506	-0.074682	0.512716	1.22299
chr22-48300000-48400000	0.620986	-0.269995	0.749877	1.16468
chr22-48600000-48700000	0.730523	0.189518	0.463907	1.19269
chr22-48700000-48800000	0.678313	-0.157689	0.917049	1.20603
chr22-48800000-48900000	0.78447	0.104783	0.422373	1.41856
chr22-48900000-49000000	0.485828	-0.221376	0.786432	1.33303
chr22-49300000-49400000	1.02903	0.253996	0.078669	1.29189
chr22-49600000-49700000	0.949284	0.001889	0.530309	1.19538
chr22-50100000-50200000	0.896984	-0.25292	0.014695	4.05412
chr22-50300000-50400000	0.461772	-0.807779	0.711449	7.19645
chr22-50700000-50800000	1.21486	-0.795049	0.366159	8.93274
chr22-50900000-51000000	1.13272	-0.904749	0.248994	7.0768
chr22-51200000-51300000	0.75014	-1.22699	0.792814	1.33764
