chr21-10800000-10900000	-0.875426	-1.5769	-0.023922	1.4676
chr21-18500000-18600000	0.552481	-0.277698	-0.40994	1.2211
chr21-10500000-10600000	-0.725621	-2.08932	-0.604951	1.49825
chr21-21200000-21300000	0.008299	-0.618545	0.40739	1.24971
chr21-21700000-21800000	0.6151	-0.340619	-0.374652	1.07696
chr21-14500000-14600000	1.21687	-0.900634	1.1635	1
chr21-18400000-18500000	0.795666	0.493651	-0.268822	1.52227
chr21-21000000-21100000	0.51565	-0.355807	-0.260252	1.0848
chr21-25800000-25900000	0.64351	0.025	0.406685	1.24384
chr21-16200000-16300000	0.58741	0.527665	-0.581301	1.92599
chr21-10400000-10500000	-0.725557	-2.08668	-0.608257	1
chr21-21800000-21900000	0.284556	-0.785018	0.27577	1.16305
chr21-41000000-41100000	-0.223582	0.279642	-0.316888	2.33068
chr21-43000000-43100000	-0.812018	0.01766	-0.768425	2.73413
chr21-43200000-43300000	-0.688718	-0.327283	-0.754893	3.30774
chr21-14800000-14900000	1.22176	-0.902513	1.15575	1
chr21-27200000-27300000	0.222568	0.852916	0.516679	2.13708
chr21-27600000-27700000	0.169238	0.745033	0.589415	1.09775
chr21-29800000-29900000	-0.126675	0.337906	-0.090556	1.51566
chr21-36000000-36100000	-0.718312	0.840838	-0.418582	2.20427
chr21-45600000-45700000	-0.506705	0.510638	-1.32912	2.73673
chr21-18000000-18100000	-0.010418	0.181858	0.800182	1.17747
chr21-14400000-14500000	0.883264	-1.14885	1.31737	1
chr21-10000000-10100000	-0.723149	-2.08738	-0.611244	1.41331
chr21-21500000-21600000	-0.028529	-0.593589	0.359811	1.16146
chr21-23300000-23400000	0.728121	0.369933	0.197548	1.15977
chr21-32700000-32800000	0.511123	0.689554	-0.480289	1.80094
chr21-16500000-16600000	-0.044288	0.295021	-0.105711	1.30005
chr21-10700000-10800000	-0.452036	-0.902826	-0.288498	1.29802
chr21-14700000-14800000	1.22062	-0.903833	1.1596	1
chr21-34400000-34500000	-0.122394	0.269883	-0.173778	1.7222
chr21-10600000-10700000	-0.779738	-1.551	-0.376007	1.19191
chr21-32600000-32700000	-0.086008	0.28467	-0.103295	2.33941
chr21-34800000-34900000	0.114606	1.01092	-0.582584	3.43657
chr21-43500000-43600000	-0.655592	0.635493	-0.866871	3.0079
chr21-18700000-18800000	0.777366	0.162395	-0.228676	1.60563
chr21-18300000-18400000	0.617113	-0.233827	0.127648	1.21684
chr21-41100000-41200000	-0.310771	-0.535208	-0.521524	1.20595
chr21-47100000-47200000	-0.327617	-0.371949	-1.07825	2.29438
chr21-10300000-10400000	-0.726051	-2.09032	-0.610355	1
chr21-10900000-11000000	-0.984482	-1.15648	0.663199	1.05704
chr21-17800000-17900000	0.642335	0.218019	0.427269	1.26202
chr21-15700000-15800000	0.032059	-0.684976	0.002008	2.80313
chr21-20300000-20400000	-0.13214	-0.565261	0.242674	1.14278
chr21-11000000-11100000	-0.780466	-0.855759	0.048283	1.38388
chr21-19600000-19700000	-0.208958	-0.12697	0.680309	1.2628
chr21-19200000-19300000	-0.042152	0.204696	-0.093461	1.36742
chr21-11100000-11200000	-0.239635	-1.00776	0.65083	2.23599
chr21-9700000-9800000	-0.337643	-2.05971	-0.808999	1
chr21-16700000-16800000	-0.487886	0.069806	0.653172	1.21479
chr21-19900000-20000000	0.430634	-0.462811	-0.37595	1.04294
chr21-21600000-21700000	0.643871	-0.094618	0.434544	1.1748
chr21-29200000-29300000	-0.873538	0.426458	1.17806	1.20566
chr21-12700000-12800000	-0.285282	-1.53541	1.12641	0
chr21-25600000-25700000	-0.468044	0.187997	0.727127	1.25544
chr21-34200000-34300000	0.27533	0.36955	-0.900843	1.38011
chr21-45400000-45500000	-1.2976	0.271682	-0.278822	4.58274
chr21-9600000-9700000	-0.3344	-2.05768	-0.81079	1.59619
chr21-18200000-18300000	0.585447	0.494023	-0.278573	1.25845
chr21-32200000-32300000	0.178638	-0.514479	-0.44315	1.11562
chr21-38000000-38100000	-0.245486	1.12344	-0.941715	1.52325
chr21-16800000-16900000	-0.385123	-0.492524	0.053537	1.32061
chr21-14300000-14400000	0.131169	-1.18307	1.02428	1.24831
chr21-38300000-38400000	-0.797246	0.963196	-0.435146	3.7288
chr21-45300000-45400000	-0.803691	0.637251	-0.793318	4.13697
chr21-16400000-16500000	0.729865	0.583418	0.049088	3.15581
chr21-16000000-16100000	-0.174954	-0.603263	-0.020767	1.15719
chr21-30400000-30500000	0	0	0	3.1628
chr21-14600000-14700000	1.21687	-0.904342	1.16147	1
chr21-17900000-18000000	-0.056974	0.265459	-0.031295	1.94275
chr21-14900000-15000000	1.51786	-0.607831	0.526847	1.20789
chr21-17400000-17500000	-0.075945	0.254836	-0.103654	1.58021
chr21-39300000-39400000	0.219823	0.164699	-0.988156	1.17579
chr21-15000000-15100000	1.33073	-0.776214	-0.223885	1.42736
chr21-15600000-15700000	0.663648	-0.190292	0.255105	1.19285
chr21-24800000-24900000	-0.222637	0.093255	0.750759	1.13278
chr21-40700000-40800000	-0.169745	0.201898	-0.969911	4.13469
chr21-15500000-15600000	0.031013	-0.709012	0.013921	1.15834
chr21-37500000-37600000	-0.152587	1.28046	-0.455644	3.62794
chr21-44200000-44300000	-0.806048	-0.190809	-0.792631	3.64673
chr21-15100000-15200000	1.32953	-0.772385	-0.222568	1.06018
chr21-17600000-17700000	-0.053851	-0.13651	0.715079	1.31407
chr21-17100000-17200000	-0.020404	0.305276	-0.099516	2.9086
chr21-28800000-28900000	-0.385988	0.761516	0.663169	1.51486
chr21-33400000-33500000	-0.207154	-0.53104	-0.442429	1.33379
chr21-39400000-39500000	0.524165	0.729502	-0.51881	1.20898
chr21-39500000-39600000	0.115858	0.200681	-1.00368	2.32032
chr21-48100000-48200000	-1.87579	-0.171442	-0.356879	1.64384
chr21-15200000-15300000	0.654318	-1.20142	-0.044628	1.05487
chr21-15300000-15400000	1.29176	-1.13566	-0.505703	1.2485
chr21-22200000-22300000	0.624359	-0.201918	0.416782	1.12717
chr21-39600000-39700000	0.076921	0.926367	-0.649712	3.54765
chr21-15400000-15500000	0.83199	-0.616838	-0.053587	1.58932
chr21-42300000-42400000	-0.450197	-0.533404	-0.161556	1.28964
chr21-19000000-19100000	0.552073	-0.220843	-0.408261	1.39608
chr21-22600000-22700000	-0.043306	0.270976	-0.05496	1.33713
chr21-46600000-46700000	-0.805558	0.718193	-1.05186	2.8269
chr21-17700000-17800000	-0.04325	0.184715	-0.061738	1.26244
chr21-31700000-31800000	-0.072602	-0.520905	0.254075	1.23015
chr21-33700000-33800000	-0.074694	0.083226	-0.962222	4.01466
chr21-17300000-17400000	-0.223909	-0.01959	0.673845	1.3748
chr21-15800000-15900000	0.62627	-0.206997	-0.376174	1.175
chr21-15900000-16000000	0.395389	-0.236772	0.40832	1.23286
chr21-16100000-16200000	0.507979	-0.298344	-0.418565	1.25121
chr21-34300000-34400000	-0.32438	-0.149567	-0.800464	1.18611
chr21-16300000-16400000	-0.020097	0.307111	-0.117286	2.24137
chr21-25700000-25800000	0.178115	0.710263	0.588695	1.18256
chr21-18800000-18900000	-0.016847	0.288048	-0.115909	2.07306
chr21-32000000-32100000	0.376851	-0.223292	-0.333527	1.16323
chr21-18100000-18200000	0.310406	0.836079	0.403238	1.27853
chr21-30500000-30600000	-0.695299	0.210257	0.362834	3.70765
chr21-16600000-16700000	-0.077272	0.779621	0.562319	1.56017
chr21-16900000-17000000	-0.035162	0.260946	-0.065877	1.34061
chr21-17000000-17100000	0.707974	0.634954	-0.134022	1.47522
chr21-20700000-20800000	0.478361	-0.352031	-0.378498	1.06156
chr21-26400000-26500000	-0.439214	-0.178908	0.568656	1.25534
chr21-19100000-19200000	0.713495	0.526819	-0.080189	3.04449
chr21-22300000-22400000	0.275967	0.560016	0.632132	1.46663
chr21-44700000-44800000	-1.25673	0.299767	-1.03864	3.22868
chr21-17200000-17300000	0.545732	0.269831	0.521683	1.64714
chr21-24400000-24500000	0.518045	-0.366067	-0.358978	1.16216
chr21-17500000-17600000	0.299323	0.589065	0.550183	1.43468
chr21-24200000-24300000	0.644094	-0.088564	0.339993	1.24867
chr21-18600000-18700000	0.48089	-0.334093	0.411154	1.16714
chr21-18900000-19000000	0.724068	0.577924	-0.180427	2.7942
chr21-19300000-19400000	0.602635	-0.144469	0.332952	1.29084
chr21-19400000-19500000	-0.116846	-0.561493	0.273289	1.15644
chr21-19500000-19600000	0.585062	-0.143598	0.367188	1.14581
chr21-19700000-19800000	0.612479	-0.031554	0.464929	1.14042
chr21-28500000-28600000	-0.598347	0.877669	0.476627	1.60932
chr21-46000000-46100000	-0.647679	-0.230638	-0.999475	1.32637
chr21-19800000-19900000	0.77935	0.311167	-0.29896	1.1791
chr21-37600000-37700000	-0.77335	1.62964	-0.53956	2.93087
chr21-37700000-37800000	-0.049021	1.39314	-0.276693	2.81091
chr21-39700000-39800000	-0.611244	0.497284	-0.703734	2.62427
chr21-20000000-20100000	-0.235671	-0.538181	0.131998	1.1363
chr21-20100000-20200000	0.555473	-0.291327	0.286097	1.13984
chr21-35700000-35800000	-0.302874	1.00393	-0.612948	3.26542
chr21-46500000-46600000	-1.13669	0.277982	-0.467971	2.78075
chr21-20200000-20300000	-0.028894	0.024993	0.819267	1.09923
chr21-39000000-39100000	-0.039345	1.11168	-0.287823	1.87075
chr21-44000000-44100000	0.152605	0.257375	-1.34972	1.84805
chr21-20400000-20500000	0.607152	-0.181395	0.306418	1.14895
chr21-20500000-20600000	0.358008	-0.432356	-0.454868	1.11829
chr21-31300000-31400000	-0.102663	-0.170003	0.554318	1.20373
chr21-20600000-20700000	0.101712	-0.65293	0.321465	1.26893
chr21-31400000-31500000	0.561332	-0.289891	0.046452	1.09588
chr21-35800000-35900000	0.498945	0.988035	-0.391583	2.79816
chr21-20800000-20900000	0.573608	-0.168293	0.443648	1.1619
chr21-35100000-35200000	-0.121519	1.01264	-0.730161	2.16997
chr21-20900000-21000000	-0.164599	-0.528682	0.211715	1.07539
chr21-21100000-21200000	0.619031	-0.040778	0.510918	1.09843
chr21-47200000-47300000	-1.05645	-0.06068	-1.12479	5.59471
chr21-21300000-21400000	0.659953	-0.07378	0.409544	1.02717
chr21-21400000-21500000	0.026816	-0.005979	0.98375	1.18038
chr21-21900000-22000000	-0.199859	-0.221092	0.677844	1.16384
chr21-22000000-22100000	0.133412	-0.548264	-0.029872	1.21963
chr21-42500000-42600000	-0.141977	0.160406	-0.247158	2.00431
chr21-22100000-22200000	-0.180673	-0.162363	0.662534	1.1353
chr21-22400000-22500000	-0.025051	0.215025	-0.090295	1.25914
chr21-46300000-46400000	-1.54931	0.194323	-1.09736	3.05007
chr21-22500000-22600000	0.745069	0.553729	-0.164223	1.56772
chr21-26100000-26200000	-0.106967	-0.551296	0.050288	1.37013
chr21-31500000-31600000	-0.23163	-0.559162	0.109128	1.14849
chr21-22700000-22800000	-0.189031	0.154158	0.761037	1.21178
chr21-31000000-31100000	0.630192	0.58963	-0.212258	1.64063
chr21-22800000-22900000	0.446287	0.637712	0.499072	1.18015
chr21-42800000-42900000	-0.745414	-0.166723	-0.476646	1.65349
chr21-22900000-23000000	-0.172561	0.13302	0.742868	1.2755
chr21-40900000-41000000	-0.857104	0.022765	0.069315	1.26705
chr21-23000000-23100000	-0.087522	0.323785	-0.062179	1.58042
chr21-23100000-23200000	0.715372	0.548534	-0.143847	1.31438
chr21-25400000-25500000	-0.107388	0.243053	-0.067028	1.28256
chr21-23200000-23300000	0.593123	-0.235301	-0.3899	1.34372
chr21-27000000-27100000	-0.07901	0.320457	-0.121239	2.00742
chr21-9900000-10000000	-0.725397	-2.08866	-0.614586	1.338
chr21-23400000-23500000	0.383221	-0.394137	0.312266	1.1825
chr21-41200000-41300000	0.022205	0.06601	-0.982911	1.20288
chr21-41800000-41900000	0.129115	-0.455736	-0.553445	1.16064
chr21-47400000-47500000	-1.05727	0.88111	-1.42045	8.02424
chr21-23500000-23600000	0.713277	-0.022603	-0.36489	1.20247
chr21-30100000-30200000	-0.597688	0.718422	0.40006	1.80032
chr21-38600000-38700000	-0.069256	1.23893	-0.308004	4.25218
chr21-23600000-23700000	0.61997	0.009126	0.472519	1.17785
chr21-25500000-25600000	0.362128	0.174041	0.638897	1.16381
chr21-23700000-23800000	0.637712	-0.249523	-0.333985	1.16365
chr21-47800000-47900000	-1.31441	0.621677	-0.382281	4.90192
chr21-23800000-23900000	0.813561	0.521708	-0.051538	1.25276
chr21-38100000-38200000	-0.780767	0.688907	-0.524253	2.35345
chr21-23900000-24000000	0.579014	-0.134259	0.426808	1.2011
chr21-24000000-24100000	-0.205593	-0.085147	0.771283	1.13048
chr21-28000000-28100000	0.317353	0.840044	0.397447	1.31905
chr21-40100000-40200000	-0.465076	0.832144	-0.674413	4.40811
chr21-24100000-24200000	0.286796	0.601276	0.720062	1.1919
chr21-24300000-24400000	-0.030133	-0.591034	0.238404	1.10464
chr21-24500000-24600000	0.590736	-0.03734	0.409673	1.0628
chr21-24600000-24700000	-0.18157	-0.018388	0.752132	1.10061
chr21-24700000-24800000	0.576886	0.125756	0.437396	1.16177
chr21-24900000-25000000	-0.636045	-0.392	0.193895	1.11701
chr21-25000000-25100000	-0.056872	-0.110032	0.750196	1.17122
chr21-27400000-27500000	0.024209	1.08936	0.167487	2.1095
chr21-27700000-27800000	-0.239679	0.038776	0.70723	1.84931
chr21-47600000-47700000	-0.91244	0.864793	-1.472	5.29928
chr21-25100000-25200000	0.418289	0.563472	0.609892	1.12272
chr21-25200000-25300000	-0.247599	0.045346	0.738859	1.12243
chr21-27800000-27900000	-0.897482	0.081705	0.224757	1.45821
chr21-29600000-29700000	0.008281	1.14673	-0.097795	1.70397
chr21-25300000-25400000	0.284431	0.668166	0.546056	1.22551
chr21-25900000-26000000	-0.120361	0.103454	0.770453	1.17755
chr21-26000000-26100000	-0.090413	0.281806	-0.04912	1.17893
chr21-42200000-42300000	0.217663	-0.411817	-0.614784	1.21055
chr21-26200000-26300000	-0.746191	-0.074076	0.328393	1.17522
chr21-26300000-26400000	-0.072421	0.255236	-0.04899	1.13447
chr21-26500000-26600000	0.391116	-0.131755	0.499062	1.18829
chr21-26600000-26700000	-0.078879	0.261016	-0.080028	1.15356
chr21-26700000-26800000	0.297246	0.758606	0.493173	2.2746
chr21-28400000-28500000	-0.047843	1.15847	-0.037598	1.38684
chr21-33500000-33600000	0.515473	-0.2153	-0.548685	1.34068
chr21-40400000-40500000	-0.650857	0.717226	-0.66044	2.36689
chr21-26800000-26900000	-0.065576	0.308792	-0.109248	1.52475
chr21-26900000-27000000	0.390881	0.8976	0.213899	2.97754
chr21-27100000-27200000	0.650282	0.729372	-0.176667	3.90542
chr21-27300000-27400000	-0.590545	0.686812	0.548956	2.26839
chr21-27500000-27600000	-0.627333	0.631825	0.361609	3.39295
chr21-27900000-28000000	-0.460896	0.658535	0.607476	1.19462
chr21-28100000-28200000	-0.107744	0.277486	-0.092528	1.52298
chr21-42700000-42800000	-0.200048	-0.648158	-0.794579	2.60547
chr21-28200000-28300000	-0.56734	0.53999	0.57647	3.82755
chr21-28300000-28400000	0.217581	0.749783	0.616609	2.71582
chr21-28600000-28700000	0.172534	1.0052	0.300692	1.50456
chr21-28700000-28800000	-0.514893	1.10553	-0.084591	2.18991
chr21-42600000-42700000	0.179674	0.058234	-0.989605	1.70331
chr21-28900000-29000000	-0.836703	0.165488	0.303919	2.71669
chr21-29000000-29100000	-0.64672	0.96162	0.313652	1.81849
chr21-36800000-36900000	-0.049258	1.21503	0.006242	1.84236
chr21-29100000-29200000	-0.174023	0.413084	0.769589	1.62568
chr21-29300000-29400000	-0.443167	1.14941	1.16179	1.37527
chr21-34100000-34200000	-0.162002	0.288762	-0.202906	2.87956
chr21-29400000-29500000	-0.639073	0.703712	0.463952	1.42328
chr21-43800000-43900000	-0.856836	-0.214872	-0.348987	1.35315
chr21-29500000-29600000	0.153022	0.758211	0.614281	1.58167
chr21-30200000-30300000	0.08618	1.12332	0.158975	2.28132
chr21-29700000-29800000	-0.599299	0.793876	0.371652	1.76052
chr21-29900000-30000000	-0.592012	0.789467	0.403025	1.74171
chr21-30000000-30100000	0.143472	1.07763	0.21668	2.42913
chr21-30300000-30400000	-0.511208	0.579921	0.33284	4.80215
chr21-30600000-30700000	-0.099348	0.28915	-0.117234	2.90064
chr21-30700000-30800000	-0.715605	0.361184	0.378945	2.82216
chr21-38700000-38800000	-0.761459	0.886408	-0.180893	4.2734
chr21-30800000-30900000	0.040455	0.681888	0.575191	1.7785
chr21-30900000-31000000	-0.098725	0.251416	-0.114336	1.38486
chr21-31100000-31200000	-0.087069	0.237965	-0.087824	1.19428
chr21-39100000-39200000	-0.479915	0.638579	-0.811571	2.16874
chr21-31200000-31300000	-0.522196	-0.464454	-0.120226	1.36546
chr21-42100000-42200000	-0.571042	-0.407771	-0.408181	1.18357
chr21-42400000-42500000	-0.10514	-0.369827	-0.894364	1.29065
chr21-31600000-31700000	0.362139	-0.384744	-0.447437	1.13381
chr21-31800000-31900000	-0.822225	-0.196436	0.09228	1.15298
chr21-31900000-32000000	-0.092028	-0.550219	0.258834	1.31083
chr21-32100000-32200000	-0.009395	-0.431458	0.368502	1.10018
chr21-47300000-47400000	-0.499142	0.286559	-1.58544	3.41139
chr21-32300000-32400000	0.723358	0.118063	-0.422482	1.20353
chr21-32400000-32500000	-0.05201	0.200663	-0.137209	2.40073
chr21-32500000-32600000	-0.843445	0.019939	0.08948	1.91072
chr21-32800000-32900000	-0.097155	0.287022	-0.139942	1.28102
chr21-32900000-33000000	0.519027	0.621218	-0.551914	1.22373
chr21-33000000-33100000	-0.080801	0.250524	-0.098142	2.84216
chr21-33100000-33200000	-0.51594	-0.449285	0.096325	3.3922
chr21-33200000-33300000	-0.413873	-0.230424	-0.705887	1.98206
chr21-33300000-33400000	-0.794778	-0.253529	0.007689	1.62967
chr21-39200000-39300000	0.224198	0.954418	-0.750308	3.94542
chr21-33600000-33700000	0.503837	0.594862	-0.639703	2.97568
chr21-33800000-33900000	-0.810262	0.045551	-0.624432	2.65075
chr21-40000000-40100000	0.209028	0.425844	-0.928069	1.17264
chr21-40600000-40700000	-0.589978	0.710384	-0.580478	3.99848
chr21-44300000-44400000	-0.160688	0.138585	-1.24349	4.87455
chr21-44500000-44600000	-0.83739	0.596724	-0.557504	3.46469
chr21-33900000-34000000	-0.455533	0.757398	-0.768372	3.92969
chr21-34000000-34100000	0.284655	0.353913	-0.858241	2.20825
chr21-34500000-34600000	-0.349324	-0.266366	-0.733958	2.0537
chr21-34600000-34700000	0.027833	0.443114	-0.969931	4.65729
chr21-34700000-34800000	-0.639548	0.708657	-0.618818	3.69741
chr21-34900000-35000000	-0.676472	0.800897	-0.516291	4.16095
chr21-35000000-35100000	-0.188833	1.24671	-0.025148	3.08471
chr21-35200000-35300000	-0.163873	1.19216	0.047517	3.00906
chr21-35600000-35700000	-0.690108	0.862967	0.09029	1.72919
chr21-35300000-35400000	-0.023025	1.14792	-0.774155	4.3258
chr21-35400000-35500000	-0.668065	0.73693	-0.539675	2.96667
chr21-35500000-35600000	-0.983068	0.141065	-0.099661	3.10897
chr21-35900000-36000000	-0.036825	0.956568	-0.912465	4.36913
chr21-36100000-36200000	-0.158745	0.32802	-0.106559	3.42791
chr21-45700000-45800000	-0.497401	-0.238513	-1.63542	5.34077
chr21-36200000-36300000	-0.008953	1.1446	-0.007897	4.80507
chr21-36300000-36400000	-0.746792	0.855732	0.202646	3.61675
chr21-36400000-36500000	-0.169144	1.30809	-0.138208	3.54538
chr21-41400000-41500000	-0.186644	-0.611573	-0.026803	1.30731
chr21-36500000-36600000	-0.85621	1.05652	0.179907	3.4604
chr21-36600000-36700000	-0.117409	1.26315	-0.090509	2.03547
chr21-43700000-43800000	-0.561878	-0.327946	-1.1013	1.39408
chr21-9400000-9500000	0.08275	-2.0173	-0.350556	1.50591
chr21-36700000-36800000	-0.825657	0.997213	0.178233	1.75004
chr21-36900000-37000000	0.246843	0.908286	-0.674582	2.08854
chr21-37000000-37100000	-0.563771	0.725223	-0.688544	1.73665
chr21-37400000-37500000	-0.820402	1.00304	-0.027521	4.34271
chr21-37100000-37200000	-0.108533	0.35972	-0.182576	1.53892
chr21-37200000-37300000	0.136196	1.14961	-0.245031	1.81484
chr21-37300000-37400000	-0.442366	0.870926	-0.755199	1.78734
chr21-37800000-37900000	-0.05657	0.857293	-0.909213	3.21431
chr21-37900000-38000000	0.039418	1.18579	-0.205895	1.93754
chr21-38200000-38300000	-1.00476	0.354026	0.105119	3.00718
chr21-45800000-45900000	-1.0739	0.261157	-1.52691	1.5812
chr21-38400000-38500000	-0.074818	1.27381	-0.221774	4.54041
chr21-38500000-38600000	-0.812051	0.984773	-0.108865	3.60287
chr21-45000000-45100000	-0.125794	0.306837	-1.06842	4.1409
chr21-38800000-38900000	-0.060362	1.13419	-0.445803	2.15161
chr21-38900000-39000000	-0.872115	1.07922	-0.317327	3.21572
chr21-39800000-39900000	0.161309	0.722468	-0.868333	1.88141
chr21-39900000-40000000	-0.460278	0.351243	-0.486837	1.25223
chr21-9800000-9900000	-0.340116	-2.06138	-0.806003	12.7388
chr21-40200000-40300000	-0.982449	0.318465	-0.355168	2.63494
chr21-44100000-44200000	-0.0322	-0.375312	-0.91604	1.89369
chr21-40300000-40400000	-0.961641	1.02052	-0.019299	4.01859
chr21-40500000-40600000	-0.957637	0.212394	-0.053777	3.10819
chr21-40800000-40900000	-0.115368	0.290666	-0.145527	2.76724
chr21-41300000-41400000	0.439979	-0.401921	-0.486235	1.24347
chr21-41500000-41600000	-0.860808	-0.130042	0.035477	1.32427
chr21-41600000-41700000	-0.233297	-0.609465	-0.197946	1.14527
chr21-41700000-41800000	-0.145336	0.203733	-0.1285	1.17122
chr21-41900000-42000000	0.325095	0.267848	-0.907599	1.28111
chr21-42000000-42100000	0.241769	-0.443266	-0.505772	1.20569
chr21-42900000-43000000	-0.215622	-0.509386	-0.97806	1.25993
chr21-43100000-43200000	-0.053733	0.150081	-0.99489	1.69756
chr21-43300000-43400000	-0.978594	0.075365	-0.110835	4.74224
chr21-43400000-43500000	-0.605405	-0.169401	-0.770336	5.4295
chr21-43600000-43700000	0.031921	0.215886	-1.0153	1.92079
chr21-43900000-44000000	-0.263387	-0.278471	-0.902562	1.90955
chr21-44400000-44500000	-0.923634	0.086377	-1.1882	4.13151
chr21-44600000-44700000	-1.65608	0.54391	-0.449177	2.06055
chr21-44800000-44900000	-1.19833	0.666962	-0.359746	2.59076
chr21-44900000-45000000	-0.713131	0.807322	-0.979819	4.45445
chr21-45100000-45200000	-0.778823	0.577342	-0.68125	6.89405
chr21-45200000-45300000	-0.703546	0.574182	-1.49152	4.06849
chr21-45500000-45600000	-1.12259	0.073351	-1.02685	4.87125
chr21-45900000-46000000	-0.312282	0.351958	-1.38007	1.34999
chr21-46100000-46200000	-1.23667	-0.498045	-0.642995	2.2409
chr21-46200000-46300000	-1.35494	0.270252	-0.344097	5.31017
chr21-46400000-46500000	-1.50501	0.872049	-0.761844	4.67261
chr21-46700000-46800000	-1.58513	0.619775	-0.885703	6.39979
chr21-46800000-46900000	-1.39814	0.014499	-1.3106	4.49798
chr21-46900000-47000000	-0.680331	0.291125	-1.58791	3.99456
chr21-47000000-47100000	-1.01129	-0.064707	-0.982291	2.36184
chr21-47500000-47600000	-1.30679	0.232533	-1.35673	5.45424
chr21-47700000-47800000	-1.43831	1.04534	-0.969003	5.07771
chr21-47900000-48000000	-1.14221	0.175987	-0.881695	3.77077
chr21-48000000-48100000	-1.64403	-0.090329	-0.314184	4.98329
chr21-9500000-9600000	-0.33589	-2.05373	-0.81057	1.31502
