chr22-18800000-18900000	-1.34003	-0.725705	1.57635	5.20379
chr22-23700000-23800000	-1.17606	-0.132685	0.265184	1.32729
chr22-30500000-30600000	0.528196	-0.549334	-0.172064	3.15039
chr22-18000000-18100000	-0.895395	-0.499308	1.06176	2.42489
chr22-30200000-30300000	0.240233	-1.19504	0.033759	3.5334
chr22-38500000-38600000	0.994702	-0.717197	0.455041	4.54009
chr22-16800000-16900000	-2.26777	0.471167	0.741543	1.16133
chr22-32600000-32700000	-0.547129	-0.021712	-0.413161	1.26018
chr22-34700000-34800000	-1.01577	0.03962	-0.071708	1.13809
chr22-47700000-47800000	-0.642995	0.594553	0.63241	1.69724
chr22-23000000-23100000	-0.836562	-0.723867	-0.08854	1.62392
chr22-16200000-16300000	-2.26222	0.459646	0.743485	1
chr22-23300000-23400000	-0.854995	-0.516844	0.801872	1.41936
chr22-16000000-16100000	-2.25723	0.459042	0.741862	1.33041
chr22-32000000-32100000	0.297882	-1.01622	0.193162	5.8007
chr22-32300000-32400000	0.233673	-0.345957	-0.057845	3.36262
chr22-49100000-49200000	-0.201348	0.726479	0.165639	1.2642
chr22-21300000-21400000	0.116439	-1.43801	0.600526	6.61656
chr22-16700000-16800000	-2.2644	0.473102	0.745199	0
chr22-21000000-21100000	-0.597748	-1.45378	0.777729	2.77979
chr22-16500000-16600000	-2.26278	0.469102	0.748333	1
chr22-27500000-27600000	0.132151	-0.254659	-0.278494	3.33545
chr22-18500000-18600000	-0.731378	-0.569755	1.01795	4.52661
chr22-18300000-18400000	-0.337357	-0.180387	0.659476	3.42421
chr22-45300000-45400000	-0.081117	0.476893	0.770716	1.40324
chr22-47500000-47600000	-0.144434	0.567174	0.978513	3.78346
chr22-50500000-50600000	-0.108812	-0.366167	1.04333	2.76615
chr22-16300000-16400000	-2.26216	0.464353	0.745989	1
chr22-16100000-16200000	-2.25821	0.461044	0.746707	1
chr22-47100000-47200000	-0.58426	0.115521	1.2288	7.16613
chr22-16900000-17000000	-2.26813	0.465867	0.741997	1.22018
chr22-22600000-22700000	-1.38561	-0.649839	0.090693	1.58496
chr22-22300000-22400000	-0.549879	-0.877162	0.424562	5.17795
chr22-17800000-17900000	-0.619834	-0.453271	0.088279	1.26616
chr22-20200000-20300000	-0.324877	-1.79527	1.19888	2.27717
chr22-17600000-17700000	-0.993503	-0.401004	0.710315	3.51843
chr22-31300000-31400000	0.182203	-0.365225	-0.164615	3.46186
chr22-17100000-17200000	-1.71508	0.314304	0.355401	1
chr22-26600000-26700000	-0.647108	-0.043922	-0.331807	1.18841
chr22-17000000-17100000	-2.27317	0.464242	0.742669	1.03553
chr22-17200000-17300000	-1.31108	-0.132436	0.240705	1.17269
chr22-20700000-20800000	0.091915	-1.49404	0.918416	6.69236
chr22-39500000-39600000	1.22363	-0.333992	0.90593	6.91915
chr22-20300000-20400000	-0.328256	-1.79125	1.1998	7.07444
chr22-46300000-46400000	0.063287	0.579672	1.19447	3.76109
chr22-17300000-17400000	-1.26439	0.02762	0.932801	1.22147
chr22-35700000-35800000	0.14074	-0.337367	-0.245113	5.19152
chr22-17400000-17500000	-1.085	0.187043	0.272226	1.31015
chr22-17500000-17600000	-1.19431	-0.483228	0.020854	3.11833
chr22-31500000-31600000	0.462404	-0.99876	-0.166546	4.14007
chr22-39100000-39200000	0.771825	-0.3334	0.827164	5.41261
chr22-17700000-17800000	-1.19883	-0.018979	0.105332	1.4739
chr22-37000000-37100000	0.35243	0.223566	0.363329	1.39931
chr22-17900000-18000000	-0.639689	-0.032085	0.59831	1.24264
chr22-21800000-21900000	0.380963	-2.11211	0.472198	5.1391
chr22-23600000-23700000	-0.92308	-0.66028	-0.19608	4.8609
chr22-18100000-18200000	-0.216395	-0.689767	0.962798	4.13738
chr22-21100000-21200000	-0.010807	-1.31216	0.435015	3.80511
chr22-18200000-18300000	-0.716937	-0.78908	0.489502	4.07159
chr22-29100000-29200000	0.077451	-0.727591	-0.774433	4.063
chr22-41400000-41500000	1.33613	-0.644364	0.658717	4.96289
chr22-18400000-18500000	-0.163755	-0.835436	0.707044	4.08696
chr22-27300000-27400000	-0.583564	-0.66517	0.087573	1.14171
chr22-49900000-50000000	-0.830214	0.181662	0.964161	1.2478
chr22-18600000-18700000	-1.25198	-0.693416	1.48322	3.43166
chr22-34800000-34900000	-0.394846	0.136577	-0.393759	1.14603
chr22-43700000-43800000	-0.379445	-0.046499	0.334744	1.33714
chr22-49000000-49100000	-0.316017	0.859639	0.826244	1.31039
chr22-18700000-18800000	-1.25523	-0.697481	1.48206	1.34286
chr22-18900000-19000000	-1.01042	-1.21561	1.1129	1.78743
chr22-22000000-22100000	-0.240175	-1.17176	0.894872	4.24682
chr22-44200000-44300000	-0.242852	-0.014857	0.577877	3.24534
chr22-20800000-20900000	0.274155	-1.30752	0.264646	6.41712
chr22-39000000-39100000	1.04586	-0.629279	0.242487	4.31847
chr22-51000000-51100000	0.506722	-0.548328	1.17409	4.78103
chr22-19800000-19900000	-0.226284	-0.987778	1.18051	7.25629
chr22-19000000-19100000	-0.714862	-0.668099	0.86318	2.91382
chr22-35600000-35700000	-0.30859	-0.200449	0.347128	3.82009
chr22-42500000-42600000	0.413233	0.171122	0.061817	2.21654
chr22-22400000-22500000	-0.420254	-0.235093	0.261783	2.3771
chr22-19300000-19400000	-0.034998	-0.739322	0.682615	3.31074
chr22-28500000-28600000	-0.468808	-0.296873	-0.320468	2.08843
chr22-33300000-33400000	-0.280577	0.114431	0.326993	1.53346
chr22-42100000-42200000	0.343213	-0.221116	0.048736	3.20985
chr22-48500000-48600000	-0.891195	0.51117	0.398743	1.21072
chr22-19500000-19600000	-0.264236	-0.895662	0.185372	2.06173
chr22-19100000-19200000	-0.471917	-1.18115	0.435247	6.06041
chr22-35400000-35500000	-0.719252	0.274129	-0.225866	1.2136
chr22-37100000-37200000	0.136147	-0.226339	-0.075765	2.23731
chr22-51100000-51200000	0.373253	-0.949473	1.63243	3.13625
chr22-19700000-19800000	-0.482879	-1.23498	0.610253	2.92629
chr22-19600000-19700000	0.032037	-0.738664	0.769643	1.78912
chr22-35200000-35300000	-0.646231	0.622668	0.264282	1.26077
chr22-19200000-19300000	-0.707569	-0.670674	0.826305	2.85365
chr22-26500000-26600000	-0.869649	-0.043082	0.329271	1.1436
chr22-28400000-28500000	-0.285247	-0.957856	-0.205467	2.62261
chr22-39400000-39500000	1.37694	0.19941	0.523082	2.55805
chr22-42200000-42300000	0.468896	-0.172874	0.686766	3.65026
chr22-48200000-48300000	-0.742174	0.398352	-0.00734	1.32076
chr22-19400000-19500000	-0.704506	-0.829933	0.697692	5.15234
chr22-48100000-48200000	-0.279331	0.784177	0.372083	1.21919
chr22-19900000-20000000	-0.270758	-1.33507	0.573377	6.10036
chr22-41600000-41700000	1.54907	-0.863393	0.6126	7.41059
chr22-22500000-22600000	-0.976773	-0.464699	0.60206	1.69915
chr22-28100000-28200000	-0.558439	-0.672409	0.334989	2.52903
chr22-20000000-20100000	0.236576	-1.348	0.08535	5.94508
chr22-28000000-28100000	-0.806053	-0.588436	-0.309238	1.62271
chr22-31200000-31300000	0.048463	-0.710139	-0.740605	2.023
chr22-40600000-40700000	0.65015	0.078759	0.612548	2.30082
chr22-22800000-22900000	-0.955456	-0.582501	-0.114949	1.8941
chr22-20100000-20200000	0.036197	-1.51063	0.720874	6.52381
chr22-24500000-24600000	-0.027123	-1.37658	0.123438	6.86065
chr22-33100000-33200000	-0.025042	-0.997539	-0.010188	4.38623
chr22-20900000-21000000	-0.083085	-1.00168	0.751158	5.08549
chr22-21200000-21300000	-0.171836	-1.04325	1.03321	4.44697
chr22-41000000-41100000	0.802308	-0.776654	0.460151	4.10384
chr22-21700000-21800000	0.229776	-2.45424	0.065788	5.08424
chr22-21400000-21500000	0.024315	-1.86272	0.170976	2.0894
chr22-21500000-21600000	0.227185	-2.45146	0.069531	1
chr22-21900000-22000000	0.05624	-1.48886	0.326299	5.17096
chr22-22100000-22200000	-0.037576	-1.27976	0.248483	2.8236
chr22-22200000-22300000	-0.089	-1.1976	0.902696	7.59175
chr22-40800000-40900000	0.925983	-0.809393	0.051158	4.83206
chr22-22700000-22800000	-0.987749	-0.513844	0.598205	1.21955
chr22-24200000-24300000	-1.17213	-1.17995	0.208524	5.43462
chr22-39700000-39800000	0.905498	-0.141519	0.816361	5.59076
chr22-22900000-23000000	-1.06333	-0.541079	0.561431	1.28563
chr22-23100000-23200000	-0.672064	-0.084617	-0.373987	1.23134
chr22-23200000-23300000	-0.990689	-0.065393	0.262601	1.81819
chr22-23400000-23500000	-1.07403	-0.459996	0.151061	2.39256
chr22-30700000-30800000	0.272414	-1.08981	0.06291	5.22493
chr22-36500000-36600000	0.418692	-0.65934	0.634628	3.27102
chr22-43300000-43400000	0.169643	-0.338723	1.20005	3.92327
chr22-47300000-47400000	-0.100394	0.362109	0.204638	3.77451
chr22-50200000-50300000	-0.147208	-0.484157	1.13155	4.20877
chr22-23500000-23600000	-0.709925	-1.07456	0.315359	5.41513
chr22-29300000-29400000	-0.228886	-0.438167	-0.708532	1.70964
chr22-23800000-23900000	-1.17932	-0.776381	0.54857	2.62085
chr22-32100000-32200000	-0.161088	-0.720947	-0.254314	3.89301
chr22-38600000-38700000	1.1151	-0.106279	0.197589	8.96641
chr22-38800000-38900000	1.05632	-0.606063	0.11623	3.85714
chr22-23900000-24000000	-1.22882	-0.601301	-0.142224	1.41367
chr22-24000000-24100000	-1.05095	-0.586099	0.531752	3.4146
chr22-24100000-24200000	-0.528073	-0.836531	0.117848	5.74698
chr22-24300000-24400000	-0.83048	-1.50953	-0.350576	6.14355
chr22-37600000-37700000	0.930056	-0.03204	-0.120691	4.21663
chr22-24400000-24500000	-0.507566	-0.961365	-0.068852	4.3343
chr22-26400000-26500000	-0.755734	-0.031006	-0.342929	1.15717
chr22-24600000-24700000	-0.668573	-1.32912	0.397433	4.23558
chr22-24700000-24800000	-0.455432	-0.882059	-0.107701	2.39072
chr22-40400000-40500000	0.651787	0.094049	0.620767	2.38895
chr22-24800000-24900000	-0.272131	-0.551851	0.46481	2.81438
chr22-24900000-25000000	-0.504569	-0.860741	-0.089235	4.96041
chr22-25000000-25100000	-1.13406	-1.19686	-0.36311	2.2926
chr22-25800000-25900000	-0.309364	-0.25567	-0.578442	3.25625
chr22-43000000-43100000	0.565974	0.006209	0.787181	7.96432
chr22-47800000-47900000	-0.055488	0.575086	0.222488	1.22002
chr22-25100000-25200000	-0.889752	-0.772403	0.178285	1.50156
chr22-29200000-29300000	0.231429	-0.333337	-0.192978	1.92343
chr22-41800000-41900000	0.661777	-0.78845	0.797121	6.94929
chr22-45400000-45500000	-0.014513	0.540315	0.11304	1.40651
chr22-25200000-25300000	-0.92276	-0.239368	-0.327627	1.39782
chr22-32800000-32900000	-0.39468	-0.140114	0.287697	4.02389
chr22-36200000-36300000	-0.260293	-0.795082	0.661268	2.15534
chr22-25300000-25400000	-0.476358	-0.724516	-0.046699	1.96878
chr22-25400000-25500000	-0.973003	-0.296443	0.100848	1.41969
chr22-27200000-27300000	-0.266448	-0.063454	-0.13881	1.96886
chr22-49200000-49300000	-0.754053	0.53871	0.63172	1.27781
chr22-25500000-25600000	-0.567814	0.050078	-0.414368	1.34131
chr22-36100000-36200000	0.326775	-0.799502	0.345085	2.48731
chr22-25600000-25700000	-1.17698	-0.013158	-0.041618	1.30343
chr22-43200000-43300000	0.288802	-0.630093	0.610664	4.79733
chr22-25700000-25800000	-0.954356	-0.547058	-0.47278	2.87822
chr22-29800000-29900000	0.168562	-0.043912	-0.750043	1.57982
chr22-25900000-26000000	-0.876852	-0.518376	-0.26238	1.956
chr22-26000000-26100000	-0.471293	-0.167922	0.188992	1.51887
chr22-35800000-35900000	0.272221	-0.577473	0.438604	3.07218
chr22-26100000-26200000	-1.0882	-0.533021	0.071767	2.2431
chr22-26200000-26300000	-0.698848	-0.021924	-0.344133	1.19601
chr22-26300000-26400000	-0.897008	0.198798	0.292567	1.16686
chr22-26700000-26800000	-0.745278	-0.153547	0.361836	1.31766
chr22-46800000-46900000	-0.195442	-0.251101	0.987814	1.65806
chr22-26800000-26900000	-0.356938	-0.213847	-0.26817	3.91339
chr22-35000000-35100000	-0.926001	0.25228	-0.059775	1.12007
chr22-26900000-27000000	-0.550165	-0.777208	0.105868	4.40934
chr22-27000000-27100000	0.065378	-0.442106	0.068539	3.8297
chr22-43600000-43700000	-0.066003	0.400333	0.725983	1.67717
chr22-27100000-27200000	-0.514589	-0.725901	-0.318183	3.38476
chr22-27400000-27500000	-0.411425	-0.628459	-0.564311	1.41549
chr22-30300000-30400000	0.258614	-0.57029	-0.074097	2.23218
chr22-45800000-45900000	0.173562	0.396717	0.071961	2.50003
chr22-27600000-27700000	-0.391614	-0.73407	-0.186303	2.3507
chr22-27700000-27800000	-0.228278	-0.257543	-0.689243	1.52632
chr22-41100000-41200000	1.02443	-0.147852	0.423814	2.16746
chr22-27800000-27900000	-0.198212	-0.4865	0.016247	2.93225
chr22-32400000-32500000	-0.391176	-0.00434	-0.218947	1.2223
chr22-27900000-28000000	-0.352294	-1.12045	-0.235962	1.72459
chr22-28200000-28300000	-0.159484	-0.936838	-0.23436	2.39188
chr22-28300000-28400000	0.078497	-0.712189	0.394101	3.5463
chr22-28600000-28700000	-0.289997	-0.934564	-0.14833	1.63142
chr22-37200000-37300000	0.552474	-0.070709	0.460567	1.62825
chr22-37400000-37500000	0.400138	-0.648744	0.599139	3.60466
chr22-28700000-28800000	-0.161495	-0.482654	-0.662725	1.44517
chr22-28800000-28900000	-0.372589	-0.82749	-0.110404	2.97157
chr22-31000000-31100000	0.350284	-0.860254	-0.646002	4.98795
chr22-42600000-42700000	0.511441	-0.0567	0.675835	2.4286
chr22-28900000-29000000	-0.176607	-0.584946	-0.741306	1.63077
chr22-29000000-29100000	-0.228087	-1.28816	-0.550174	1.53193
chr22-45600000-45700000	-0.405849	-0.221858	1.16105	3.99683
chr22-45700000-45800000	-0.048836	0.184511	0.704415	3.70197
chr22-29400000-29500000	-0.314227	-1.01235	-0.34123	3.43316
chr22-29500000-29600000	-0.288431	-0.693681	0.261637	2.11311
chr22-29600000-29700000	0.00879	-1.12203	-0.193862	4.26517
chr22-47200000-47300000	-0.542633	-0.076546	0.532004	4.30059
chr22-29700000-29800000	-0.180498	-0.63722	-0.704754	4.6441
chr22-47400000-47500000	-0.309221	-0.087055	0.724806	3.96059
chr22-29900000-30000000	0.317558	-0.382426	-0.210791	4.38789
chr22-45500000-45600000	-0.165315	0.009284	0.548195	3.91509
chr22-30000000-30100000	0.404696	-1.00602	0.121563	4.21495
chr22-30100000-30200000	0.435993	-1.04769	-0.584609	5.35462
chr22-34400000-34500000	-0.844467	0.211682	0.280983	1.10962
chr22-30400000-30500000	0.303212	-1.24175	-0.244696	3.52453
chr22-38400000-38500000	1.0473	-0.084389	0.189994	4.32599
chr22-50400000-50500000	-0.343712	0.252069	1.23035	1.65403
chr22-30600000-30700000	0.161648	-0.919598	-0.604099	6.89464
chr22-30800000-30900000	0.359965	-0.82752	-0.547564	4.75232
chr22-30900000-31000000	-0.261537	-0.533647	-0.736304	2.90823
chr22-31100000-31200000	-0.088402	-0.98191	-0.141605	2.12591
chr22-31400000-31500000	0.366037	-0.619687	-0.773305	6.94282
chr22-31600000-31700000	0.296755	-0.872554	0.45833	5.19625
chr22-31700000-31800000	0.219873	-0.4688	-0.103335	4.28918
chr22-33600000-33700000	-0.180232	0.167669	-0.335151	1.49476
chr22-31800000-31900000	0.339683	-1.174	0.034929	4.15967
chr22-31900000-32000000	0.496938	-0.526348	-0.258414	2.54937
chr22-32200000-32300000	0.050124	-0.185032	-0.69026	2.14722
chr22-34200000-34300000	-0.374343	-0.097731	0.458589	2.33221
chr22-32500000-32600000	-0.02936	0.357936	-0.694198	1.24225
chr22-38300000-38400000	1.0339	-0.035473	-0.53938	5.79522
chr22-32700000-32800000	0.004791	0.321846	-0.094635	1.75937
chr22-32900000-33000000	0.24297	-0.381397	-0.01798	2.66602
chr22-33000000-33100000	0.08225	-0.683971	0.540945	3.00051
chr22-33200000-33300000	-0.22325	-0.548641	0.527243	3.19183
chr22-33400000-33500000	-0.452687	-0.006694	-0.382071	1.19905
chr22-44000000-44100000	-0.379376	0.104408	0.477012	1.26119
chr22-33500000-33600000	-0.402904	-0.136997	0.283831	1.28662
chr22-33700000-33800000	-0.434517	-0.184658	0.265887	1.56941
chr22-33800000-33900000	-0.135245	0.31279	0.632419	1.59571
chr22-35100000-35200000	-0.28304	0.352876	-0.284477	1.14742
chr22-35500000-35600000	-0.04031	0.327231	-0.05727	1.20519
chr22-33900000-34000000	0	0	0	1.53996
chr22-34000000-34100000	-0.62964	0.178696	-0.318904	1.52739
chr22-34100000-34200000	-0.015054	-0.161341	-0.131256	1.6329
chr22-34300000-34400000	-0.443115	-0.026436	-0.265846	2.60633
chr22-34500000-34600000	-0.478347	0.230683	-0.33501	1.07447
chr22-34600000-34700000	-0.446002	0.024638	0.334262	1.09209
chr22-36000000-36100000	0.440696	-0.281845	-0.078075	3.71237
chr22-36400000-36500000	0.407827	-0.494716	-0.059626	3.57141
chr22-50000000-50100000	-0.569888	0.668814	0.506031	1.38263
chr22-34900000-35000000	-0.406672	0.748959	-0.044794	1.0924
chr22-35300000-35400000	-0.482257	-0.036589	0.383779	1.16243
chr22-35900000-36000000	0.338998	0.03881	0.583327	2.32535
chr22-36300000-36400000	0.383481	-0.533069	0.5909	2.36209
chr22-36600000-36700000	0.391443	-1.20234	0.207597	4.48369
chr22-38200000-38300000	0.916484	-0.616516	-0.255954	5.17854
chr22-36700000-36800000	0.711933	-0.817663	-0.272434	7.63581
chr22-49800000-49900000	-0.726088	0.642232	0.455779	1.21526
chr22-36800000-36900000	0.995004	-0.935918	0.285998	6.59286
chr22-36900000-37000000	0.497378	-0.426646	0.405949	3.71499
chr22-37300000-37400000	0.279576	-0.394567	-0.035054	1.82387
chr22-40500000-40600000	0.556666	-0.578859	0.674328	2.05617
chr22-37500000-37600000	0.365499	-0.435706	-0.050583	3.45059
chr22-39800000-39900000	1.03389	0.043321	0.178893	5.45773
chr22-37700000-37800000	0.954939	-0.661256	0.212991	5.32513
chr22-39200000-39300000	0.982261	-0.430128	0.169775	4.80692
chr22-37800000-37900000	0.616728	-0.948811	0.620661	4.63041
chr22-44700000-44800000	0.244587	0.123485	0.53149	3.24424
chr22-37900000-38000000	0.951688	-0.860109	0.022826	6.49377
chr22-38000000-38100000	1.27376	-0.424221	-0.390455	8.20752
chr22-45100000-45200000	-0.156777	0.633693	0.154435	2.8465
chr22-38100000-38200000	1.32539	-0.323077	0.222564	6.3573
chr22-50600000-50700000	0.084191	-0.353685	1.6752	7.5113
chr22-38700000-38800000	0.986819	-0.15825	-0.42821	7.54811
chr22-47600000-47700000	-0.688601	0.08436	1.11241	1.59877
chr22-38900000-39000000	0.904359	0.042709	0.077632	4.97179
chr22-39300000-39400000	0.86774	0.219551	0.137791	1.86143
chr22-48400000-48500000	-0.764424	0.082361	0.965483	1.19592
chr22-39600000-39700000	1.28319	-0.104455	0.237829	5.49007
chr22-39900000-40000000	0.513056	-0.095382	-0.305499	5.2622
chr22-45200000-45300000	-0.564458	0.118467	0.399096	1.54789
chr22-40000000-40100000	0.656903	0.48348	-0.004044	1.71694
chr22-42400000-42500000	0.49302	-0.191672	0.664838	6.17597
chr22-40100000-40200000	0.642403	0.118929	0.552765	1.33859
chr22-40200000-40300000	0.691882	0.697637	0.306802	1.18351
chr22-40300000-40400000	0.379071	0.22852	-0.032905	1.98417
chr22-44800000-44900000	-0.425904	-0.02336	0.412928	3.65493
chr22-40700000-40800000	0.874885	-0.103273	-0.015363	4.1572
chr22-40900000-41000000	1.12416	-0.235528	0.229285	2.28316
chr22-41200000-41300000	0.84157	-0.663118	0.797724	3.71428
chr22-43400000-43500000	0.438264	0.237674	1.04907	3.39513
chr22-49700000-49800000	-0.772622	0.198715	0.991408	1.39456
chr22-41300000-41400000	1.02498	-0.660501	0.096836	3.69417
chr22-41500000-41600000	0.993079	-0.993146	0.240185	2.90307
chr22-49400000-49500000	-0.6823	0.67222	0.571792	1.76743
chr22-50800000-50900000	0.638581	-0.814282	1.20031	4.92272
chr22-41700000-41800000	1.19037	-0.396479	0.932325	6.03523
chr22-43100000-43200000	0.21055	-0.350029	1.23575	4.49977
chr22-41900000-42000000	1.01922	-0.745886	0.31112	7.26627
chr22-42000000-42100000	0.642863	-0.317254	0.68488	5.12741
chr22-48000000-48100000	-0.843212	0.441627	0.636666	1.20337
chr22-42300000-42400000	0.867508	0.381275	0.510356	2.47441
chr22-42700000-42800000	0.407837	0.338465	0.115593	1.9359
chr22-42800000-42900000	0.474311	-0.023627	0.716819	2.06128
chr22-42900000-43000000	0.510222	-0.346512	1.37328	3.55681
chr22-43500000-43600000	-0.081691	-0.208862	1.14109	4.99918
chr22-43800000-43900000	-0.10929	0.548799	0.07223	1.28831
chr22-43900000-44000000	-0.536072	0.761353	0.587252	1.3245
chr22-44100000-44200000	0.096469	0.436589	0.122313	1.81569
chr22-44300000-44400000	0.058417	0.431021	0.104052	4.88701
chr22-44400000-44500000	-0.15209	0.070716	0.66597	3.56657
chr22-44500000-44600000	0.160306	0.711315	0.782897	2.42969
chr22-44600000-44700000	0.035581	0.651667	0.11905	1.96654
chr22-46500000-46600000	0.147514	0.281828	0.713942	4.78753
chr22-44900000-45000000	-0.002779	0.34803	-0.001986	2.77851
chr22-45000000-45100000	0.249442	0.324382	0.678293	4.96826
chr22-49500000-49600000	-0.738199	0.073477	0.923553	1.22515
chr22-45900000-46000000	0.246594	0.227721	0.723038	3.39325
chr22-46000000-46100000	-0.103344	-0.265129	1.1318	3.72855
chr22-46100000-46200000	0.068426	-0.680885	0.634644	2.52962
chr22-46200000-46300000	-0.049327	-0.084574	0.962415	2.21997
chr22-46400000-46500000	0.087445	-0.139255	1.32651	11.324
chr22-46600000-46700000	-0.095411	-0.257957	1.09489	5.23346
chr22-46700000-46800000	-0.340643	0.398691	1.22263	3.65348
chr22-46900000-47000000	-0.637047	0.25112	0.772956	3.54693
chr22-47000000-47100000	-0.006423	0.482771	0.962828	3.23355
chr22-47900000-48000000	-0.685623	0.544677	-0.075588	1.22299
chr22-48300000-48400000	-0.450776	0.606692	0.606419	1.16468
chr22-48600000-48700000	-0.305701	0.831715	0.1404	1.19269
chr22-48700000-48800000	-0.781146	0.728373	0.656373	1.20603
chr22-48800000-48900000	-0.121817	0.645423	0.90858	1.41856
chr22-48900000-49000000	-0.793869	0.331164	0.914132	1.33303
chr22-49300000-49400000	-0.700458	0.677736	-0.094576	1.29189
chr22-49600000-49700000	-0.758568	0.402235	0.317837	1.19538
chr22-50100000-50200000	-0.432498	0.148854	0.99471	4.05412
chr22-50300000-50400000	0.215554	0.000914	1.45261	7.19645
chr22-50700000-50800000	0.755712	-0.332376	1.49727	8.93274
chr22-50900000-51000000	0.110565	-0.95732	1.5299	7.0768
chr22-51200000-51300000	0.376943	-0.952372	1.62989	1.33764
