chr20-30300000-30400000	0.059333	0.006635	0.190721	5.59001
chr20-1000000-1100000	0.010416	-0.255805	0.063447	3.08617
chr20-9800000-9900000	-0.023758	-0.326702	0.092478	1.14301
chr20-38100000-38200000	0.118121	-0.140716	-0.076754	1.14901
chr20-23600000-23700000	-0.128932	-0.112322	-0.207974	3.56827
chr20-0-100000	0.209557	-0.342152	0.154511	1.26927
chr20-37700000-37800000	0.094327	-0.115408	-0.035954	1.20912
chr20-2100000-2200000	-0.137068	-0.171913	0.064752	3.71494
chr20-11700000-11800000	-0.108492	-0.171827	0.12767	2.40471
chr20-13800000-13900000	0.086092	-0.327462	-0.062338	1.51937
chr20-22100000-22200000	0.025246	-0.23129	-0.213362	1.2372
chr20-100000-200000	0.125124	-0.299011	0.185073	1.2947
chr20-54300000-54400000	0.290013	-0.091393	-0.068804	1.10741
chr20-14400000-14500000	0.082245	-0.3545	0.062023	1.515
chr20-16200000-16300000	0.038538	-0.28699	0.024651	1.64117
chr20-58100000-58200000	0.29196	-0.167596	-0.097857	1.56396
chr20-18300000-18400000	-0.075875	-0.149869	-0.008948	1.78008
chr20-14300000-14400000	0.139045	-0.310085	-0.034496	1.46875
chr20-52100000-52200000	0.178294	-0.032251	-0.192687	2.37346
chr20-10400000-10500000	-0.233755	-0.211529	0.089375	3.29687
chr20-25300000-25400000	-0.14418	0.029826	-0.096052	3.89716
chr20-10500000-10600000	-0.123282	-0.190468	0.152718	2.03778
chr20-61300000-61400000	0.135838	-0.065035	0.277642	4.62178
chr20-54800000-54900000	0.222747	-0.031793	-0.138861	1.23217
chr20-14100000-14200000	-0.071763	-0.307682	-0.023146	1.46848
chr20-10300000-10400000	-0.138074	-0.30365	0.142339	1.76389
chr20-52500000-52600000	0.216753	0.044144	0.031139	3.53923
chr20-10200000-10300000	-0.154885	-0.233174	0.04631	2.38376
chr20-14600000-14700000	-0.002757	-0.354988	-0.092408	1.26018
chr20-49000000-49100000	0.068015	0.255717	0.139167	3.80602
chr20-3000000-3100000	-0.184319	-0.020869	0.151283	3.60667
chr20-25200000-25300000	-0.175925	-0.044443	-0.003057	7.72774
chr20-18600000-18700000	-0.185231	-0.157275	-0.09758	2.7296
chr20-14800000-14900000	0.028887	-0.329214	-0.146122	1.24057
chr20-54100000-54200000	0.136551	-0.205345	-0.178032	1.12186
chr20-41300000-41400000	0.145861	-0.134899	-0.05503	1.18313
chr20-29600000-29700000	0.131753	-0.172644	-0.303521	3.26973
chr20-7400000-7500000	0.034925	-0.367098	0.054595	1.2354
chr20-41800000-41900000	0.10334	-0.047124	-0.202762	1.18875
chr20-32400000-32500000	-0.025054	0.056213	0.177747	2.94324
chr20-12000000-12100000	0.07788	-0.331964	0.174267	1.87594
chr20-50400000-50500000	0.196433	-0.019358	0.141637	1.70079
chr20-30400000-30500000	-0.063135	0.043554	0.137311	2.17446
chr20-18100000-18200000	-0.116541	-0.186034	-0.095231	3.43877
chr20-1600000-1700000	-0.000933	-0.271417	0.013784	1.17512
chr20-10100000-10200000	-0.066939	-0.174221	0.070919	1.81157
chr20-45800000-45900000	0.164075	0.175409	-0.06863	3.39189
chr20-43500000-43600000	0.014271	0.04896	-0.021175	4.37596
chr20-10800000-10900000	-0.119855	-0.193146	0.208427	1.72928
chr20-19900000-20000000	-0.116226	-0.124003	0.032951	4.31999
chr20-10600000-10700000	-0.011991	-0.225781	0.204012	3.11304
chr20-50700000-50800000	0.218876	0.02573	0.094922	2.69389
chr20-18800000-18900000	-0.046372	-0.177635	-0.072368	1.6947
chr20-16300000-16400000	-0.034928	-0.191154	-0.027128	1.65854
chr20-12600000-12700000	0.094768	-0.28914	0.009547	1.20345
chr20-14500000-14600000	0.061136	-0.266689	0.009252	1.43765
chr20-8200000-8300000	-0.016447	-0.114066	0.234175	1.50179
chr20-32600000-32700000	-0.004484	0.123001	0.197184	3.42347
chr20-23100000-23200000	-0.076526	-0.111649	-0.090117	3.23186
chr20-12800000-12900000	0.059557	-0.258695	0.023705	1.20952
chr20-30200000-30300000	-0.031819	0.018654	0.088691	4.74043
chr20-9200000-9300000	-0.085315	-0.196631	0.200449	2.26055
chr20-5200000-5300000	-0.051401	-0.327275	0.104805	1.35448
chr20-47100000-47200000	0.176893	0.054269	-0.046338	1.1848
chr20-12100000-12200000	0.134936	-0.248566	0.086954	1.59229
chr20-8800000-8900000	-0.109926	-0.236797	0.179735	1.93609
chr20-56300000-56400000	0.206367	-0.094791	-0.019664	1.52608
chr20-52200000-52300000	0.190059	0.092032	-0.091427	3.00733
chr20-1200000-1300000	-0.114085	-0.076263	0.081354	4.30335
chr20-58500000-58600000	0.230812	-0.191253	0.095382	3.15233
chr20-54400000-54500000	0.217081	-0.182594	-0.126698	1.1529
chr20-52300000-52400000	0.268059	0.093583	-0.090425	2.74203
chr20-10000000-10100000	-0.019902	-0.287818	0.078608	1.95859
chr20-56400000-56500000	0.198868	-0.018379	-0.131157	1.2487
chr20-52400000-52500000	0.155415	0.125974	-0.056398	2.50579
chr20-39900000-40000000	0.09241	0.094389	-0.083901	4.30971
chr20-32000000-32100000	-0.053773	0.116648	0.208072	3.45252
chr20-14700000-14800000	-0.069874	-0.256322	-0.149221	1.20508
chr20-16800000-16900000	-0.095515	-0.312414	0.000418	1.65641
chr20-16000000-16100000	-0.038979	-0.284217	-0.157386	1.57298
chr20-47600000-47700000	0.122056	0.087879	0.145715	3.03699
chr20-4600000-4700000	-0.175126	-0.090313	0.244397	2.89872
chr20-14000000-14100000	0.006637	-0.302007	-0.153995	1.14152
chr20-41400000-41500000	0.157423	-0.037632	-0.145203	1.11906
chr20-8600000-8700000	-0.110894	-0.231309	0.167283	1.55208
chr20-5600000-5700000	-0.036531	-0.162999	0.214664	2.00367
chr20-49800000-49900000	0.05904	0.064624	0.106102	2.47498
chr20-21700000-21800000	0.07893	-0.226092	-0.004127	1.21455
chr20-12500000-12600000	-0.033034	-0.243132	-0.006813	1.15129
chr20-52700000-52800000	0.233933	-0.001427	0.05854	1.60545
chr20-45700000-45800000	0.215038	0.111476	0.0458	2.26175
chr20-12300000-12400000	0.100043	-0.287305	-0.049903	1.23957
chr20-34200000-34300000	-0.051577	0.15417	0.235648	5.79864
chr20-23000000-23100000	-0.080045	-0.10996	0.04143	1.7017
chr20-12200000-12300000	0.006632	-0.275658	0.041582	1.2695
chr20-58700000-58800000	0.256622	-0.202027	0.061695	1.75523
chr20-8000000-8100000	-0.061353	-0.209772	0.18113	2.50389
chr20-56000000-56100000	0.20958	-0.000202	0.033483	1.654
chr20-49900000-50000000	0.077828	0.174398	0.054678	3.69104
chr20-3800000-3900000	-0.078558	-0.105695	0.345872	6.39669
chr20-10700000-10800000	-0.060032	-0.175409	0.111011	1.92688
chr20-12900000-13000000	-0.081435	-0.275394	-0.023212	1.71527
chr20-10900000-11000000	-0.152908	-0.131047	0.085494	1.88392
chr20-1100000-1200000	-0.10991	-0.210743	0.114287	2.28022
chr20-24800000-24900000	-0.143209	-0.159505	-0.052991	1.55962
chr20-15200000-15300000	0.057224	-0.307295	-0.068962	1.31056
chr20-11000000-11100000	-0.102128	-0.213111	0.15202	1.23841
chr20-57600000-57700000	0.301038	-0.118211	0.06141	4.70031
chr20-15500000-15600000	0.0696	-0.341606	-0.080718	1.31254
chr20-57400000-57500000	0.273624	-0.130567	0.104029	3.12341
chr20-22500000-22600000	-0.072208	-0.153008	-0.166589	1.17522
chr20-42000000-42100000	0.239837	0.018755	-0.114873	2.58305
chr20-59500000-59600000	0.239345	-0.217977	-0.009916	1.2176
chr20-19300000-19400000	-0.001146	-0.152759	-0.123081	1.15197
chr20-11100000-11200000	0.035655	-0.175038	0.177692	2.027
chr20-11300000-11400000	0.020119	-0.236949	0.174321	1.36743
chr20-44600000-44700000	0.15732	0.077124	-0.048833	3.43705
chr20-11200000-11300000	-0.10305	-0.175814	0.170652	1.67836
chr20-19200000-19300000	0.077515	-0.214985	-0.065882	1.19212
chr20-51600000-51700000	0.097411	-0.093053	-0.025239	1.38713
chr20-11800000-11900000	-0.072192	-0.288794	0.132395	2.65666
chr20-15600000-15700000	-0.028089	-0.338837	0.009048	1.83797
chr20-59400000-59500000	0.24969	-0.145283	0.091159	1.39861
chr20-22800000-22900000	0.004186	-0.165854	-0.143687	1.35829
chr20-24300000-24400000	0.041711	-0.182775	-0.202152	2.05964
chr20-15400000-15500000	0.009146	-0.229062	-0.098139	1.18415
chr20-35700000-35800000	-0.107138	0.10302	0.051712	2.11048
chr20-31200000-31300000	-0.083677	0.025818	0.178585	2.72658
chr20-15000000-15100000	0.04161	-0.274345	-0.082478	1.12346
chr20-60000000-60100000	0.155973	-0.011822	0.097754	1.9694
chr20-55000000-55100000	0.192702	-0.017959	-0.107468	4.35799
chr20-51200000-51300000	0.249754	-0.144419	-0.115742	1.18748
chr20-13700000-13800000	-0.063556	-0.3143	-0.094927	2.53931
chr20-40200000-40300000	0.115528	-0.032089	-0.028452	2.4259
chr20-31000000-31100000	0.01916	0.115198	0.120804	7.06886
chr20-15800000-15900000	-0.003125	-0.219123	-0.129313	1.20716
chr20-13300000-13400000	-0.146391	-0.242713	-0.051024	1.34646
chr20-22400000-22500000	0.037227	-0.204998	-0.182627	1.18632
chr20-59000000-59100000	0.230397	-0.090185	-0.031271	1.36732
chr20-31100000-31200000	0.003935	0.04643	0.239624	3.60852
chr20-11400000-11500000	-0.083655	-0.285785	0.10593	1.44579
chr20-20400000-20500000	-0.118502	-0.105243	-0.148684	3.05657
chr20-17100000-17200000	0.036012	-0.238498	-0.028649	1.15884
chr20-57200000-57300000	0.163876	0.041854	0.063449	6.14265
chr20-1500000-1600000	-0.128013	-0.270367	-0.003888	1.26364
chr20-60600000-60700000	0.148036	-0.035119	0.221035	3.73894
chr20-53400000-53500000	0.259367	-0.09355	-0.174421	1.1125
chr20-13000000-13100000	0.022217	-0.268925	0.025271	1.29825
chr20-59300000-59400000	0.187711	-0.200527	0.001152	1.28435
chr20-19500000-19600000	0.006537	-0.117623	-0.091372	1.2208
chr20-42100000-42200000	0.099863	0.04099	-0.06612	2.42564
chr20-20200000-20300000	-0.001027	-0.257689	-0.159263	1.27444
chr20-11500000-11600000	0.049815	-0.290979	0.102327	1.27423
chr20-57100000-57200000	0.243333	-0.00316	0.150573	3.70145
chr20-11600000-11700000	-0.08054	-0.319089	0.092232	2.17242
chr20-11900000-12000000	0.059513	-0.272539	0.068454	1.7477
chr20-41000000-41100000	0.135889	-0.074228	-0.187184	1.09296
chr20-14200000-14300000	0.028708	-0.305117	0.061964	1.87976
chr20-12700000-12800000	0.05034	-0.37949	0.077746	1.21549
chr20-38200000-38300000	0.152594	-0.067907	-0.171709	1.19322
chr20-12400000-12500000	-0.010802	-0.350433	-0.063471	1.10541
chr20-9600000-9700000	0.090659	-0.308369	0.081127	1.21228
chr20-1300000-1400000	-0.216162	-0.166216	0.104206	5.64677
chr20-13600000-13700000	-0.087415	-0.325729	0.045621	2.31846
chr20-39100000-39200000	0.18036	-0.185381	-0.126647	1.48713
chr20-13100000-13200000	-0.101748	-0.295551	-0.032413	1.27369
chr20-60400000-60500000	0.161088	-0.043914	0.072236	1.71096
chr20-15100000-15200000	0.003653	-0.325387	-0.201052	1.11814
chr20-46800000-46900000	0.162981	-0.022966	0.019673	1.27372
chr20-13200000-13300000	-0.043002	-0.179056	-0.011978	1.35106
chr20-62500000-62600000	0.050221	0.000585	0.216961	6.33153
chr20-13400000-13500000	-0.078029	-0.25342	0.070874	1.48061
chr20-15300000-15400000	0.121974	-0.250258	-0.166648	1.19158
chr20-51000000-51100000	0.160294	0.02427	-0.100949	1.42897
chr20-35500000-35600000	-0.083237	0.198978	0.130016	2.40333
chr20-42700000-42800000	0.085945	0.060157	0.088235	3.40572
chr20-13500000-13600000	-0.13818	-0.208175	-0.023686	1.45479
chr20-13900000-14000000	-0.04762	-0.325294	-0.031373	1.15942
chr20-25500000-25600000	-0.166045	-0.022832	-0.048722	3.193
chr20-25100000-25200000	-0.074305	0.013125	-0.053498	3.36913
chr20-1400000-1500000	-0.109651	-0.149703	0.040551	2.842
chr20-14900000-15000000	-0.06274	-0.334156	-0.053241	1.1976
chr20-55500000-55600000	0.213533	-0.163456	0.019102	1.3654
chr20-400000-500000	0.054816	-0.155151	0.263355	4.14508
chr20-15700000-15800000	0.068305	-0.293644	-0.052992	1.3484
chr20-6100000-6200000	0.051031	-0.307457	0.066904	2.02665
chr20-7300000-7400000	0.143822	-0.288965	0.061769	1.15144
chr20-57900000-58000000	0.111895	-0.111015	0.022572	1.2298
chr20-15900000-16000000	0.068591	-0.332727	-0.1165	1.34908
chr20-18200000-18300000	-0.190135	-0.250673	0.007222	4.16196
chr20-16100000-16200000	0.072562	-0.309041	-0.11923	1.4344
chr20-56800000-56900000	0.184794	0.031614	-0.087879	4.15864
chr20-52600000-52700000	0.248914	-0.047705	-0.082157	1.23107
chr20-38400000-38500000	0.148446	-0.048551	-0.16094	2.20688
chr20-36200000-36300000	-0.078423	0.054849	0.028766	1.19113
chr20-34000000-34100000	-0.030149	0.034509	0.249784	3.21758
chr20-16400000-16500000	-0.104981	-0.286602	0.0309	1.5742
chr20-4200000-4300000	-0.102233	-0.095112	0.270332	1.92819
chr20-23800000-23900000	-0.108336	-0.182293	-0.133637	1.40142
chr20-4400000-4500000	-0.114096	-0.064675	0.293276	2.46633
chr20-38800000-38900000	0.156767	-0.052253	-0.190794	1.17759
chr20-16500000-16600000	-0.128026	-0.208002	-0.076192	2.99447
chr20-38600000-38700000	0.143976	-0.031254	-0.170421	1.36495
chr20-29900000-30000000	0.057593	-0.098191	-0.218091	1.19712
chr20-58000000-58100000	0.191374	-0.219658	-0.014468	1.3573
chr20-4800000-4900000	-0.083144	-0.082599	0.122393	2.95105
chr20-30600000-30700000	-0.088865	0.038235	0.148963	3.20062
chr20-16600000-16700000	-0.000874	-0.213122	-0.021579	1.31056
chr20-32800000-32900000	-0.050177	0.117166	0.039757	3.17956
chr20-16700000-16800000	-0.12407	-0.210992	-0.094552	3.93335
chr20-16900000-17000000	-0.152351	-0.229263	-0.071362	1.67353
chr20-33000000-33100000	-0.052385	0.094329	-0.004563	2.65839
chr20-1700000-1800000	-0.037277	-0.187415	0.12299	4.67455
chr20-55700000-55800000	0.217918	-0.145041	0.050233	1.46856
chr20-17000000-17100000	-0.036152	-0.180699	-0.121146	1.41141
chr20-17200000-17300000	-0.077378	-0.266366	-0.101357	1.14884
chr20-8100000-8200000	0.062591	-0.208822	0.223743	2.03408
chr20-17300000-17400000	-0.012629	-0.168912	-0.056847	1.17016
chr20-53200000-53300000	0.242677	-0.054843	-0.15459	1.25944
chr20-37500000-37600000	-0.003677	0.020449	-0.034228	2.81017
chr20-17400000-17500000	-0.103623	-0.277122	-0.023935	2.4773
chr20-9100000-9200000	0.034306	-0.169952	0.188856	2.50654
chr20-9900000-10000000	-0.029907	-0.304219	-0.056163	1.26617
chr20-48200000-48300000	0.036039	0.189702	0.066026	2.46468
chr20-17500000-17600000	-0.095045	-0.201069	0.10598	4.75232
chr20-6700000-6800000	0.024111	-0.371609	0.062535	2.1865
chr20-17600000-17700000	-0.187238	-0.138469	0.048438	5.4951
chr20-17700000-17800000	-0.116773	-0.037903	0.019242	2.28896
chr20-37000000-37100000	-0.031523	0.086949	0.143442	4.44283
chr20-17800000-17900000	-0.165098	-0.075115	0.104495	4.77196
chr20-20100000-20200000	-0.115541	-0.174648	-0.133468	1.27494
chr20-17900000-18000000	-0.1787	-0.221374	0.099158	3.55138
chr20-32700000-32800000	-0.122034	0.166029	0.126204	2.19434
chr20-1800000-1900000	-0.123314	-0.099321	0.074082	3.17404
chr20-18000000-18100000	-0.06482	-0.155051	0.032919	1.28851
chr20-18400000-18500000	-0.20292	-0.137764	-0.032878	3.78238
chr20-58300000-58400000	0.153023	-0.203707	-0.131765	1.34461
chr20-56200000-56300000	0.322569	-0.043923	-0.003999	3.31081
chr20-18500000-18600000	-0.09935	-0.2259	-0.026356	3.80466
chr20-52000000-52100000	0.270324	-0.112894	-0.164784	1.17422
chr20-18700000-18800000	-0.131229	-0.241045	-0.157984	2.30293
chr20-18900000-19000000	-0.022675	-0.295798	-0.146873	1.52271
chr20-1900000-2000000	-0.108668	-0.222907	0.145886	2.04378
chr20-31700000-31800000	-0.076065	0.017534	-0.112233	1.29745
chr20-59200000-59300000	0.295989	-0.20393	-0.062063	1.37061
chr20-60700000-60800000	0.247637	-0.016897	0.179719	5.0178
chr20-19000000-19100000	0.080556	-0.354914	-0.084369	1.20408
chr20-59600000-59700000	0.158299	-0.121636	-0.019266	1.75901
chr20-46100000-46200000	0.046299	0.178007	0.013739	3.01132
chr20-40100000-40200000	0.023005	0.001533	-0.069463	2.17436
chr20-800000-900000	0.050856	-0.243104	0.077363	2.54241
chr20-33700000-33800000	-0.111502	0.1644	0.203199	3.86486
chr20-19100000-19200000	-0.000829	-0.26886	-0.15549	1.12288
chr20-55800000-55900000	0.278272	-0.038742	0.008899	1.23481
chr20-4700000-4800000	-0.059821	-0.097555	0.232002	2.62436
chr20-19400000-19500000	-0.062426	-0.15148	-0.002893	1.28566
chr20-44200000-44300000	0.212641	-0.111384	-0.11867	1.21595
chr20-35100000-35200000	-0.110375	0.090611	0.060866	6.44188
chr20-19600000-19700000	-0.029988	-0.168584	0.041266	2.52188
chr20-5100000-5200000	0.065308	-0.278851	0.172293	3.5324
chr20-19700000-19800000	-0.11867	-0.078427	0.018256	5.0461
chr20-46000000-46100000	0.011305	0.218353	-0.086242	3.27961
chr20-44000000-44100000	0.090616	0.11742	-0.131066	3.47721
chr20-35200000-35300000	-0.063731	0.168324	0.144922	3.80288
chr20-19800000-19900000	-0.174626	-0.169493	-0.053022	4.8721
chr20-200000-300000	0.068695	-0.195244	0.171457	5.07933
chr20-47800000-47900000	0.129792	0.13894	0.088854	4.77922
chr20-2000000-2100000	-0.053876	-0.254655	0.049404	4.53137
chr20-57700000-57800000	0.204678	-0.188845	0.044312	1.26393
chr20-51800000-51900000	0.107826	-0.131884	-0.051776	1.22388
chr20-20000000-20100000	-0.128036	-0.25793	-0.016991	2.67074
chr20-22700000-22800000	0.006539	-0.17542	-0.017731	2.44066
chr20-46300000-46400000	0.133911	0.023638	-0.021247	1.38679
chr20-40700000-40800000	0.145985	-0.147283	-0.091321	1.1723
chr20-20300000-20400000	-0.073943	-0.206677	-0.057312	2.11092
chr20-5300000-5400000	-0.009402	-0.218399	0.054801	1.30563
chr20-4500000-4600000	-0.032994	-0.047668	0.25096	2.54633
chr20-20500000-20600000	-0.142213	-0.198253	-0.063662	1.68555
chr20-24600000-24700000	-0.171131	-0.051556	-0.052472	2.27617
chr20-20600000-20700000	-0.063018	-0.222226	-0.168436	2.28237
chr20-39600000-39700000	0.036727	0.074236	-0.053524	3.79778
chr20-20700000-20800000	-0.105112	-0.088822	-0.149849	1.18643
chr20-22000000-22100000	0.02181	-0.131673	-0.121789	1.11722
chr20-20800000-20900000	0.016207	-0.135677	-0.077866	1.25545
chr20-60300000-60400000	0.287013	-0.006981	0.08513	2.06979
chr20-20900000-21000000	0.011828	-0.232305	-0.175132	1.20903
chr20-47000000-47100000	0.090673	0.059677	-0.15679	1.31097
chr20-34300000-34400000	-0.15189	0.184018	0.187203	3.8606
chr20-29400000-29500000	-0.012114	-0.064755	-0.442265	1
chr20-9000000-9100000	-0.086251	-0.120023	0.220925	4.62971
chr20-21000000-21100000	-0.056386	-0.17507	-0.084222	1.1731
chr20-21100000-21200000	-0.189059	-0.134088	-0.09262	2.06918
chr20-21200000-21300000	-0.105098	-0.03568	-0.109206	2.94658
chr20-54000000-54100000	0.257159	-0.143855	-0.146508	1.17119
chr20-30000000-30100000	-0.018474	-0.010806	-0.140525	1.35649
chr20-4000000-4100000	-0.090856	-0.130496	0.303229	5.0309
chr20-21300000-21400000	-0.173626	-0.090956	-0.006185	1.69633
chr20-5000000-5100000	0.036878	-0.176661	0.263197	3.85661
chr20-23200000-23300000	-0.045731	-0.137866	0.019958	2.37423
chr20-21400000-21500000	-0.155736	-0.184605	-0.108422	1.4149
chr20-29500000-29600000	0.030257	-0.115885	-0.366283	1.46564
chr20-21500000-21600000	-0.0262	-0.240748	-0.090532	1.17133
chr20-54600000-54700000	0.213849	-0.211411	-0.096864	1.07846
chr20-27800000-27900000	-0.07745	0.014398	-0.40536	0
chr20-21600000-21700000	0.085075	-0.313016	-0.117178	1.17496
chr20-38700000-38800000	0.133109	-0.164008	-0.166185	1.13208
chr20-21800000-21900000	0.081126	-0.253002	-0.123754	1.17431
chr20-21900000-22000000	-0.047426	-0.228811	-0.169198	1.35443
chr20-25000000-25100000	-0.146961	-0.084763	0.010417	1.47822
chr20-2400000-2500000	0.03087	-0.152251	0.164457	4.71522
chr20-2200000-2300000	-0.001455	-0.188537	0.037819	1.54887
chr20-44100000-44200000	0.152269	-0.007001	-0.099439	1.17964
chr20-40500000-40600000	0.213911	-0.052386	-0.144361	1.13535
chr20-22200000-22300000	-0.017749	-0.170103	-0.10562	1.19681
chr20-22300000-22400000	0.093296	-0.225988	-0.062489	1.25652
chr20-22600000-22700000	0.046502	-0.220611	-0.140695	1.64724
chr20-22900000-23000000	-0.115447	-0.137189	-0.083884	1.42433
chr20-46600000-46700000	0.1577	0.040025	-0.050367	1.23441
chr20-2300000-2400000	-0.000742	-0.260015	0.128611	1.38549
chr20-47400000-47500000	0.125673	0.128002	-0.03103	1.5688
chr20-45200000-45300000	0.109818	0.070685	-0.015819	1.70897
chr20-36700000-36800000	-0.056497	0.144717	0.077424	6.48556
chr20-23300000-23400000	-0.088185	-0.097744	-0.104855	4.58767
chr20-49700000-49800000	0.057864	0.141646	0.029649	2.94581
chr20-23400000-23500000	-0.021494	-0.069651	-0.231111	2.84578
chr20-61700000-61800000	0.167645	-0.054172	0.236957	1.71321
chr20-34800000-34900000	-0.011468	0.174666	0.122958	2.86527
chr20-41700000-41800000	0.197857	-0.126337	-0.139039	1.18102
chr20-32200000-32300000	-0.154627	0.173218	0.056353	5.74394
chr20-23500000-23600000	-0.028317	-0.091143	-0.103745	1.3655
chr20-61200000-61300000	0.223193	-0.005927	0.302031	3.42325
chr20-23700000-23800000	-0.174893	-0.232905	-0.22068	1.81105
chr20-23900000-24000000	-0.025996	-0.24776	-0.183676	1.28602
chr20-24000000-24100000	-0.02947	-0.118922	-0.176662	1.43991
chr20-57000000-57100000	0.19173	0.015532	0.040514	2.88812
chr20-3500000-3600000	-0.14763	-0.109992	0.23327	2.16533
chr20-24100000-24200000	0.05639	-0.21165	-0.192829	1.203
chr20-51300000-51400000	0.205874	-0.186614	-0.016995	1.17932
chr20-51100000-51200000	0.269826	-0.010506	-0.07058	2.67211
chr20-55300000-55400000	0.279063	-0.026003	0.013703	1.86213
chr20-24200000-24300000	-0.022717	-0.155886	-0.096694	1.16906
chr20-44300000-44400000	0.165864	0.008865	-0.157359	1.20012
chr20-42200000-42300000	-0.006505	0.091626	-0.004626	3.33804
chr20-24400000-24500000	-0.003014	-0.086754	-0.124612	1.28083
chr20-40000000-40100000	0.023889	0.036125	-0.201145	2.62509
chr20-24500000-24600000	-0.12937	-0.119035	-0.150506	1.21139
chr20-57300000-57400000	0.291592	0.005266	0.060183	1.35078
chr20-55400000-55500000	0.154847	-0.045727	-0.02491	1.22573
chr20-24700000-24800000	-0.087856	-0.058612	-0.111064	1.35861
chr20-24900000-25000000	-0.131429	-0.015724	-0.092878	2.83597
chr20-37300000-37400000	0.030227	0.016068	-0.047815	3.03557
chr20-2500000-2600000	-0.083007	-0.10873	0.080038	2.70321
chr20-45500000-45600000	0.238416	0.080064	0.078357	2.48034
chr20-25400000-25500000	-0.034783	-0.004118	-0.034055	2.76952
chr20-36400000-36500000	-0.030046	0.084476	-0.074035	2.15909
chr20-25600000-25700000	-0.119906	-0.046116	-0.158346	5.68675
chr20-58400000-58500000	0.220173	-0.168972	-0.041055	1.22913
chr20-49300000-49400000	0.196174	0.149773	0.075943	4.32132
chr20-25700000-25800000	-0.120442	-0.042005	-0.29439	1.91265
chr20-54700000-54800000	0.315269	-0.12683	-0.067766	1.26905
chr20-25800000-25900000	-0.118978	-0.039835	-0.29198	1.62638
chr20-25900000-26000000	-0.158711	-0.00333	-0.370089	1.27117
chr20-2600000-2700000	-0.201725	-0.071701	0.064159	4.19274
chr20-6800000-6900000	0.029464	-0.244835	0.005661	1.12363
chr20-35400000-35500000	-0.14055	0.110103	0.093879	6.44306
chr20-26000000-26100000	-0.160165	-0.006407	-0.369049	1
chr20-26100000-26200000	-0.097178	-0.054604	-0.331606	9.65001
chr20-42400000-42500000	0.174717	0.035201	0.126208	3.28519
chr20-33500000-33600000	-0.15463	0.133837	0.139156	4.54695
chr20-26200000-26300000	-0.089118	-0.01607	-0.34303	1.17629
chr20-26300000-26400000	-0.080475	0.01331	-0.403835	1.71902
chr20-39700000-39800000	0.132102	0.102973	-0.106372	4.37351
chr20-2700000-2800000	-0.102634	-0.049611	0.141273	1.80895
chr20-2800000-2900000	-0.093494	-0.14265	0.219218	4.55172
chr20-2900000-3000000	-0.198307	-0.135494	0.208239	2.06346
chr20-56500000-56600000	0.274316	-0.10465	-0.073874	1.40619
chr20-50500000-50600000	0.167346	0.091951	0.144606	1.81678
chr20-29700000-29800000	0.152969	-0.265773	-0.346461	0
chr20-29800000-29900000	0.07012	-0.174924	-0.276585	1.33301
chr20-48600000-48700000	0.010002	0.216555	0.100831	4.84319
chr20-300000-400000	-0.055871	-0.157219	0.208576	6.26905
chr20-700000-800000	0.17054	-0.269825	0.123168	1.39911
chr20-45600000-45700000	0.136137	0.019069	0.055894	1.55808
chr20-30100000-30200000	-0.089257	0.060768	-0.043851	7.30426
chr20-41500000-41600000	0.152086	-0.135682	-0.068595	1.2551
chr20-30500000-30600000	-0.109059	0.032662	0.026326	2.30236
chr20-30700000-30800000	0.043037	0.092953	0.175872	4.4819
chr20-7600000-7700000	-0.049472	-0.274712	0.005524	1.47914
chr20-50100000-50200000	0.208388	-0.007752	0.174892	2.60606
chr20-30800000-30900000	-0.049521	0.161692	0.155482	3.15983
chr20-38000000-38100000	0.060536	-0.081632	-0.17607	1.27029
chr20-61600000-61700000	0.112138	0.014966	0.190006	1.44203
chr20-30900000-31000000	0.001238	0.194662	0.051187	3.38348
chr20-3100000-3200000	-0.111535	-0.050194	0.241253	6.07427
chr20-4300000-4400000	0.005357	-0.101051	0.276054	1.4579
chr20-31300000-31400000	-0.174676	0.051569	0.116633	4.03256
chr20-55200000-55300000	0.277913	-0.152637	0.052306	1.47545
chr20-53500000-53600000	0.209462	-0.187307	-0.093691	1.10465
chr20-35600000-35700000	-0.20055	0.168552	0.020898	1.62611
chr20-31400000-31500000	-0.129812	0.069531	0.002549	2.48334
chr20-31500000-31600000	-0.086159	0.04924	-0.111212	1.36846
chr20-48700000-48800000	-0.094495	0.161392	0.023796	6.68032
chr20-31600000-31700000	-0.018452	0.073537	-0.02389	1.3087
chr20-600000-700000	0.054146	-0.278	0.176349	3.10373
chr20-39300000-39400000	0.120183	-0.073891	0.024782	1.89133
chr20-6300000-6400000	0.06825	-0.356277	-0.017423	1.42805
chr20-44700000-44800000	0.030752	0.060314	-0.102582	2.87501
chr20-40600000-40700000	0.084062	-0.051352	-0.159932	1.1698
chr20-39000000-39100000	0.053995	-0.16335	-0.124133	1.44307
chr20-8700000-8800000	0.025478	-0.272583	0.19374	1.99811
chr20-31800000-31900000	-0.029407	0.017282	0.001891	1.32025
chr20-31900000-32000000	0.007394	0.098689	0.089612	2.6199
chr20-43800000-43900000	0.027112	0.017843	-0.145105	1.1948
chr20-3200000-3300000	-0.197349	-0.069235	0.156394	3.71843
chr20-32100000-32200000	-0.147671	0.07142	0.135088	2.44384
chr20-38500000-38600000	0.039182	-0.106677	-0.190034	1.37661
chr20-32300000-32400000	-0.104901	0.085767	0.094573	3.95986
chr20-5800000-5900000	-0.014639	-0.176012	0.104142	1.80746
chr20-32500000-32600000	0.008555	0.156134	0.106126	2.88322
chr20-32900000-33000000	0	0	0	3.05998
chr20-42500000-42600000	0.080432	0.092505	0.074149	5.29899
chr20-37800000-37900000	0.068336	-0.070748	-0.164334	1.28063
chr20-3300000-3400000	-0.153237	-0.086526	0.251803	3.13923
chr20-33100000-33200000	-0.11835	0.17984	0.059931	4.98858
chr20-48400000-48500000	0.070595	0.208088	0.068306	3.01748
chr20-46500000-46600000	0.188192	-0.011696	-0.154828	1.21745
chr20-33200000-33300000	-0.090493	0.194089	0.164322	3.69311
chr20-33300000-33400000	-0.148851	0.148047	0.083242	2.82079
chr20-48100000-48200000	0.051182	0.135985	0.198789	1.99184
chr20-33400000-33500000	-0.05928	0.166136	0.184879	4.05484
chr20-33600000-33700000	-0.08634	0.044308	0.204446	4.00599
chr20-51700000-51800000	0.217854	-0.064976	-0.006274	1.30313
chr20-51500000-51600000	0.217243	-0.135179	-0.008553	1.24668
chr20-44400000-44500000	0.096186	0.133885	-0.119506	5.2092
chr20-33800000-33900000	-0.053788	0.138873	0.265073	7.57567
chr20-33900000-34000000	-0.102494	0.072372	0.178654	3.32144
chr20-3400000-3500000	-0.228081	-0.063818	0.181374	3.31663
chr20-34100000-34200000	-0.09017	0.105127	0.306833	2.87919
chr20-54200000-54300000	0.187732	-0.180985	-0.048335	1.19762
chr20-34400000-34500000	-0.177328	0.089901	0.197837	3.45546
chr20-58800000-58900000	0.203544	-0.113678	0.135161	2.33932
chr20-34500000-34600000	-0.125986	0.101754	0.08068	3.74446
chr20-54500000-54600000	0.150503	-0.120629	-0.031535	1.17983
chr20-36000000-36100000	-0.10108	0.168461	-0.069612	3.62686
chr20-34600000-34700000	-0.045861	0.154123	0.193601	3.39052
chr20-34700000-34800000	-0.051478	0.053577	0.164413	3.11402
chr20-34900000-35000000	-0.07987	0.124111	0.057455	1.28403
chr20-35000000-35100000	-0.206852	0.095293	0.044846	5.12128
chr20-53700000-53800000	0.206104	-0.186155	-0.111078	1.11846
chr20-35300000-35400000	-0.058994	0.059267	0.175163	2.89674
chr20-35800000-35900000	0.004208	0.091072	0.130674	3.04813
chr20-35900000-36000000	-0.087284	0.118931	0.038978	3.98494
chr20-3600000-3700000	-0.184752	-0.020282	0.189497	2.52521
chr20-36100000-36200000	0.007641	0.160456	-0.01564	3.66326
chr20-36300000-36400000	-0.100121	0.162714	0.012766	1.946
chr20-36500000-36600000	-0.085334	0.079656	0.034765	1.70663
chr20-56100000-56200000	0.249407	-0.104942	0.098906	1.42153
chr20-52800000-52900000	0.259555	-0.098316	0.010601	2.89714
chr20-49400000-49500000	0.12058	0.203115	0.182455	4.30904
chr20-36600000-36700000	-0.026439	0.159555	-0.038366	3.17152
chr20-43100000-43200000	0.042725	0.075297	-0.022931	4.25169
chr20-36800000-36900000	-0.008182	0.056038	0.113192	4.62151
chr20-36900000-37000000	0.098751	0.077852	0.163426	2.82154
chr20-4100000-4200000	0.035312	-0.121193	0.258248	3.98202
chr20-40400000-40500000	0.098371	-0.064689	-0.210264	1.13834
chr20-3700000-3800000	-0.086585	-0.043968	0.242701	6.29218
chr20-48500000-48600000	0.105757	0.193582	0.185883	4.65481
chr20-37100000-37200000	0.051643	-0.027395	0.148182	2.6815
chr20-500000-600000	0.090854	-0.182146	0.149573	2.62262
chr20-37200000-37300000	0.120514	-0.000949	0.044183	1.5799
chr20-46400000-46500000	0.181872	0.111168	-0.129286	1.23005
chr20-37400000-37500000	0.086289	-0.041079	0.051324	1.63707
chr20-60200000-60300000	0.205297	-0.062559	0.186568	1.6322
chr20-44500000-44600000	0.010122	0.066534	-0.061442	6.35227
chr20-42800000-42900000	0.088612	0.128776	-0.031923	3.81789
chr20-40800000-40900000	0.228326	-0.058446	-0.090706	1.20594
chr20-37600000-37700000	0.116389	0.015468	0.009897	2.86166
chr20-60500000-60600000	0.267005	-0.088788	0.151937	3.08397
chr20-37900000-38000000	0.119586	-0.17627	-0.099297	1.12989
chr20-41200000-41300000	0.146654	-0.045942	-0.156339	1.16687
chr20-38300000-38400000	0.159665	-0.194024	-0.156709	1.11874
chr20-38900000-39000000	0.17619	-0.180079	-0.138309	1.19567
chr20-3900000-4000000	-0.091317	-0.187986	0.295326	3.85407
chr20-39200000-39300000	0.066325	-0.111494	-0.098828	1.25759
chr20-59800000-59900000	0.252348	-0.020762	0.14263	2.47601
chr20-39500000-39600000	0.103196	0.011435	-0.174278	1.77711
chr20-39400000-39500000	0.047237	-0.052716	-0.07746	1.53587
chr20-39800000-39900000	0.009988	0.100949	-0.142033	3.913
chr20-46700000-46800000	0.05926	-0.021492	-0.061593	1.17818
chr20-40300000-40400000	0.007241	0.009779	-0.132133	2.74096
chr20-40900000-41000000	0.153567	-0.169077	-0.106753	1.12855
chr20-49100000-49200000	0.044697	0.13414	0.092763	4.03082
chr20-41100000-41200000	0.019206	-0.081232	-0.144945	1.18043
chr20-43300000-43400000	0.145431	0.124451	0.022507	2.87713
chr20-41600000-41700000	0.087766	-0.054088	-0.154495	1.19198
chr20-41900000-42000000	0.134639	-0.076792	-0.07316	1.17877
chr20-42300000-42400000	0.121982	0.119527	0.039886	3.38377
chr20-42600000-42700000	0.18408	0.154942	0.098967	3.4259
chr20-42900000-43000000	0.074967	0.124128	-0.156826	2.86341
chr20-5400000-5500000	-0.026928	-0.313137	0.137699	1.85283
chr20-43700000-43800000	0.111832	0.056975	-0.043456	1.82463
chr20-43000000-43100000	0.159409	0.101747	-0.033598	1.45018
chr20-58200000-58300000	0.195094	-0.132697	-0.035711	1.20341
chr20-43200000-43300000	0.084095	0.189026	-0.093201	4.32199
chr20-50200000-50300000	0.17728	0.09949	0.084677	2.36438
chr20-45300000-45400000	0.215719	0.162307	0.033571	4.43088
chr20-43400000-43500000	0.118727	-0.00224	0.047785	1.3157
chr20-61800000-61900000	0.168598	0.067667	0.226474	2.92877
chr20-50600000-50700000	0.202165	0.1673	0.04078	2.13003
chr20-43600000-43700000	0.055172	0.142697	-0.081175	2.14923
chr20-43900000-44000000	0.169614	0.037232	-0.092191	4.81912
chr20-44800000-44900000	0.105382	0.008948	-0.003051	1.28264
chr20-44900000-45000000	0.190047	0.05361	0.066266	3.92399
chr20-45400000-45500000	0.140591	0.075731	0.124721	2.16808
chr20-45000000-45100000	0.274387	0.017817	-0.038051	3.41155
chr20-45100000-45200000	0.155247	0.000322	-0.103454	3.40485
chr20-45900000-46000000	0.064761	0.128688	-0.033147	8.32127
chr20-55600000-55700000	0.144768	-0.039208	0.011879	2.14576
chr20-48300000-48400000	-0.020961	0.236318	0.030864	2.68965
chr20-46200000-46300000	0.155327	0.130131	0.06834	2.68212
chr20-46900000-47000000	0.195609	0.056749	-0.068241	1.4528
chr20-50800000-50900000	0.240122	-0.009322	-0.051741	3.72394
chr20-7000000-7100000	0.064065	-0.31753	-0.076326	1.1666
chr20-47200000-47300000	0.075938	0.148643	-0.101472	1.56789
chr20-47300000-47400000	0.032891	0.043151	-0.070011	1.50083
chr20-47500000-47600000	0.2095	0.116035	0.04042	3.42046
chr20-47700000-47800000	0.021607	0.140503	0.091923	2.78874
chr20-47900000-48000000	0.040319	0.090118	0.020276	2.11431
chr20-48000000-48100000	0.056851	0.04643	0.131542	1.3267
chr20-7700000-7800000	0.072254	-0.324549	0.050611	1.80091
chr20-48800000-48900000	0.025098	0.155986	0.101398	5.07785
chr20-48900000-49000000	0.014068	0.15974	0.18106	6.91708
chr20-4900000-5000000	-0.021854	-0.105983	0.214534	3.03084
chr20-49200000-49300000	0.13852	0.230963	0.044009	5.53924
chr20-49500000-49600000	0.15575	0.087893	0.206719	4.44219
chr20-49600000-49700000	0.106667	0.162525	0.10504	2.48651
chr20-50000000-50100000	0.123367	0.058818	0.116776	2.09839
chr20-50300000-50400000	0.128351	0.074778	0.183647	3.43681
chr20-50900000-51000000	0.110927	-0.07703	-0.032014	1.22711
chr20-51400000-51500000	0.167654	-0.111443	-0.11353	1.15973
chr20-51900000-52000000	0.220183	-0.06121	-0.05561	1.38018
chr20-52900000-53000000	0.186926	-0.032063	-0.079794	1.21216
chr20-53000000-53100000	0.244215	-0.127803	-0.121568	1.24652
chr20-59700000-59800000	0.140443	-0.112456	0.11651	2.23639
chr20-57500000-57600000	0.243295	-0.014809	0.048676	5.39481
chr20-53100000-53200000	0.218792	-0.039418	-0.02499	1.20239
chr20-53300000-53400000	0.226584	-0.17382	-0.075399	1.17379
chr20-53800000-53900000	0.262194	-0.072179	-0.165321	1.07458
chr20-62600000-62700000	0.108656	-0.065753	0.290936	5.96291
chr20-7100000-7200000	0.081071	-0.219907	-0.015852	1.13525
chr20-53600000-53700000	0.281783	-0.171146	0.002182	1.14001
chr20-53900000-54000000	0.138528	-0.106375	-0.192007	1.0803
chr20-54900000-55000000	0.229076	-0.03051	0.011541	4.88967
chr20-5500000-5600000	-0.135729	-0.19961	0.163364	2.44301
chr20-8500000-8600000	-0.025286	-0.227321	0.256472	1.5691
chr20-55100000-55200000	0.299957	-0.044329	-0.020618	1.37558
chr20-55900000-56000000	0.209941	0.008977	-0.105928	3.68204
chr20-56600000-56700000	0.209901	-0.122731	0.048803	1.49301
chr20-56700000-56800000	0.275218	-0.078313	-0.047208	1.70811
chr20-56900000-57000000	0.086113	0.075261	-0.020228	3.47205
chr20-5700000-5800000	-0.125482	-0.177358	0.156955	2.30936
chr20-57800000-57900000	0.169899	-0.150281	-0.08313	1.17355
chr20-58600000-58700000	0.224195	-0.08171	0.020141	1.95978
chr20-58900000-59000000	0.234766	-0.19816	0.030384	1.33008
chr20-5900000-6000000	0.088481	-0.17454	0.167984	3.01703
chr20-59100000-59200000	0.224535	-0.185209	0.057655	1.4405
chr20-59900000-60000000	0.176992	-0.136819	0.135001	1.93488
chr20-6000000-6100000	-0.017901	-0.162016	0.080132	2.00084
chr20-60100000-60200000	0.138072	-0.147765	0.126463	2.12028
chr20-60800000-60900000	0.107376	0.014097	0.221056	4.62972
chr20-60900000-61000000	0.220735	0.057856	0.211769	4.94573
chr20-61000000-61100000	0.153651	0.035888	0.305922	1.77235
chr20-61100000-61200000	0.193994	-0.067912	0.258588	2.04672
chr20-61400000-61500000	0.12275	0.033267	0.257408	4.9226
chr20-6400000-6500000	0.047532	-0.303652	0.095888	1.81864
chr20-61500000-61600000	0.145263	-0.05963	0.279686	5.86701
chr20-6200000-6300000	0.1705	-0.283236	0.037219	1.87973
chr20-61900000-62000000	0.074046	0.024914	0.27867	3.59453
chr20-62000000-62100000	0.158704	-0.044825	0.259394	1.34392
chr20-62100000-62200000	0.095294	-0.029604	0.349135	3.65941
chr20-62200000-62300000	0.066117	0.082978	0.337311	5.53149
chr20-62300000-62400000	-0.018471	0.024226	0.318382	8.9534
chr20-62400000-62500000	0.059177	0.089745	0.282697	5.67005
chr20-62700000-62800000	0.081361	0.044602	0.257862	3.61984
chr20-62800000-62900000	0.146881	-0.030002	0.340386	3.46567
chr20-62900000-63000000	0.151134	-0.007369	0.407548	2.10458
chr20-6500000-6600000	-0.081437	-0.290117	0.094937	1.93369
chr20-6600000-6700000	0.035322	-0.261443	0.096118	1.891
chr20-6900000-7000000	0.138878	-0.303476	0.010689	1.26737
chr20-7200000-7300000	0.031481	-0.335739	-0.000413	1.11433
chr20-7500000-7600000	0.033905	-0.346504	-0.062917	1.11216
chr20-7800000-7900000	-0.062206	-0.277142	0.053424	1.89372
chr20-7900000-8000000	0.057834	-0.282954	0.138559	1.98547
chr20-8300000-8400000	-0.061264	-0.220554	0.198244	1.39145
chr20-8400000-8500000	0.07259	-0.244544	0.205067	1.54716
chr20-8900000-9000000	-0.011326	-0.214028	0.225091	1.78334
chr20-900000-1000000	0.055302	-0.200208	-0.030638	1.28276
chr20-9300000-9400000	0.028214	-0.256622	0.202476	2.71136
chr20-9400000-9500000	-0.083327	-0.286802	0.122262	2.15825
chr20-9500000-9600000	-0.020397	-0.211978	0.054122	1.35813
chr20-9700000-9800000	0.027575	-0.297126	-0.033167	1.09179
