chrX-111400000-111500000	-0.348763	0.051678	-0.070401	1.17946
chrX-133400000-133500000	-0.028327	-0.363652	0.32567	1.13356
chrX-105000000-105100000	0.163656	0.050479	-0.301207	1.74115
chrX-76700000-76800000	-0.196578	0.254061	-0.409606	1.66391
chrX-47300000-47400000	0.022861	0.533093	0.029072	3.14007
chrX-38100000-38200000	-0.07939	0.645474	0.218982	1.71124
chrX-115600000-115700000	0.165164	-0.327243	-0.094189	1.09299
chrX-87700000-87800000	0.522645	-0.0789	-0.102354	1.12916
chrX-140200000-140300000	-0.234221	-0.430413	0.557395	2.77987
chrX-4200000-4300000	-0.02397	0.325706	0.601454	1.10893
chrX-101800000-101900000	-0.210083	0.025071	-0.366823	2.49977
chrX-100600000-100700000	-0.263132	0.112491	-0.29719	4.00262
chrX-101000000-101100000	0.351177	0.057369	-0.331569	1.17674
chrX-76100000-76200000	0.481427	0.229289	-0.202873	1.07737
chrX-83300000-83400000	0.191132	0.20837	-0.145906	1.59026
chrX-109000000-109100000	-0.175861	-0.198636	-0.25628	1.37653
chrX-128400000-128500000	0.378894	-0.423087	0.29528	1.25861
chrX-78200000-78300000	0.466367	0.237385	0.098757	1.13163
chrX-49800000-49900000	0.174653	0.566265	0.12003	1.17281
chrX-133800000-133900000	0.554855	-0.002365	0.23291	2.7198
chrX-105600000-105700000	0.171429	-0.229101	-0.193183	1.14581
chrX-92400000-92500000	0.330156	-0.162407	-0.096512	1.12992
chrX-113600000-113700000	0.077757	-0.256598	-0.022118	1.15586
chrX-122600000-122700000	0.057228	-0.242512	0.401877	1.20094
chrX-41000000-41100000	0.107122	0.686069	0.158028	1.76558
chrX-102000000-102100000	-0.18638	-0.064381	-0.371219	2.1488
chrX-108200000-108300000	-0.000634	-0.013632	-0.084792	1.75162
chrX-32600000-32700000	0.171618	0.474871	0.431623	1.24765
chrX-153800000-153900000	-0.30238	-0.598728	0.06633	2.49464
chrX-105200000-105300000	0.214268	-0.135114	-0.205748	1.13491
chrX-145200000-145300000	0.009981	-0.037964	0.220918	1.13812
chrX-87600000-87700000	0.290158	0.062225	0.057086	1.11507
chrX-98800000-98900000	0.191126	-0.198948	-0.249629	1.10467
chrX-106000000-106100000	-0.300034	0.200304	-0.10807	2.85432
chrX-12000000-12100000	-0.213452	0.327448	0.422419	1.4983
chrX-129800000-129900000	0.090563	-0.141658	0.01596	1.35143
chrX-135200000-135300000	-0.17459	-0.280127	0.106388	2.62877
chrX-92800000-92900000	0.448177	0.026225	-0.277595	1.10677
chrX-121000000-121100000	0.212342	-0.137747	0.403853	1.20072
chrX-122200000-122300000	0.363099	-0.147736	0.323497	1.18903
chrX-70800000-70900000	-0.066623	0.635919	-0.432066	2.15031
chrX-83600000-83700000	0.411872	0.163084	0.201431	1.38334
chrX-49000000-49100000	-0.205624	0.726352	0.092914	4.57255
chrX-124400000-124500000	0.029328	-0.405355	0.011089	1.83486
chrX-12800000-12900000	-0.512724	0.230859	0.356003	1.93395
chrX-135800000-135900000	0.414869	-0.156358	0.27001	2.08385
chrX-72800000-72900000	-0.430699	0.456916	-0.29775	1.36884
chrX-74400000-74500000	-0.216007	0.106926	-0.373316	3.26812
chrX-50400000-50500000	0.150806	0.60042	0.123534	1.57796
chrX-41800000-41900000	0.295519	0.603064	0.325476	1.11151
chrX-125600000-125700000	-0.334421	-0.360862	0.217431	1.09897
chrX-69200000-69300000	-0.143913	0.393295	-0.160632	1.2906
chrX-104600000-104700000	0.052232	-0.104744	-0.226926	1.07181
chrX-131200000-131300000	0.312029	-0.113157	0.472124	1.17529
chrX-90800000-90900000	0.850831	-0.33201	-0.088241	1
chrX-4800000-4900000	-0.19822	0.322361	0.545989	1.24732
chrX-45500000-45600000	-0.045104	0.674853	0.222374	2.81158
chrX-27000000-27100000	-0.329364	0.14006	0.223668	1.14004
chrX-102800000-102900000	-0.206226	-0.079496	-0.322471	4.24817
chrX-133200000-133300000	0.263985	-0.290993	0.559032	1.10644
chrX-146400000-146500000	0.074779	-0.301263	0.4236	1.18276
chrX-67400000-67500000	-0.147751	0.565699	-0.178923	1.37695
chrX-29200000-29300000	0.315295	0.221165	0.482604	1.22137
chrX-119800000-119900000	-0.331914	-0.18491	0.195667	1.32019
chrX-89400000-89500000	0.870639	0.056602	-0.268797	1
chrX-38400000-38500000	-0.074416	0.398997	0.031228	1.6388
chrX-21600000-21700000	-0.153285	0.217531	0.223145	1.31035
chrX-120800000-120900000	0.127602	-0.20688	0.354876	1.18964
chrX-58200000-58300000	0.254779	0.654053	0.159645	1.38477
chrX-23300000-23400000	-0.145544	0.365963	0.20671	1.21928
chrX-151400000-151500000	0.00495	-0.245366	0.37858	1.04815
chrX-135400000-135500000	0.189446	-0.413076	0.306489	1.13175
chrX-137200000-137300000	0.317661	-0.324014	0.114913	1.36611
chrX-56000000-56100000	0.174367	0.411593	0.192726	1.56653
chrX-72100000-72200000	0.343733	0.330771	-0.650461	1
chrX-27800000-27900000	-0.366543	0.296633	0.159457	1.18187
chrX-18600000-18700000	-0.15117	0.493293	0.36279	1.75049
chrX-89900000-90000000	0.996385	-0.00716	-0.113305	1
chrX-148600000-148700000	0.268963	-0.558746	0.467655	3.47444
chrX-102400000-102500000	-0.163569	0.039431	-0.166742	1.91108
chrX-117600000-117700000	-0.396299	-0.104787	0.034633	2.11018
chrX-78600000-78700000	0.18632	-0.000644	-0.247061	1.13646
chrX-18000000-18100000	0.153057	0.231346	0.493111	1.12454
chrX-56800000-56900000	0.226297	0.381036	0.12134	2.90549
chrX-72600000-72700000	0.092928	0.261092	-0.341305	1.13287
chrX-115400000-115500000	-0.080485	-0.159389	-0.028778	1.08123
chrX-63800000-63900000	0.313551	0.362512	-0.171435	1.15991
chrX-81400000-81500000	0.478821	0.041072	-0.011718	1.13383
chrX-90600000-90700000	0.571003	-0.198099	-0.043058	1.83884
chrX-100200000-100300000	0.284904	-0.070244	-0.482602	2.10705
chrX-131600000-131700000	0.336035	-0.357471	0.218098	2.07073
chrX-72400000-72500000	0.145676	0.397952	-0.345664	1.33985
chrX-129600000-129700000	0.323733	-0.138976	0.163214	1.28866
chrX-7000000-7100000	-0.363836	0.073135	0.611158	3.04877
chrX-52800000-52900000	0.635094	0.682088	0.013157	1.79703
chrX-34800000-34900000	0.10041	0.539146	0.282002	1.39568
chrX-76200000-76300000	0.263899	0.080262	-0.39185	1.1018
chrX-111000000-111100000	-0.307458	-0.116926	-0.009651	1.41296
chrX-117000000-117100000	-0.246812	-0.052661	-0.056637	1.02994
chrX-117200000-117300000	-0.410091	-0.131307	-0.035603	1.6896
chrX-117800000-117900000	-0.391086	-0.098148	0.013327	2.20124
chrX-69600000-69700000	-0.199844	0.442924	-0.229621	3.02553
chrX-78000000-78100000	0.226097	0.185032	-0.396544	1.14652
chrX-9200000-9300000	-0.348548	0.072138	0.494914	1.48674
chrX-94200000-94300000	0.326154	-0.070571	-0.22136	1.16517
chrX-10000000-10100000	-0.249082	0.331263	0.499481	1.96035
chrX-135600000-135700000	0.217654	-0.423531	0.226571	1.2337
chrX-8800000-8900000	-0.135988	0.213506	0.496936	1.43466
chrX-92200000-92300000	0.666759	-0.490532	-0.456747	1
chrX-12600000-12700000	-0.097942	0.205861	0.44565	1.49927
chrX-74600000-74700000	0.134822	0.395574	-0.440216	1.08356
chrX-132400000-132500000	0.317319	-0.350518	0.302654	1.13232
chrX-102600000-102700000	-0.219069	0.037577	-0.380164	3.31618
chrX-107200000-107300000	-0.234331	-0.14957	-0.1629	1.59233
chrX-100000000-100100000	0.178717	-0.045631	-0.425863	2.29491
chrX-114200000-114300000	0.046773	-0.060062	-0.288723	1.31938
chrX-100400000-100500000	0.203881	-0.182954	-0.347454	2.82056
chrX-140000000-140100000	-0.234144	-0.433912	0.556211	1.20862
chrX-108800000-108900000	-0.113298	0.025859	-0.114936	1.36686
chrX-102500000-102600000	-0.309757	-0.223684	-0.236071	3.3985
chrX-102100000-102200000	-0.450273	-0.124545	-0.207275	1.37381
chrX-31200000-31300000	-0.118341	0.450579	0.130974	1.66716
chrX-82600000-82700000	0.360227	0.162949	0.004436	1.22305
chrX-100700000-100800000	-0.113402	-0.105516	-0.492177	1.88777
chrX-33100000-33200000	-0.145879	0.424152	0.344293	1.38465
chrX-104500000-104600000	0.266444	0.096676	-0.136233	1.10158
chrX-106300000-106400000	-0.22377	-0.24063	-0.319871	1.97633
chrX-100500000-100600000	-0.023472	-0.018097	-0.467981	1.95579
chrX-116300000-116400000	-0.240829	-0.284198	0.032699	1.1505
chrX-26400000-26500000	-0.282298	0.340704	0.552078	1.10763
chrX-105500000-105600000	-0.014885	0.015477	-0.305829	1.17142
chrX-107500000-107600000	-0.134044	0.061027	-0.221102	1.58064
chrX-116700000-116800000	0.281857	-0.335825	0.197576	1.13641
chrX-109500000-109600000	-0.313982	-0.196514	-0.106804	3.02906
chrX-77500000-77600000	-0.002843	0.407416	-0.225592	1.1602
chrX-91200000-91300000	0.851217	-0.330265	-0.093645	1
chrX-102700000-102800000	-0.423861	0.04993	-0.146513	1.67904
chrX-138100000-138200000	0.125623	-0.280769	0.109709	1.14002
chrX-22100000-22200000	-0.112518	0.391427	0.614679	1.53601
chrX-135100000-135200000	0.055982	-0.175107	0.256172	1.72195
chrX-15700000-15800000	0.042763	0.372526	0.743598	1.82589
chrX-31400000-31500000	-0.322813	0.405253	0.249539	1.41698
chrX-130700000-130800000	0.054827	-0.402185	-0.015486	1.20045
chrX-100300000-100400000	0.046041	0.086124	-0.344953	2.48255
chrX-152700000-152800000	0.095387	-0.318116	0.328284	2.29792
chrX-105100000-105200000	-0.09393	-0.13052	-0.296692	1.1747
chrX-82500000-82600000	0.269069	0.064041	-0.285594	1.24204
chrX-101100000-101200000	0.181983	0.042293	-0.061195	2.01652
chrX-11500000-11600000	-0.261393	0.297543	0.562132	1.39962
chrX-134700000-134800000	0.221911	-0.531724	0.221078	1.22518
chrX-35200000-35300000	0.244458	0.333926	0.397678	1.14689
chrX-33500000-33600000	0.079581	0.446832	0.518393	1.11186
chrX-73300000-73400000	-0.494114	0.238545	-0.292925	1.75235
chrX-99500000-99600000	0.243472	-0.001037	-0.320783	1.09961
chrX-28500000-28600000	0.078166	0.482921	0.435504	1.2519
chrX-112100000-112200000	-0.049404	0.030178	-0.068005	1.22125
chrX-51100000-51200000	0.37875	0.560749	0.165797	1.28607
chrX-19100000-19200000	-0.021013	0.12029	0.468713	1.40396
chrX-100100000-100200000	0.228862	-0.348395	-0.353203	1.50013
chrX-68100000-68200000	-0.050251	0.274746	-0.212267	2.19104
chrX-103500000-103600000	-0.372106	-0.057181	-0.083762	2.59371
chrX-103100000-103200000	-0.163097	-0.177064	-0.438023	2.00219
chrX-141100000-141200000	0.140354	-0.18095	0.413212	1.13054
chrX-73100000-73200000	-0.15488	0.469633	-0.391014	2.24287
chrX-8100000-8200000	-0.22499	0.367554	0.661494	1.1868
chrX-84200000-84300000	0.399935	0.068249	-0.073677	1.79789
chrX-46500000-46600000	0.244543	0.66226	0.081209	1.7879
chrX-116500000-116600000	0.324522	-0.198326	-0.01691	1.1594
chrX-140500000-140600000	-0.222352	-0.485519	0.662581	1.92592
chrX-15500000-15600000	0.215617	0.139387	0.606757	1.65433
chrX-101500000-101600000	-0.413907	-0.181699	-0.481001	1.49022
chrX-64000000-64100000	0.258685	0.407685	-0.072494	1.14955
chrX-6500000-6600000	0.099867	0.097446	0.585427	1.09015
chrX-47400000-47500000	-0.084482	0.749475	-0.168054	3.18054
chrX-122400000-122500000	-0.134577	-0.027514	0.021781	1.09763
chrX-85700000-85800000	0.29039	-0.071856	-0.092533	1.13188
chrX-3600000-3700000	0.059488	0.400558	0.703037	1.92607
chrX-100800000-100900000	-0.265241	0.091153	-0.305116	3.77981
chrX-22900000-23000000	-0.075951	0.194911	0.450404	1.30112
chrX-100900000-101000000	0.047849	-0.00109	-0.324773	3.03356
chrX-112900000-113000000	0.452702	-0.171773	0.025777	1.09998
chrX-12100000-12200000	-0.364698	0.120803	0.243175	1.53794
chrX-130400000-130500000	0.337302	-0.304471	0.061954	1.15437
chrX-103800000-103900000	-0.38319	-0.043615	-0.093414	1.15553
chrX-106200000-106300000	-0.149854	0.073307	-0.292383	2.04762
chrX-118200000-118300000	-0.292847	-0.087948	0.206925	1.13951
chrX-103000000-103100000	-0.107442	0.001419	-0.17944	1.5533
chrX-107400000-107500000	0.171225	-0.00727	-0.154635	1.668
chrX-43800000-43900000	0.359681	0.288364	0.279567	1.70407
chrX-126800000-126900000	0.193235	-0.124837	0.058652	1.15567
chrX-146600000-146700000	0.081867	-0.297491	0.2558	1.14202
chrX-150200000-150300000	0.18944	-0.24262	0.412719	1.14377
chrX-122800000-122900000	0.049049	-0.368444	-0.163385	2.22037
chrX-130000000-130100000	-0.004344	-0.318198	-0.008673	2.23854
chrX-102200000-102300000	-0.174054	0.049026	-0.210989	1.97051
chrX-47800000-47900000	0.345361	0.446951	0.505991	2.89723
chrX-47500000-47600000	-0.10913	0.60113	0.11393	3.4451
chrX-16500000-16600000	0.369563	0.379819	0.684215	1.68279
chrX-10100000-10200000	-0.37951	0.139737	0.286491	1.9418
chrX-23800000-23900000	0.41118	0.497354	0.492084	2.12417
chrX-105800000-105900000	0.089963	-0.047768	-0.191915	1.29788
chrX-115000000-115100000	-0.053192	-0.266742	-0.1392	1.9013
chrX-36700000-36800000	0.227039	0.307276	0.312107	1.1493
chrX-105400000-105500000	0.231987	-0.193501	-0.3625	1.03252
chrX-29100000-29200000	0.210767	0.514253	0.499143	1.17431
chrX-34600000-34700000	0.108386	0.462583	0.266254	1.59027
chrX-151600000-151700000	-0.018853	-0.223229	0.46211	1.01759
chrX-149600000-149700000	-0.069047	-0.301771	0.186134	1.69504
chrX-10200000-10300000	-0.229355	0.014541	0.534435	1.5025
chrX-137600000-137700000	0.108972	-0.279886	0.383518	1.03689
chrX-21500000-21600000	-0.36349	0.146348	0.450515	1.24994
chrX-101200000-101300000	-0.131897	0.014471	-0.005672	1.48761
chrX-114800000-114900000	-0.291082	-0.045003	-0.099164	1.90466
chrX-131000000-131100000	0.199185	-0.390869	0.20865	1.1493
chrX-94400000-94500000	0.082692	-0.18962	-0.432306	1.21752
chrX-94600000-94700000	0.270314	-0.012533	-0.158004	1.14454
chrX-96200000-96300000	-0.203106	0.109328	-0.36325	1.36454
chrX-148200000-148300000	-0.002985	-0.393958	0.257357	1.15459
chrX-23700000-23800000	0.333475	0.405508	0.785459	2.13995
chrX-108600000-108700000	0.046233	-0.047643	-0.05631	1.11137
chrX-130600000-130700000	0.233612	-0.157958	0.098436	1.15703
chrX-37600000-37700000	-0.011605	0.421193	0.029507	1.37406
chrX-13800000-13900000	-0.043714	0.395513	0.490106	1.20379
chrX-141700000-141800000	0.228895	-0.317883	0.380085	1.09955
chrX-97300000-97400000	0.373977	-0.114169	-0.306626	1.14042
chrX-46700000-46800000	-0.030494	0.493017	-0.105085	1.91498
chrX-105300000-105400000	-0.080399	-0.195383	-0.294048	1.13995
chrX-40000000-40100000	-0.109892	0.801341	0.167183	3.96923
chrX-75100000-75200000	0.158624	0.427289	-0.215762	1.10903
chrX-129900000-130000000	-0.199885	-0.101987	0.119875	1.24154
chrX-64300000-64400000	0.045038	0.40372	-0.33307	1.20632
chrX-101300000-101400000	-0.174434	-0.156455	-0.282663	1.17913
chrX-120500000-120600000	-0.198023	-0.360407	0.092507	1.17577
chrX-104200000-104300000	0.045073	-0.189546	-0.38675	1.09425
chrX-69900000-70000000	-0.082438	0.283578	-0.420413	1.17414
chrX-14400000-14500000	-0.014108	0.116508	0.330361	1.08037
chrX-116000000-116100000	0.040974	-0.263486	-0.024479	1.53249
chrX-83700000-83800000	0.359437	0.181858	-0.121883	2.17251
chrX-45800000-45900000	0.226686	0.533754	-0.056663	1.18182
chrX-151800000-151900000	0.399554	-0.329304	0.425884	1.21333
chrX-101400000-101500000	-0.412107	-0.182147	-0.480672	1.20196
chrX-125200000-125300000	-0.110452	-0.39792	0.323142	1.24543
chrX-121200000-121300000	-0.032312	-0.242563	0.045487	1.09459
chrX-81800000-81900000	0.500096	0.041503	-0.056994	1.07093
chrX-101700000-101800000	-0.415438	-0.181014	-0.481857	1.1669
chrX-86700000-86800000	0.314321	0.155038	0.000176	1.30647
chrX-124300000-124400000	0.150742	-0.141033	0.145728	1.28024
chrX-101900000-102000000	-0.450683	-0.051717	-0.200179	2.65839
chrX-44600000-44700000	0.010107	0.797889	0.198488	1.39434
chrX-15200000-15300000	-0.280653	0.208704	0.326036	1.34508
chrX-104700000-104800000	-0.04747	-0.069843	0.077399	1.10762
chrX-104100000-104200000	-0.22731	-0.027245	-0.344067	1.13261
chrX-111100000-111200000	-0.039789	-0.183964	-0.176228	1.33069
chrX-142100000-142200000	-0.262574	-0.306249	0.243606	1.17469
chrX-15800000-15900000	0.178236	0.439135	0.478803	2.99644
chrX-115500000-115600000	0.209481	-0.101209	0.111185	1.09942
chrX-11600000-11700000	-0.0499	0.181954	0.343627	1.18617
chrX-146500000-146600000	-0.22569	-0.223901	0.328439	1.1883
chrX-102300000-102400000	-0.134704	-0.26422	-0.23912	1.187
chrX-135500000-135600000	0.431613	-0.229104	0.362941	2.2406
chrX-91500000-91600000	0.670091	-0.495056	-0.457853	1.09604
chrX-142300000-142400000	-0.16212	-0.170879	0.132131	1.07419
chrX-144700000-144800000	0.130304	-0.110079	0.295015	1.09657
chrX-102900000-103000000	-0.319878	0.205587	-0.235532	2.39844
chrX-18300000-18400000	-0.125058	0.531613	0.460448	1.74197
chrX-120200000-120300000	0.109281	-0.245011	0.078811	1.09601
chrX-14100000-14200000	-0.337514	0.216269	0.516923	1.13455
chrX-147800000-147900000	0.264791	-0.358969	0.282899	1.18556
chrX-103400000-103500000	-0.09454	0.02429	-0.209331	2.83543
chrX-25700000-25800000	-0.221496	0.390864	0.500699	1.10327
chrX-132000000-132100000	0.056419	-0.285039	0.017384	1.19133
chrX-103200000-103300000	-0.463115	-0.196064	-0.341265	1.60463
chrX-47100000-47200000	-0.068462	0.730863	0.25931	1.74573
chrX-27200000-27300000	-0.075889	0.291311	0.437705	1.162
chrX-10300000-10400000	-0.467324	0.114437	0.341526	1.33934
chrX-90700000-90800000	0.849825	-0.331808	-0.086662	1.14684
chrX-26300000-26400000	-0.16702	0.429197	0.272525	1.07988
chrX-103300000-103400000	-0.33806	0.082403	-0.413808	1.92452
chrX-110700000-110800000	-0.043454	-0.203431	-0.138098	1.09841
chrX-128300000-128400000	0.248884	-0.13739	0.266872	1.62361
chrX-126700000-126800000	0.108195	-0.402033	0.194156	1.15939
chrX-57300000-57400000	0.379576	0.254244	0.327869	1.33132
chrX-54700000-54800000	0.420782	0.506763	0.156518	1.08025
chrX-10500000-10600000	-0.468697	0.141355	0.368247	1.96206
chrX-103600000-103700000	-0.335267	0.224731	-0.224537	1.09458
chrX-103700000-103800000	-0.094357	0.022142	-0.181686	1.24003
chrX-123300000-123400000	0.011964	-0.134441	0.142345	1.33962
chrX-84800000-84900000	0.509284	0.021449	-0.116036	1.20356
chrX-103900000-104000000	-0.056634	-0.089055	-0.07247	1.08394
chrX-27700000-27800000	-0.316558	0.172464	0.447395	1.24711
chrX-150800000-150900000	-0.028561	-0.295954	0.499748	1.1565
chrX-125000000-125100000	0.071679	-0.286503	0.090409	1.12153
chrX-56600000-56700000	0.44516	0.681036	0.224602	1.30101
chrX-70500000-70600000	0.117997	0.453777	-0.389413	3.19273
chrX-119400000-119500000	-0.255368	-0.314102	0.182298	1.16165
chrX-36400000-36500000	-0.063017	0.54333	0.210071	1.15605
chrX-10400000-10500000	-0.202577	0.187271	0.199814	1.6476
chrX-74700000-74800000	0.036376	0.084819	-0.45792	1.35053
chrX-36000000-36100000	-0.152649	0.597866	0.313267	1.09508
chrX-104800000-104900000	0.129691	0.132455	-0.09206	1.12392
chrX-29700000-29800000	-0.442549	0.267228	0.357969	1.38925
chrX-104000000-104100000	0.055738	0.110624	-0.290555	1.11291
chrX-27500000-27600000	-0.317388	0.152968	0.236854	1.24277
chrX-16300000-16400000	0.237466	0.127821	0.680558	1.26286
chrX-104300000-104400000	0.245006	-0.066636	-0.164872	1.11391
chrX-138500000-138600000	-0.251973	-0.308893	0.22128	1.13754
chrX-82100000-82200000	0.318908	0.25714	-0.026463	1.17269
chrX-115100000-115200000	0.239576	-0.41498	-0.11187	1.14973
chrX-129100000-129200000	0.25529	-0.268048	0.048335	2.7531
chrX-25300000-25400000	-0.274116	0.227251	0.239086	1.21794
chrX-18500000-18600000	-0.068872	0.188727	0.316068	1.40239
chrX-104400000-104500000	-0.016742	0.013596	-0.003316	1.13491
chrX-104900000-105000000	0.315002	-0.134015	-0.085961	1.10462
chrX-31100000-31200000	-0.357255	0.289646	0.254716	1.20091
chrX-122100000-122200000	0.161545	-0.377784	0.24142	1.13991
chrX-105700000-105800000	-0.143052	-0.263964	-0.179527	1.11206
chrX-93600000-93700000	0.093887	0.099438	-0.36121	1.17285
chrX-105900000-106000000	-0.228346	-0.084378	-0.221628	1.52246
chrX-54600000-54700000	0.325354	0.735911	-0.022417	1.87139
chrX-149400000-149500000	-0.052379	-0.281671	0.177568	1.4613
chrX-43600000-43700000	-0.003504	0.351572	0.057085	1.12248
chrX-139200000-139300000	0.178443	-0.308736	0.543081	1.20185
chrX-29900000-30000000	-0.086165	0.68131	0.213317	1.42129
chrX-25600000-25700000	-0.01363	0.267722	0.28846	1.10969
chrX-12400000-12500000	-0.231072	0.124161	0.626691	1.70779
chrX-10600000-10700000	-0.396654	0.424596	0.248982	1.42701
chrX-35600000-35700000	-0.167883	0.322629	0.319923	1.16172
chrX-121100000-121200000	0.255168	-0.332269	0.143351	1.16098
chrX-75200000-75300000	0.175777	0.175319	-0.41938	1.12369
chrX-106100000-106200000	-0.320898	-0.120386	-0.11494	2.08598
chrX-11300000-11400000	-0.239809	0.123744	0.319004	1.43407
chrX-119200000-119300000	-0.145413	-0.559675	-0.241289	1.34638
chrX-132600000-132700000	0.45198	-0.097008	0.336992	1.25743
chrX-14000000-14100000	-0.439203	0.108452	0.231724	2.79866
chrX-25100000-25200000	-0.029595	0.094652	0.556616	1.1298
chrX-106400000-106500000	-0.358728	0.014495	-0.171859	1.09984
chrX-139600000-139700000	0.071951	-0.295086	0.09262	1.4606
chrX-106500000-106600000	-0.145462	-0.215192	-0.217492	1.12935
chrX-108700000-108800000	-0.023759	-0.170292	-0.345298	2.01668
chrX-75000000-75100000	0.404964	0.227486	-0.27235	1.14581
chrX-143100000-143200000	-0.497972	-0.409048	0.407148	1.13013
chrX-71000000-71100000	-0.064894	0.636665	-0.43211	1.23113
chrX-73700000-73800000	0.082478	0.229765	-0.272558	2.02515
chrX-39200000-39300000	0.069962	0.449454	0.051178	1.156
chrX-22500000-22600000	0.113676	0.182275	0.679762	1.22915
chrX-11700000-11800000	-0.362985	0.134807	0.334567	2.92688
chrX-35000000-35100000	0.047783	0.684442	0.260476	1.18939
chrX-49600000-49700000	0.065268	0.495836	0.178058	2.64671
chrX-45700000-45800000	-0.061408	0.445576	0.008711	1.96615
chrX-106600000-106700000	0.046348	0.041164	-0.210368	1.14825
chrX-37500000-37600000	0.106756	0.462804	0.316399	1.74181
chrX-99400000-99500000	0.049788	0.09664	-0.084428	1.14939
chrX-108500000-108600000	0.172098	-0.24716	-0.256883	1.23324
chrX-28100000-28200000	-0.072579	0.420437	0.389663	1.57649
chrX-20100000-20200000	0.213898	0.455993	0.442486	2.03332
chrX-106700000-106800000	-0.211888	0.025821	-0.024124	1.28301
chrX-38200000-38300000	-0.033083	0.427911	-0.020666	1.13214
chrX-29600000-29700000	-0.223819	0.456457	0.452672	2.17904
chrX-110000000-110100000	-0.134653	-0.003358	-0.304655	1.21381
chrX-32000000-32100000	0.159694	0.303126	0.434535	1.1654
chrX-12200000-12300000	-0.303022	0.054163	0.555507	1.7825
chrX-106800000-106900000	-0.514074	0.062126	0.005667	3.08934
chrX-106900000-107000000	-0.319164	-0.073837	-0.202355	2.11491
chrX-18700000-18800000	0.131605	0.342557	0.407385	1.22118
chrX-136000000-136100000	0.231982	-0.290629	0.475396	1.24724
chrX-136800000-136900000	0.426451	-0.288579	0.340134	1.08567
chrX-140400000-140500000	-0.051182	-0.308552	0.465433	1.30173
chrX-10700000-10800000	-0.613362	0.301347	0.443879	1.49895
chrX-127600000-127700000	0.245561	-0.02276	0.277172	1.15988
chrX-54100000-54200000	0.436015	0.686747	-0.06631	1.61502
chrX-56300000-56400000	0.495756	0.59843	0.062125	1.2779
chrX-143400000-143500000	0.079205	-0.27035	0.36785	1.13895
chrX-148000000-148100000	0.056672	-0.067989	0.196275	1.27257
chrX-107000000-107100000	-0.00536	-0.080832	-0.226412	2.30461
chrX-119900000-120000000	-0.275976	-0.465834	0.054337	1.18993
chrX-12700000-12800000	-0.253782	0.295974	0.187232	1.21193
chrX-9800000-9900000	-0.161736	0.167908	0.442155	2.43712
chrX-51500000-51600000	0.125922	0.546225	0.02078	1.79015
chrX-149500000-149600000	0.240345	-0.320663	0.214966	2.09184
chrX-107100000-107200000	-0.192974	-0.07322	-0.476758	1.15872
chrX-123100000-123200000	0.073611	-0.246116	0.165658	1.74714
chrX-107300000-107400000	-0.115019	0.130851	-0.221744	2.24965
chrX-13300000-13400000	-0.372072	0.368923	0.472547	1.72867
chrX-57600000-57700000	0.453171	0.269048	0.285287	1.93103
chrX-29800000-29900000	-0.256319	0.426365	0.158782	1.24132
chrX-107600000-107700000	-0.179508	-0.241575	-0.241857	1.92678
chrX-31500000-31600000	-0.015347	0.454253	0.323623	1.4676
chrX-17500000-17600000	-0.213306	0.399684	0.441438	2.08803
chrX-113100000-113200000	-0.037448	-0.29942	-0.128954	1.13857
chrX-107700000-107800000	0.07912	-0.234182	-0.415766	1.49077
chrX-43400000-43500000	0.328736	0.479476	-0.045974	1.21822
chrX-69400000-69500000	-0.173491	0.38938	-0.141751	1.30439
chrX-107800000-107900000	0.075144	0.023591	-0.22878	1.34923
chrX-107900000-108000000	0.248616	-0.225368	-0.113941	1.37262
chrX-32200000-32300000	-0.277002	0.190731	0.120145	1.10079
chrX-74300000-74400000	-0.32147	0.383535	-0.236572	2.03797
chrX-98000000-98100000	0.158439	0.170847	-0.253678	1.08012
chrX-21200000-21300000	-0.140968	0.380496	0.594915	1.16557
chrX-10800000-10900000	-0.318478	0.200952	0.366789	1.25521
chrX-29300000-29400000	0.180697	0.365538	0.723517	1.2058
chrX-65400000-65500000	0.03869	0.270231	-0.283979	1.107
chrX-27600000-27700000	-0.05548	0.313541	0.327063	1.25559
chrX-108000000-108100000	0.124881	-0.141572	-0.400127	1.25571
chrX-12500000-12600000	-0.39613	0.187874	0.358756	1.25125
chrX-96700000-96800000	-0.243068	-0.101199	-0.123193	1.19644
chrX-19500000-19600000	0.318967	0.494227	0.514025	1.93305
chrX-130100000-130200000	0.221054	-0.254584	0.221649	1.17532
chrX-75600000-75700000	0.182458	0.387174	-0.284461	1.9404
chrX-109100000-109200000	-0.348236	0.071757	-0.283126	1.28847
chrX-142500000-142600000	0.00583	-0.351569	0.260935	1.1628
chrX-55300000-55400000	0.338385	0.568814	0.211248	1.18423
chrX-9700000-9800000	-0.380137	0.357882	0.546723	1.53422
chrX-39600000-39700000	-0.01925	0.608223	-0.093232	3.23404
chrX-108100000-108200000	-0.1412	-0.227361	-0.262393	1.14469
chrX-129500000-129600000	0.335476	-0.450983	0.09949	2.05875
chrX-108300000-108400000	0.169323	-0.216586	-0.26256	1.02324
chrX-95200000-95300000	0.496962	-0.046058	-0.051781	1.21729
chrX-133700000-133800000	0.339447	-0.192156	0.147503	2.06258
chrX-77300000-77400000	-0.348259	0.429298	-0.331519	2.95646
chrX-39900000-40000000	0.138364	0.62759	0.255711	3.40821
chrX-127200000-127300000	-0.041249	-0.225669	0.321912	1.21128
chrX-108400000-108500000	0.153401	0.002605	-0.452813	1.10395
chrX-108900000-109000000	0.13468	-0.121397	-0.251592	2.40162
chrX-10900000-11000000	-0.109876	0.057654	0.555602	1.33636
chrX-149200000-149300000	0.180889	-0.169469	0.675985	1.87372
chrX-109200000-109300000	-0.317073	-0.171831	-0.100647	2.08751
chrX-129200000-129300000	0.048566	-0.451184	-0.08905	3.28068
chrX-124500000-124600000	-0.208943	-0.277834	0.19153	1.16039
chrX-128700000-128800000	0.405703	-0.249396	0.119338	1.99346
chrX-109300000-109400000	-0.448217	0.009656	-0.324756	1.56043
chrX-34500000-34600000	-0.204419	0.455621	0.217966	1.20796
chrX-111600000-111700000	-0.350924	0.054432	-0.055727	1.16207
chrX-50600000-50700000	0.217243	0.515789	0.084315	1.17746
chrX-29500000-29600000	0.06554	0.311379	0.482387	1.17929
chrX-109400000-109500000	-0.356501	0.095031	-0.021314	1.82875
chrX-36800000-36900000	-0.056603	0.39768	0.185486	1.05211
chrX-109600000-109700000	-0.401177	0.101757	-0.072868	2.42168
chrX-118400000-118500000	-0.232834	-0.266692	0.23184	1.17688
chrX-63700000-63800000	0.606037	0.447016	-0.129165	1.23004
chrX-43700000-43800000	0.163168	0.543662	0.24905	1.29737
chrX-154400000-154500000	0.297509	-0.103292	0.5116	2.80839
chrX-78400000-78500000	0.03799	0.120285	-0.161978	1.11912
chrX-109800000-109900000	-0.046364	-0.24489	-0.333951	1.19455
chrX-33400000-33500000	0.116659	0.168941	0.358246	1.21715
chrX-135300000-135400000	-0.095935	-0.302918	0.401874	2.54862
chrX-109900000-110000000	-0.255654	-0.216656	-0.111804	1.28411
chrX-22300000-22400000	0.120327	0.144305	0.465852	1.32275
chrX-17400000-17500000	-0.017162	0.170808	0.356055	1.45894
chrX-109700000-109800000	-0.304761	-0.186034	-0.183804	1.20107
chrX-114100000-114200000	0.267692	-0.221311	-0.155839	1.18678
chrX-114300000-114400000	-0.259337	-0.070782	-0.351334	1.46547
chrX-19800000-19900000	0.039426	0.407169	0.717665	1.78766
chrX-62800000-62900000	0.393126	0.466149	0.002085	1.38815
chrX-147500000-147600000	0.20847	-0.052424	0.312039	1.13552
chrX-123500000-123600000	0.057678	-0.086474	0.265092	1.22678
chrX-26000000-26100000	-0.127122	0.250646	0.432313	1.1996
chrX-5700000-5800000	-0.316569	0.066709	0.468517	1.19047
chrX-152300000-152400000	0.60181	-0.27356	0.733892	1.23995
chrX-11000000-11100000	-0.396469	0.170882	0.56468	1.24006
chrX-111500000-111600000	-0.289083	-0.227769	-0.192078	1.16424
chrX-110100000-110200000	0.061097	-0.223822	-0.202197	1.14069
chrX-139700000-139800000	-0.211089	-0.446015	0.091886	1.62199
chrX-66200000-66300000	0.048166	0.324518	-0.144919	1.18361
chrX-150500000-150600000	-0.118128	-0.342712	0.417602	2.79318
chrX-136500000-136600000	0.233416	-0.380922	0.15356	1.69873
chrX-110200000-110300000	0.060744	0.082206	-0.120355	1.27971
chrX-123600000-123700000	0.376382	-0.07187	0.252998	1.18389
chrX-143200000-143300000	-0.498251	-0.410086	0.405601	1
chrX-6800000-6900000	-0.325849	0.169017	0.673362	1.3314
chrX-127000000-127100000	0.052478	-0.184085	0.042796	1.07947
chrX-134800000-134900000	0.354811	-0.791801	0.243689	1.10842
chrX-143000000-143100000	-0.274175	-0.212416	0.320188	1.19796
chrX-20700000-20800000	-0.023051	0.104459	0.560604	1.16486
chrX-110300000-110400000	-0.134554	-0.148943	-0.195368	1.16414
chrX-139300000-139400000	-0.046876	-0.489626	0.445961	1.17629
chrX-129700000-129800000	0.287563	-0.369385	-0.064357	1.16137
chrX-30700000-30800000	-0.411959	0.189241	0.135476	1.39371
chrX-30100000-30200000	-0.120075	0.328391	0.195285	1.4655
chrX-137800000-137900000	0.051604	-0.264134	0.442857	1.17015
chrX-54800000-54900000	0.282503	0.809007	0.145895	3.83745
chrX-110400000-110500000	0.145845	0.023129	-0.201288	1.08698
chrX-90200000-90300000	0.987493	-0.039203	0.14763	1.26252
chrX-110500000-110600000	0.050823	-0.177457	0.031043	1.16103
chrX-13100000-13200000	-0.356315	0.474406	0.301219	1.64136
chrX-57700000-57800000	0.338025	0.486176	0.079767	1.14112
chrX-4700000-4800000	-0.380754	0.176861	0.332525	1.12681
chrX-123700000-123800000	0.119108	-0.143105	0.084391	1.12995
chrX-27100000-27200000	-0.18348	0.416895	0.160383	1.21552
chrX-23500000-23600000	-0.163972	0.39829	0.550746	1.12695
chrX-123000000-123100000	-0.120743	-0.467218	0.283424	3.12486
chrX-110600000-110700000	-0.211019	0.003736	0.031575	1.09947
chrX-56500000-56600000	0.490652	0.401943	0.357223	2.86932
chrX-136600000-136700000	-0.070961	-0.356164	0.067726	1.14002
chrX-94800000-94900000	0.290111	0.031431	-0.032531	1.11057
chrX-145000000-145100000	0.195892	-0.042116	0.201279	1.13272
chrX-38500000-38600000	0.163307	0.500226	0.225186	1.15518
chrX-3400000-3500000	-0.40123	0.073382	0.601053	2.02776
chrX-110800000-110900000	0.205108	-0.080275	-0.294315	1.18971
chrX-25200000-25300000	0.006314	0.338188	0.358175	1.07882
chrX-133000000-133100000	0.260368	-0.238163	0.121807	1.14312
chrX-138200000-138300000	0.387926	-0.128991	0.188797	1.23282
chrX-78100000-78200000	0.431464	0.072338	-0.171862	1.07904
chrX-154900000-155000000	0.534602	-0.433832	0.364594	1.2668
chrX-132900000-133000000	-0.022582	-0.21703	0.240548	1.23333
chrX-110900000-111000000	-0.06515	0.029281	-0.147577	2.947
chrX-118900000-119000000	-0.481448	-0.208456	0.059089	2.40236
chrX-3500000-3600000	-0.19492	0.240747	0.751181	1.60447
chrX-11100000-11200000	-0.362349	0.039265	0.276325	2.26517
chrX-111200000-111300000	-0.061472	0.077134	-0.015375	1.16189
chrX-145800000-145900000	-0.097079	-0.23642	0.692021	1.16174
chrX-63000000-63100000	0.471865	0.289571	0.118238	1.52068
chrX-67300000-67400000	0.136381	0.43885	-0.257629	1.25523
chrX-27300000-27400000	-0.349921	0.402143	0.311589	1.23014
chrX-141000000-141100000	-0.109637	-0.091359	0.592658	1.14131
chrX-78800000-78900000	0.008356	0.184128	-0.035655	1.14575
chrX-153600000-153700000	-0.502487	-0.109766	0.28981	7.1652
chrX-153000000-153100000	-0.604521	-0.331497	0.165251	4.15498
chrX-112000000-112100000	-0.362654	0.00347	-0.0273	1.39738
chrX-141400000-141500000	-0.116279	-0.408067	0.399417	1.13897
chrX-69500000-69600000	-0.416062	0.209224	-0.179595	1.72875
chrX-37000000-37100000	0.036247	0.828209	0.209007	1.2669
chrX-111300000-111400000	-0.16596	-0.186751	-0.156079	1.27444
chrX-73200000-73300000	-0.244319	0.327803	-0.124545	1.75997
chrX-128100000-128200000	0.349508	-0.153522	0.195664	1.14799
chrX-64600000-64700000	-0.168703	0.456575	-0.35977	1.18988
chrX-24200000-24300000	0.270207	0.277612	0.565652	1.79539
chrX-77200000-77300000	-0.238083	0.178267	-0.168285	1.39063
chrX-111700000-111800000	-0.219238	-0.016491	-0.336694	1.21453
chrX-62700000-62800000	0.222654	0.497316	-0.276368	1.83138
chrX-88800000-88900000	0.812155	0.190329	-0.364053	1
chrX-47600000-47700000	0.173145	0.562708	-0.01332	2.14973
chrX-154800000-154900000	0.389674	-0.177742	0.333326	3.36289
chrX-152000000-152100000	0.401041	-0.072935	0.428759	1.79113
chrX-117400000-117500000	-0.385236	-0.114071	0.061967	3.11637
chrX-135000000-135100000	0.107297	-0.449761	0.404672	2.71473
chrX-70000000-70100000	-0.335044	0.309028	-0.22683	1.12027
chrX-111800000-111900000	-0.440546	0.000628	-0.111066	1.87417
chrX-114400000-114500000	-0.387646	-0.069868	-0.06014	1.92391
chrX-119000000-119100000	-0.241443	-0.401906	0.059797	3.43391
chrX-111900000-112000000	-0.221976	0.044512	-0.310396	1.42637
chrX-3100000-3200000	-0.208106	0.274631	0.546094	2.33414
chrX-55000000-55100000	0.470229	0.242582	0.276644	2.44099
chrX-11200000-11300000	-0.472476	0.334164	0.305142	1.71112
chrX-54300000-54400000	0.5559	0.526049	0.142476	2.10369
chrX-112200000-112300000	-0.19451	-0.215747	-0.207594	1.4034
chrX-46200000-46300000	-0.076958	0.765386	-0.018713	1.4658
chrX-11800000-11900000	-0.196656	0.207523	0.599091	1.26074
chrX-24000000-24100000	0.359486	0.362084	0.54349	2.83583
chrX-112300000-112400000	0.120749	-0.175676	-0.21399	1.09492
chrX-141200000-141300000	0.440258	-0.142965	0.305567	1.15579
chrX-9600000-9700000	-0.3409	0.186512	0.301176	2.4155
chrX-18400000-18500000	-0.242405	0.256227	0.57495	1.70163
chrX-112400000-112500000	-0.180378	-0.276878	-0.210957	1.14905
chrX-131400000-131500000	0.323231	-0.030305	0.460207	1.16708
chrX-112500000-112600000	-0.319414	-0.062188	-0.031313	1.1596
chrX-112600000-112700000	-0.119881	-0.180601	-0.252923	1.25862
chrX-12300000-12400000	-0.37946	0.334002	0.452868	1.63633
chrX-112700000-112800000	0.13211	-0.364661	-0.243441	1.23484
chrX-36500000-36600000	-0.279521	0.344919	0.094462	1.06308
chrX-150400000-150500000	0.180274	-0.277799	0.444388	1.11217
chrX-141800000-141900000	-0.054507	-0.202095	0.493914	1.06976
chrX-112800000-112900000	0.14179	-0.13486	-0.019625	1.14891
chrX-118800000-118900000	-0.255144	-0.389669	0.197274	1.95879
chrX-134200000-134300000	0.284244	-0.66885	0.067858	1.52229
chrX-90000000-90100000	0.99004	-0.038974	0.14891	1
chrX-4600000-4700000	-0.239603	0.411236	0.499624	1.30696
chrX-38000000-38100000	0.088425	0.469053	0.020264	1.91435
chrX-151000000-151100000	0.036039	-0.392261	0.39562	1.64386
chrX-133600000-133700000	0.353954	-0.230104	0.442683	3.06495
chrX-139000000-139100000	0.2253	-0.394481	0.283703	3.06253
chrX-45000000-45100000	-0.319814	0.497046	-0.003927	1.38355
chrX-114000000-114100000	0.002439	-0.376834	-0.24433	1.1123
chrX-115800000-115900000	0.107324	-0.118382	0.040628	1.12076
chrX-113000000-113100000	0.253534	-0.197011	-0.218924	1.16126
chrX-119600000-119700000	-0.06386	-0.139024	0.376266	2.97281
chrX-113200000-113300000	-0.09025	0.004535	-0.201801	1.1053
chrX-118000000-118100000	0.135308	-0.354171	-0.061269	1.17312
chrX-113300000-113400000	-0.190191	-0.263981	-0.060308	1.02906
chrX-5200000-5300000	0.233409	0.195325	0.39694	1.11782
chrX-78500000-78600000	0.326186	0.250881	-0.107355	1.05082
chrX-78700000-78800000	0.169892	0.316059	-0.284416	1.15648
chrX-144600000-144700000	-0.010542	-0.391717	0.354182	1.16225
chrX-16200000-16300000	0.39213	0.379127	0.64435	1.92784
chrX-113400000-113500000	0.084036	-0.120103	-0.1505	1.1273
chrX-28200000-28300000	-0.35941	0.293633	0.41785	1.18349
chrX-113500000-113600000	0.101598	-0.394651	-0.310271	1.1763
chrX-117500000-117600000	-0.216125	-0.335475	-0.08768	1.75824
chrX-46100000-46200000	-0.250171	0.48527	0.010819	1.19341
chrX-117300000-117400000	-0.121789	-0.269633	-0.054071	1.20722
chrX-139100000-139200000	0.447497	-0.190543	0.416062	1.43868
chrX-140700000-140800000	-0.00716	-0.280795	0.556551	1.24164
chrX-66500000-66600000	0.067891	0.126118	-0.288238	1.2117
chrX-113700000-113800000	-0.015818	-0.210421	-0.332939	1.0878
chrX-144300000-144400000	-0.264344	-0.171862	0.327973	1.17675
chrX-134300000-134400000	0.459195	-0.568291	0.297161	1.28816
chrX-41500000-41600000	0.241302	0.643854	0.339111	1.39595
chrX-113800000-113900000	-0.217422	-0.078544	-0.129098	1.15496
chrX-11900000-12000000	-0.334391	0.035291	0.385587	1.65458
chrX-113900000-114000000	0.014916	-0.232913	0.0252	1.19221
chrX-51000000-51100000	0.242162	0.275001	0.166944	1.17375
chrX-138300000-138400000	0.206068	-0.222459	0.426314	1.10144
chrX-39800000-39900000	0.010873	0.610801	-0.02708	2.31898
chrX-79800000-79900000	-0.299943	0.162763	-0.249646	1.15372
chrX-19400000-19500000	0.07033	0.355959	0.638137	1.25875
chrX-11400000-11500000	-0.519655	0.148711	0.46454	1.80724
chrX-84100000-84200000	0.675946	0.194203	0.025635	1.11231
chrX-147700000-147800000	0.213062	-0.046897	0.284745	1.12059
chrX-136100000-136200000	0.198956	-0.4056	0.186107	1.19198
chrX-93400000-93500000	0.443742	-0.141285	0.064908	1.09077
chrX-154100000-154200000	-0.342043	-0.231721	0.268074	1.27724
chrX-84000000-84100000	0.46077	0.14966	0.259336	1.20694
chrX-114500000-114600000	-0.158785	0.149808	-0.080894	1.39613
chrX-148800000-148900000	0.060241	-0.313357	0.733611	1.11606
chrX-147600000-147700000	-0.093877	-0.078487	0.212582	1.3287
chrX-114600000-114700000	-0.437507	-0.011734	-0.053467	1.34826
chrX-42300000-42400000	0.392955	0.482322	0.168007	1.2036
chrX-114700000-114800000	-0.474429	0.01887	-0.336892	2.56693
chrX-125700000-125800000	-0.102793	-0.339606	-0.008462	1.13887
chrX-114900000-115000000	-0.270714	-0.193773	-0.388446	1.2439
chrX-115200000-115300000	0.205789	-0.143491	-0.287012	1.17919
chrX-116400000-116500000	0.042574	-0.291255	-0.132481	1.2033
chrX-145400000-145500000	-0.009297	-0.138317	0.155637	1.07678
chrX-41100000-41200000	0.235164	0.606453	0.408675	5.04541
chrX-152800000-152900000	-0.214935	-0.256237	0.313139	2.13695
chrX-142800000-142900000	-0.195106	-0.210805	0.364284	1.09545
chrX-53100000-53200000	0.560138	0.331052	0.263418	2.75457
chrX-115300000-115400000	0.232846	-0.247707	0.018704	1.16498
chrX-53700000-53800000	0.11015	0.617913	-0.196365	3.84367
chrX-115700000-115800000	0.389833	-0.21809	0.117587	1.06633
chrX-126300000-126400000	0.09133	-0.381669	0.364575	1.08222
chrX-44700000-44800000	-0.250997	0.705789	0.055855	4.21127
chrX-151700000-151800000	0.239685	-0.089378	0.346888	1.11492
chrX-115900000-116000000	0.351789	-0.328431	0.004516	1.19599
chrX-116100000-116200000	0.338196	-0.231932	0.09973	1.1187
chrX-130300000-130400000	0.235798	-0.268011	0.355925	1.14693
chrX-131500000-131600000	0.477983	-0.067517	0.201781	1.19495
chrX-116200000-116300000	0.051196	-0.157386	-0.023071	1.17417
chrX-116600000-116700000	0.03161	-0.323178	-0.003081	1.07555
chrX-38800000-38900000	-0.010754	0.459708	0.137938	1.31827
chrX-116800000-116900000	0.218132	-0.067881	0.029941	1.1723
chrX-141600000-141700000	-0.009005	-0.112599	0.412254	1.09706
chrX-72300000-72400000	0.383854	0.269404	-0.187842	1.05201
chrX-72700000-72800000	-0.151965	0.447771	-0.442874	2.71968
chrX-152900000-153000000	-0.318684	-0.448524	0.097483	3.35634
chrX-116900000-117000000	-0.012262	-0.271226	-0.052189	1.12248
chrX-140900000-141000000	0.021379	-0.322623	0.412515	1.13765
chrX-63900000-64000000	0.427545	0.168717	0.046302	1.06369
chrX-136300000-136400000	0.082188	-0.133903	0.203228	1.11293
chrX-117100000-117200000	-0.213771	-0.327179	0.115486	1.11975
chrX-51600000-51700000	0.301713	0.61423	0.266668	4.11233
chrX-134100000-134200000	0.148794	-0.500403	0.258007	3.26614
chrX-144100000-144200000	-0.179173	-0.087007	0.284912	1.12576
chrX-42500000-42600000	0.131026	0.355803	0.362501	1.19911
chrX-147100000-147200000	0.329314	-0.156404	0.477979	1.16798
chrX-99300000-99400000	0.251576	-0.127332	-0.203896	1.14371
chrX-117700000-117800000	-0.142113	-0.272134	0.032743	1.44346
chrX-127100000-127200000	0.274233	-0.241115	0.26665	1.29874
chrX-79000000-79100000	0.101646	0.135632	-0.126348	1.126
chrX-117900000-118000000	-0.16246	-0.283298	-0.118934	1.39375
chrX-46800000-46900000	0.126967	0.550094	0.14094	1.49154
chrX-35500000-35600000	-0.076808	0.37362	0.026665	1.08945
chrX-118100000-118200000	-0.126892	-0.202442	-0.027756	1.38376
chrX-118300000-118400000	-0.285613	-0.216117	-0.078459	2.50085
chrX-118500000-118600000	-0.422596	-0.190612	-0.000296	2.6462
chrX-66600000-66700000	-0.191039	0.295302	-0.231383	1.14583
chrX-50500000-50600000	-0.044254	0.446993	-0.062351	2.01942
chrX-118600000-118700000	-0.303553	-0.374405	0.237809	2.71492
chrX-118700000-118800000	-0.207505	-0.093834	0.304321	2.43395
chrX-46600000-46700000	-0.043489	0.728661	0.107812	3.02662
chrX-127500000-127600000	0.220708	-0.324327	0.377501	1.27626
chrX-142700000-142800000	0.085094	-0.08001	0.270554	1.10649
chrX-84500000-84600000	0.543695	0.057319	0.18741	1.14884
chrX-4100000-4200000	-0.331212	0.250453	0.531401	1.24026
chrX-119100000-119200000	-0.005684	-0.629764	0.047956	1.14861
chrX-82200000-82300000	0.515753	0.015868	-0.024458	1.19854
chrX-134500000-134600000	0.386956	-0.148241	0.209901	1.29399
chrX-95000000-95100000	0.142054	-0.029642	-0.310992	1.1184
chrX-95700000-95800000	0.1172	0.133451	-0.352261	1.30075
chrX-121700000-121800000	-0.088275	-0.37121	0.252779	1.39547
chrX-127700000-127800000	0.069464	-0.185184	0.064055	1.18085
chrX-48700000-48800000	0.194517	0.712854	0.220035	4.24579
chrX-119300000-119400000	-0.044058	-0.529494	0.076674	2.59535
chrX-79700000-79800000	-0.07076	0.376658	-0.295782	1.11249
chrX-148700000-148800000	0.002651	-0.411385	0.427027	2.23291
chrX-77100000-77200000	0.038166	0.215387	-0.329465	2.12802
chrX-119500000-119600000	0.057489	-0.346582	0.169582	1.32835
chrX-154300000-154400000	0.036021	-0.021997	0.353337	1.95148
chrX-119700000-119800000	-0.122095	-0.433389	0.279888	2.68301
chrX-52600000-52700000	0.636417	0.68193	0.011825	1.12638
chrX-149000000-149100000	0.334918	-0.541547	0.584989	1.33405
chrX-76600000-76700000	-0.169553	0.565153	-0.390859	1.17308
chrX-85100000-85200000	0.503067	0.117592	-0.119845	1.35745
chrX-120000000-120100000	-0.368429	-0.622719	-0.000316	1.04336
chrX-121800000-121900000	0.089929	-0.236075	0.483553	1.14978
chrX-146000000-146100000	-0.277902	-0.065201	0.181822	1.12229
chrX-70600000-70700000	0.104188	0.175672	-0.49311	1.65945
chrX-120100000-120200000	-0.135426	-0.448232	0.071298	1.15042
chrX-42000000-42100000	0.367023	0.335187	0.202665	1.14169
chrX-120300000-120400000	-0.185724	-0.355773	0.075238	1.13807
chrX-93500000-93600000	0.329924	-0.074533	-0.221541	1.15706
chrX-127300000-127400000	-0.12707	-0.414441	0.071872	1.06817
chrX-120400000-120500000	-0.217074	-0.042674	0.123092	1.12788
chrX-132200000-132300000	0.071584	-0.416771	0.242681	1.12732
chrX-146200000-146300000	0.045227	-0.400414	0.428322	1.15135
chrX-152200000-152300000	0.670838	-0.366639	0.44306	1.69056
chrX-120600000-120700000	0.065297	-0.365876	0.268434	1.1306
chrX-14500000-14600000	-0.238983	0.262547	0.155817	1.26598
chrX-40700000-40800000	-0.341059	0.397351	0.126082	1.74643
chrX-37800000-37900000	0.483896	0.380503	0.410086	1.24567
chrX-122500000-122600000	-0.203915	-0.246938	0.241649	1.16111
chrX-73400000-73500000	-0.205324	0.174856	-0.17428	1.72333
chrX-126500000-126600000	0.117666	-0.3706	0.321128	1.1435
chrX-132700000-132800000	0.154105	-0.173093	0.438134	1.21097
chrX-120700000-120800000	0.059517	-0.119005	0.058335	1.10234
chrX-129300000-129400000	0.314754	-0.341062	-0.028505	1.98469
chrX-73000000-73100000	-0.293762	0.210622	-0.266518	2.1475
chrX-120900000-121000000	0.365163	-0.235549	0.144452	1.25497
chrX-37400000-37500000	-0.150993	0.62011	0.253683	1.1312
chrX-153500000-153600000	-0.525972	-0.371997	0.107678	4.41086
chrX-132300000-132400000	0.236381	-0.276929	0.006074	1.19953
chrX-42400000-42500000	0.089191	0.569118	0.120938	1.15961
chrX-121300000-121400000	-0.34283	-0.198032	0.135458	1.1693
chrX-13200000-13300000	-0.453597	0.192955	0.239054	1.47575
chrX-49900000-50000000	0.328418	0.580267	0.393686	1.18861
chrX-121400000-121500000	-0.194853	-0.461686	0.22935	1.14106
chrX-152500000-152600000	0.536613	0.003959	0.582451	2.52369
chrX-121500000-121600000	0.085764	-0.378201	0.108121	1.1521
chrX-145100000-145200000	0.130191	-0.237426	0.442304	1.15769
chrX-36600000-36700000	0.00574	0.470824	0.154103	1.09391
chrX-25500000-25600000	-0.29367	0.154277	0.392592	1.11159
chrX-121600000-121700000	-0.142036	-0.173308	0.011	1.09282
chrX-121900000-122000000	-0.098168	-0.097191	0.264182	1.21624
chrX-52100000-52200000	0.487694	0.809041	-0.19409	1.21895
chrX-18100000-18200000	-0.12466	0.351671	0.449184	1.09434
chrX-81300000-81400000	0.243784	0.021469	-0.227986	1.14321
chrX-122000000-122100000	0.207815	-0.055605	0.235461	1.08288
chrX-92100000-92200000	0.666268	-0.492256	-0.457322	1
chrX-26600000-26700000	-0.386053	0.231049	0.11874	1.42271
chrX-122300000-122400000	0.049923	-0.164876	0.243139	1.18741
chrX-79500000-79600000	0.027173	0.144525	-0.07551	1.13895
chrX-150700000-150800000	0.176479	-0.124445	0.331459	1.19605
chrX-122700000-122800000	0.171138	-0.213982	0.095408	1.21493
chrX-122900000-123000000	-0.104966	-0.588325	-0.005754	2.30848
chrX-123200000-123300000	-0.21288	-0.357464	0.074007	1.57068
chrX-58500000-58600000	0.812913	0.306574	0.387355	1.7149
chrX-123400000-123500000	0.109181	-0.403512	0.284968	1.13183
chrX-89700000-89800000	0.869816	0.055317	-0.268376	1
chrX-21800000-21900000	-0.266457	0.495602	0.213896	2.17537
chrX-123800000-123900000	0.413222	-0.226417	0.15364	1.15665
chrX-134400000-134500000	0.241345	-0.411087	0.131198	2.77746
chrX-138000000-138100000	0.255919	-0.108465	0.341026	1.15203
chrX-52900000-53000000	0.511006	0.640942	0.304635	9.73225
chrX-123900000-124000000	0.109057	-0.124382	0.115382	1.13582
chrX-124000000-124100000	-0.180713	-0.217879	0.207656	1.14962
chrX-14600000-14700000	-0.262731	0.300711	0.466484	1.17434
chrX-124800000-124900000	-0.002942	-0.181083	0.156592	1.15851
chrX-96600000-96700000	-0.367696	0.181367	-0.075841	1.61355
chrX-124100000-124200000	0.126105	-0.198583	0.103034	1.16242
chrX-133500000-133600000	0.26258	-0.423635	0.204856	2.06103
chrX-41300000-41400000	0.290756	0.659659	0.325995	1.83874
chrX-147200000-147300000	0.085828	-0.320269	0.341215	1.08337
chrX-144400000-144500000	-0.018347	-0.351496	0.223496	1.06097
chrX-124200000-124300000	-0.167274	-0.121674	0.176439	1.12707
chrX-124600000-124700000	0.03693	-0.289414	-0.003068	1.12939
chrX-126000000-126100000	0.285332	-0.407127	0.232405	1.1138
chrX-124700000-124800000	0.23706	-0.377851	0.224919	1.28586
chrX-13600000-13700000	0.008473	0.453356	0.562308	2.67567
chrX-124900000-125000000	0.281279	-0.085321	0.225491	1.15275
chrX-19200000-19300000	0.273816	0.182573	0.577437	1.1384
chrX-140300000-140400000	-0.066196	-0.335032	0.788243	1.19042
chrX-24400000-24500000	-0.097556	0.606084	0.252075	1.76728
chrX-148500000-148600000	0.003204	-0.395293	0.481423	2.32978
chrX-125100000-125200000	0.140999	-0.20915	0.397209	1.16617
chrX-125300000-125400000	-0.091691	-0.365414	0.006244	1.11302
chrX-97500000-97600000	0.062818	0.077464	-0.2438	1.1128
chrX-13700000-13800000	0.230593	0.238669	0.559288	3.49698
chrX-4000000-4100000	-0.118377	0.047202	0.413524	1.14072
chrX-30300000-30400000	-0.281496	0.09371	0.211159	1.18164
chrX-5600000-5700000	-0.237432	0.371109	0.507485	1.22162
chrX-128800000-128900000	0.150246	-0.231524	-0.070422	1.73489
chrX-125400000-125500000	-0.18658	-0.137291	0.219905	1.09617
chrX-126600000-126700000	-0.151753	-0.229609	0.225714	1.15425
chrX-8600000-8700000	-0.313747	0.24801	0.307476	1.15608
chrX-31800000-31900000	0.197179	0.314938	0.384729	1.24622
chrX-22000000-22100000	-0.021881	0.65195	0.455507	1.64728
chrX-137300000-137400000	0.13884	-0.121467	0.28659	1.13473
chrX-125500000-125600000	-0.023886	-0.410955	0.250579	1.26599
chrX-44500000-44600000	0.050313	0.703307	-0.086558	1.32331
chrX-148100000-148200000	-0.234429	-0.175591	0.268676	1.36119
chrX-131100000-131200000	0.415298	-0.149307	0.174699	1.08614
chrX-54000000-54100000	0.197996	0.489158	-0.119377	2.5794
chrX-30800000-30900000	-0.13299	0.203287	0.285216	1.31446
chrX-150000000-150100000	-0.084266	-0.166103	0.491775	2.04053
chrX-125800000-125900000	0.069358	-0.164269	0.208909	1.04756
chrX-138600000-138700000	0.07311	-0.363797	0.198694	1.17022
chrX-70400000-70500000	0.415056	0.498607	-0.306086	3.05545
chrX-125900000-126000000	-0.000807	-0.458221	0.088243	1.12531
chrX-126100000-126200000	0.068778	-0.168825	0.264697	1.07363
chrX-153200000-153300000	-0.529555	-0.111525	0.111841	6.49171
chrX-65200000-65300000	0.243749	0.186434	-0.028853	1.16057
chrX-85000000-85100000	0.512705	0.021974	0.188262	1.27805
chrX-128000000-128100000	0.038412	-0.139202	0.138605	1.22153
chrX-140600000-140700000	-0.22329	-0.484354	0.661437	1.35944
chrX-34000000-34100000	-0.109854	0.646809	0.165292	1.0928
chrX-14800000-14900000	0.005676	0.012153	0.592943	2.05277
chrX-126200000-126300000	-0.152579	-0.376406	0.168569	1.17942
chrX-83200000-83300000	0.418183	-0.027887	-0.132149	1.25647
chrX-41200000-41300000	0.499165	0.436484	0.371956	1.60693
chrX-152600000-152700000	0.354804	-0.198414	0.45465	1.72147
chrX-126400000-126500000	-0.175861	-0.39959	0.187805	1.09496
chrX-126900000-127000000	0.242567	-0.439804	0.125163	1.32626
chrX-130800000-130900000	0.321206	-0.258853	0.112549	2.47599
chrX-50700000-50800000	0.396999	0.294002	0.218896	1.10865
chrX-127400000-127500000	0.042031	-0.158898	0.16443	1.15185
chrX-69700000-69800000	-0.401042	0.269961	-0.068394	1.49409
chrX-50100000-50200000	0.301263	0.301438	0.209504	1.04918
chrX-134000000-134100000	0.272639	-0.352791	0.50476	2.25884
chrX-25800000-25900000	-0.420789	0.208466	0.321657	1.22612
chrX-127800000-127900000	0.050074	-0.486944	0.174545	1.11801
chrX-127900000-128000000	0.310399	-0.294794	0.178792	1.20734
chrX-2800000-2900000	-0.046664	0.194588	0.865453	2.49601
chrX-143600000-143700000	-0.068082	-0.18394	0.398224	1.05948
chrX-148400000-148500000	0.266532	-0.209717	0.526642	1.11342
chrX-9000000-9100000	-0.244834	0.357192	0.52119	1.47434
chrX-128200000-128300000	0.109017	-0.285028	0.022014	1.20689
chrX-131300000-131400000	0.403332	-0.116836	0.16752	2.91814
chrX-128500000-128600000	0.379935	-0.205992	0.058803	1.33281
chrX-128600000-128700000	0.252997	-0.050273	0.309491	2.54674
chrX-128900000-129000000	0.383713	-0.30805	0.122606	2.2285
chrX-12900000-13000000	-0.466041	0.499564	0.196788	3.39379
chrX-129000000-129100000	0.290561	-0.559083	-0.042285	3.03612
chrX-129400000-129500000	0.150656	-0.585154	-0.128889	2.12194
chrX-13000000-13100000	-0.375437	0.189965	0.201329	1.79075
chrX-8300000-8400000	-0.227524	0.112807	0.446599	1.14841
chrX-153400000-153500000	-0.665557	-0.350974	0.399225	1.36503
chrX-130200000-130300000	0.537637	-0.260994	0.226058	1.14045
chrX-130500000-130600000	0.03479	-0.365414	-0.030605	1.16664
chrX-2900000-3000000	-0.340924	0.117053	0.795329	1.34255
chrX-130900000-131000000	0.101575	-0.361827	-0.100615	2.20349
chrX-46000000-46100000	-0.04623	0.599295	0.224329	1.18069
chrX-39300000-39400000	0.251427	0.422804	0.318727	1.20397
chrX-131700000-131800000	0.116221	-0.261943	-0.001039	1.18851
chrX-50800000-50900000	0.232129	0.500065	0.050554	1.09847
chrX-131800000-131900000	0.386176	-0.143857	0.115139	1.17569
chrX-36900000-37000000	0.193456	0.561556	0.291674	1.13055
chrX-131900000-132000000	0.107144	-0.037329	0.21638	1.14641
chrX-39700000-39800000	-0.271494	0.530211	0.023198	2.34038
chrX-93700000-93800000	0.404833	0.065577	-0.278861	1.12084
chrX-132100000-132200000	-0.221155	-0.403842	0.124077	1.1529
chrX-136700000-136800000	0.135331	-0.408773	0.308425	1.1279
chrX-62200000-62300000	0.235327	0.434245	-0.116991	1.1657
chrX-68300000-68400000	-0.044109	0.234596	-0.17852	2.26097
chrX-33000000-33100000	-0.276651	0.180495	0.176764	1.24513
chrX-149900000-150000000	-0.052521	-0.344064	0.235886	2.11713
chrX-132500000-132600000	0.21185	-0.108205	0.134756	1.28946
chrX-77800000-77900000	0.301651	0.295591	-0.337437	1.26434
chrX-136400000-136500000	0.398461	-0.110492	0.195272	1.12057
chrX-87400000-87500000	0.351999	-0.113341	-0.038683	1.17283
chrX-132800000-132900000	0.191513	-0.445913	0.263852	1.38243
chrX-17800000-17900000	0.274442	0.277	0.306659	1.31044
chrX-137100000-137200000	0.449009	-0.275397	0.406015	1.24951
chrX-40800000-40900000	-0.318685	0.583696	-0.122779	2.29585
chrX-64700000-64800000	0.126057	0.444643	-0.252038	2.12383
chrX-17100000-17200000	0.053297	0.266569	0.370089	1.18236
chrX-133100000-133200000	0.403001	-0.092017	0.349974	1.15345
chrX-44200000-44300000	-0.23773	0.649996	0.058944	1.47224
chrX-133300000-133400000	0.142299	-0.102949	0.342406	1.27226
chrX-28000000-28100000	-0.343876	0.279778	0.455665	1.2231
chrX-133900000-134000000	0.489872	-0.118575	0.503549	1.90384
chrX-13400000-13500000	-0.459918	0.301945	0.17597	1.7191
chrX-143700000-143800000	-0.342068	-0.119145	0.251176	1.14228
chrX-47700000-47800000	0.397869	0.483027	0.19142	1.35086
chrX-134600000-134700000	0.090926	-0.256979	0.149082	2.46299
chrX-27900000-28000000	-0.078224	0.28402	0.279262	1.17316
chrX-134900000-135000000	0.166521	-0.743206	0.494015	1.10298
chrX-13500000-13600000	-0.25324	0.413364	0.385466	1.59687
chrX-82700000-82800000	0.163505	0.253556	-0.227942	1.13513
chrX-135700000-135800000	0.135075	-0.197712	0.422878	1.2287
chrX-141900000-142000000	0.233181	-0.122083	0.395792	1.10662
chrX-135900000-136000000	0.478594	-0.123798	0.577569	2.17152
chrX-136200000-136300000	0.252108	-0.228184	0.450967	1.10938
chrX-136900000-137000000	0.187107	-0.371271	0.162293	1.14759
chrX-32500000-32600000	-0.02392	0.237857	0.326036	1.24755
chrX-27400000-27500000	-0.079552	0.342092	0.153605	1.50097
chrX-137000000-137100000	0.156629	-0.160585	0.392877	1.09584
chrX-54400000-54500000	0.340699	0.659171	0.340375	2.37591
chrX-32800000-32900000	0.204189	0.428117	0.456835	1.3286
chrX-142000000-142100000	-0.029083	-0.28966	0.464127	1.14827
chrX-144200000-144300000	-0.098853	-0.3487	0.120514	1.14256
chrX-96800000-96900000	-0.251755	0.206267	-0.207933	1.22946
chrX-137400000-137500000	-0.135563	-0.134672	0.13759	1.11531
chrX-48000000-48100000	-0.039027	0.765503	0.638972	1.13152
chrX-35300000-35400000	0.06592	0.483955	0.17568	1.16519
chrX-137500000-137600000	-0.145581	-0.420545	0.262259	1.18677
chrX-15100000-15200000	0.037494	0.244618	0.323127	1.187
chrX-138700000-138800000	0.334432	-0.196142	0.270012	1.16917
chrX-137700000-137800000	-0.167357	-0.330868	0.228862	1.11504
chrX-13900000-14000000	-0.296107	0.357538	0.326012	1.46407
chrX-137900000-138000000	0.04312	-0.179989	0.1286	1.10112
chrX-49300000-49400000	0.080951	0.976547	-0.021856	1.09588
chrX-23600000-23700000	0.150267	0.427801	0.515942	2.13925
chrX-138400000-138500000	0.022009	-0.445049	0.29091	1.15493
chrX-142600000-142700000	-0.030823	-0.19881	0.542588	1.1324
chrX-144800000-144900000	-0.150701	-0.222813	0.191571	1.15212
chrX-138800000-138900000	0.072296	-0.216128	0.460898	1.31161
chrX-144000000-144100000	-0.001973	-0.256784	0.494418	1.18083
chrX-138900000-139000000	0.340845	-0.110222	0.359653	1.62001
chrX-30600000-30700000	-0.381775	0.510961	0.169609	2.02179
chrX-30000000-30100000	-0.181615	0.491871	0.457921	1.6103
chrX-139400000-139500000	0.025129	-0.44494	0.138958	1.18591
chrX-56200000-56300000	0.548611	0.358504	0.272501	1.30879
chrX-139500000-139600000	-0.165953	-0.256374	0.310714	1.34087
chrX-146300000-146400000	0.367935	-0.392434	0.377063	1.21013
chrX-51700000-51800000	0.565683	0.472826	0.164282	1.10833
chrX-140100000-140200000	-0.234148	-0.432279	0.557148	1
chrX-73500000-73600000	-0.115264	0.481158	-0.191602	2.70667
chrX-24800000-24900000	0.182854	0.541608	0.337689	1.17788
chrX-99000000-99100000	0.083197	-0.041552	-0.352941	1.16887
chrX-139800000-139900000	-0.338474	-0.271014	0.32697	2.20773
chrX-34300000-34400000	-0.343485	0.348714	0.174179	1.16082
chrX-139900000-140000000	-0.034748	-0.367532	0.314543	1.18713
chrX-14700000-14800000	0.030281	0.226184	0.378357	1.33389
chrX-140800000-140900000	0.268186	-0.142151	0.502165	1.18564
chrX-83500000-83600000	0.530706	-0.068689	0.025668	1.3775
chrX-141300000-141400000	0.177785	-0.280136	0.436423	1.26844
chrX-82000000-82100000	0.414296	-0.046928	0.019541	1.10523
chrX-144500000-144600000	-0.194658	-0.116211	0.355438	1.10341
chrX-31600000-31700000	-0.275783	0.37824	0.149359	1.30226
chrX-141500000-141600000	-0.274834	-0.168443	0.252486	1.09694
chrX-14200000-14300000	-0.079876	0.391342	0.524213	1.14452
chrX-21400000-21500000	-0.086067	0.309634	0.43228	1.12957
chrX-142200000-142300000	-0.088785	-0.139235	0.441973	1.10089
chrX-43200000-43300000	0.253168	0.29525	0.196236	1.1165
chrX-142400000-142500000	0.020776	-0.048928	0.365881	1.12474
chrX-142900000-143000000	-0.121289	-0.379001	0.095722	1.22974
chrX-41600000-41700000	0.424055	0.387198	0.336519	1.40599
chrX-14300000-14400000	0.172796	0.222891	0.552768	1.46561
chrX-48300000-48400000	0.078579	0.704899	0.503551	3.92696
chrX-143300000-143400000	-0.206965	-0.307798	0.515162	1.11761
chrX-26200000-26300000	-0.18463	0.186774	0.471007	1.17908
chrX-22600000-22700000	0.149545	0.422437	0.49393	1.19414
chrX-143500000-143600000	-0.160029	-0.47811	0.436879	1.12338
chrX-143800000-143900000	-0.175062	-0.388251	0.175709	1.20664
chrX-143900000-144000000	0.126742	-0.404018	0.240014	1.15247
chrX-144900000-145000000	-0.020921	-0.063234	0.437181	1.09572
chrX-145300000-145400000	-0.190938	-0.185719	0.426961	1.17769
chrX-145500000-145600000	0.182017	-0.138807	0.405786	1.1715
chrX-145600000-145700000	-0.109236	-0.122966	0.276847	1.12974
chrX-22200000-22300000	-0.17134	0.085043	0.550178	1.22712
chrX-145700000-145800000	0.138308	-0.195754	0.474085	1.11256
chrX-145900000-146000000	-0.173136	-0.295618	0.382551	1.52412
chrX-93900000-94000000	0.442076	0.026896	-0.125821	1.13975
chrX-146100000-146200000	-0.246366	-0.27129	0.42086	1.19899
chrX-88100000-88200000	0.417733	-0.021564	-0.074438	1.10428
chrX-40600000-40700000	-0.309783	0.698194	0.165087	1.71161
chrX-37300000-37400000	-0.190988	0.67679	-0.059991	1.3959
chrX-35800000-35900000	-0.084215	0.303471	0.264764	1.1456
chrX-146700000-146800000	-0.133217	-0.067011	0.204054	1.16328
chrX-36200000-36300000	-0.04328	0.425785	0.299854	1.16132
chrX-30200000-30300000	-0.413071	0.386193	0.160472	1.29931
chrX-146800000-146900000	0.045657	-0.286724	0.33707	1.15386
chrX-146900000-147000000	-0.120483	-0.122653	0.56244	2.0965
chrX-147000000-147100000	0.061999	-0.230416	0.324696	1.20148
chrX-147300000-147400000	-0.20697	-0.200466	0.2997	1.16954
chrX-71500000-71600000	0.169709	0.322697	-0.324048	1.38001
chrX-97000000-97100000	-0.194721	-0.202576	-0.26979	1.18819
chrX-147400000-147500000	0.013435	-0.194152	0.525326	1.13716
chrX-147900000-148000000	-0.004526	-0.281717	0.412664	1.34194
chrX-33700000-33800000	-0.057413	0.50439	0.298046	1.07091
chrX-148300000-148400000	-0.04913	-0.174277	0.487294	1.3338
chrX-15400000-15500000	0.204143	0.224581	0.304102	1.50816
chrX-7300000-7400000	-0.322991	0.150689	0.280283	1.16765
chrX-148900000-149000000	0.349054	-0.25181	0.613854	1.61303
chrX-14900000-15000000	-0.221492	0.207805	0.527137	2.11248
chrX-149100000-149200000	0.330686	-0.281867	0.429324	2.76095
chrX-7500000-7600000	-0.169115	-0.076935	0.630612	1.1002
chrX-149300000-149400000	0.083255	-0.321113	0.43235	1.81006
chrX-4300000-4400000	-0.304285	0.308706	0.449884	1.15336
chrX-149700000-149800000	-0.112894	-0.345416	0.486273	2.06627
chrX-6300000-6400000	0.043278	0.063525	0.686076	1.13246
chrX-17000000-17100000	-0.189969	0.411247	0.23728	1.30605
chrX-38300000-38400000	0.157573	0.49217	0.220303	1.14255
chrX-92600000-92700000	0.285456	-0.071614	-0.036872	1.13029
chrX-149800000-149900000	-0.295314	-0.161218	0.31015	2.51655
chrX-15000000-15100000	0.081286	0.143993	0.617129	1.23244
chrX-71400000-71500000	-0.119824	0.335413	-0.453671	3.10179
chrX-150100000-150200000	-0.003353	-0.461311	0.553198	1.62181
chrX-82800000-82900000	0.32381	0.159642	0.037422	1.16392
chrX-150300000-150400000	0.097571	-0.060755	0.667421	1.09909
chrX-150600000-150700000	0.05545	-0.353508	0.151033	1.14352
chrX-56700000-56800000	0.519466	0.368395	0.276447	2.76427
chrX-150900000-151000000	0.180066	-0.110342	0.359873	1.24178
chrX-151100000-151200000	0.087842	-0.078818	0.393929	1.60859
chrX-34200000-34300000	-0.036696	0.415802	0.216338	1.06016
chrX-151200000-151300000	0.174299	-0.365143	0.323464	1.16935
chrX-24700000-24800000	0.075559	0.434779	0.603009	1.38249
chrX-153100000-153200000	-0.377928	-0.247949	0.345671	3.58658
chrX-84400000-84500000	0.497643	0.118567	-0.124081	1.2401
chrX-151300000-151400000	0.275896	-0.09636	0.458326	1.12195
chrX-66300000-66400000	0.226524	0.168479	0.06915	1.17272
chrX-151500000-151600000	0.29736	-0.175985	0.488313	1.08097
chrX-151900000-152000000	0.273945	-0.201047	0.686391	2.47121
chrX-33300000-33400000	-0.193639	0.224773	0.444464	1.12478
chrX-152100000-152200000	0.40151	-0.342674	0.270156	2.457
chrX-50000000-50100000	0.579805	0.407557	0.282571	1.13486
chrX-152400000-152500000	0.60262	-0.273147	0.732243	1.15793
chrX-15300000-15400000	-0.032366	0.381708	0.422546	1.7113
chrX-55100000-55200000	0.297195	0.486448	0.158712	3.41775
chrX-55400000-55500000	0.644571	0.50412	0.139708	3.31418
chrX-68800000-68900000	0.038348	0.179094	-0.090332	1.20862
chrX-20500000-20600000	0.208201	0.199803	0.602087	1.43808
chrX-153300000-153400000	-0.402578	-0.223582	0.350756	2.86693
chrX-40500000-40600000	-0.282511	0.395985	0.082416	3.39631
chrX-153700000-153800000	-0.457265	-0.400811	0.28108	5.97129
chrX-153900000-154000000	-0.113263	-0.425027	0.199803	2.72706
chrX-97900000-98000000	0.288971	-0.123006	-0.235711	1.12666
chrX-154000000-154100000	-0.093521	-0.290492	0.472154	2.15618
chrX-21300000-21400000	0.063668	0.147345	0.666295	1.25297
chrX-63600000-63700000	0.349309	0.310067	-0.016749	1.10063
chrX-154200000-154300000	-0.125374	-0.251301	0.49336	2.59562
chrX-154500000-154600000	0.407701	-0.320873	0.665071	1.18993
chrX-54500000-54600000	0.433312	0.46485	0.111253	4.01419
chrX-154600000-154700000	0.095996	-0.42162	0.731675	1.50361
chrX-65700000-65800000	-0.285013	0.329874	-0.089101	1.10052
chrX-69300000-69400000	-0.161362	0.170337	-0.380306	2.65628
chrX-154700000-154800000	0.364098	-0.42688	0.543765	1.22334
chrX-15600000-15700000	-0.078003	0.176502	0.510225	4.94364
chrX-15900000-16000000	0.393962	0.219983	0.543602	1.57183
chrX-55900000-56000000	0.427664	0.441189	0.380499	2.51866
chrX-47200000-47300000	0.236552	0.658175	0.225068	2.00676
chrX-16000000-16100000	0.127355	0.366224	0.520908	1.44887
chrX-36100000-36200000	-0.335379	0.376777	0.184362	1.11521
chrX-16100000-16200000	0.358989	0.207275	0.390864	1.91503
chrX-16400000-16500000	0.445624	0.167506	0.463984	1.95991
chrX-16600000-16700000	0.2531	0.119132	0.608086	3.02804
chrX-63400000-63500000	0.383205	0.375848	-0.010223	2.98788
chrX-74100000-74200000	0.216019	0.225851	-0.35065	1.22701
chrX-90400000-90500000	0.726974	0.028623	0.115099	1.77717
chrX-16700000-16800000	0.037188	0.244987	0.80738	3.06954
chrX-34100000-34200000	0.076666	0.640998	0.418977	1.18416
chrX-16800000-16900000	0.265125	0.336606	0.59541	3.32573
chrX-32400000-32500000	-0.299616	0.249023	0.165989	1.15306
chrX-16900000-17000000	-0.022351	0.341832	0.499296	1.58249
chrX-39500000-39600000	0.116119	0.526851	0.194157	1.79361
chrX-17200000-17300000	0.201978	0.267258	0.653755	1.08665
chrX-35700000-35800000	-0.30941	0.415377	0.067658	1.19627
chrX-20600000-20700000	0.027272	0.370799	0.401651	1.2523
chrX-17300000-17400000	-0.090573	0.146119	0.659991	2.04948
chrX-17600000-17700000	0.085967	0.35013	0.385743	1.6973
chrX-22700000-22800000	-0.015022	0.306788	0.246408	1.39391
chrX-17700000-17800000	0.236948	0.2113	0.617731	1.77717
chrX-57500000-57600000	0.381844	0.581549	0.280746	1.20314
chrX-17900000-18000000	-0.027712	0.362749	0.279648	1.1351
chrX-18200000-18300000	0.13228	0.408215	0.613942	1.29961
chrX-45400000-45500000	0.264902	0.608051	0.190252	1.91551
chrX-58400000-58500000	0.527075	0.249678	0.251597	1.04541
chrX-18800000-18900000	-0.109959	0.430625	0.5797	1.26518
chrX-18900000-19000000	-0.390403	0.298761	0.476378	2.07546
chrX-3700000-3800000	0.212107	0.238279	0.91432	6.22447
chrX-19000000-19100000	-0.160461	0.312176	0.253804	2.30207
chrX-99800000-99900000	-0.332451	0.084705	-0.096124	2.76217
chrX-19300000-19400000	-0.025123	0.084128	0.512051	2.04097
chrX-99700000-99800000	-0.061748	0.176487	-0.230813	1.28218
chrX-48200000-48300000	-0.078552	0.83406	0.740312	1.11499
chrX-37700000-37800000	0.224394	0.355286	0.230955	2.33926
chrX-68000000-68100000	0.18553	0.444946	-0.322944	2.49729
chrX-22400000-22500000	-0.056152	0.400023	0.539	1.26901
chrX-19600000-19700000	0.205335	0.192782	0.528979	2.14279
chrX-5100000-5200000	0.001004	0.088644	0.603292	1.10201
chrX-28800000-28900000	0.261108	0.367329	0.443858	1.14179
chrX-19700000-19800000	-0.055371	0.118232	0.673854	2.22075
chrX-62100000-62200000	-0.075267	0.388001	-0.092225	1.15247
chrX-68400000-68500000	0.066124	0.400214	-0.412451	1.33594
chrX-2600000-2700000	0.308046	0.493834	0.973442	1
chrX-19900000-20000000	-0.173496	0.24553	0.549123	2.12118
chrX-20000000-20100000	0.133099	0.210303	0.617968	1.92359
chrX-53500000-53600000	0.106211	0.604349	-0.06966	2.35338
chrX-48800000-48900000	0.232774	0.690222	-0.0925	4.15413
chrX-20200000-20300000	-0.09572	0.473273	0.486959	2.50087
chrX-20300000-20400000	-0.34216	0.324406	0.367204	1.5928
chrX-40200000-40300000	-0.034159	0.642157	0.216002	1.21674
chrX-20400000-20500000	-0.102707	0.230144	0.541488	1.43649
chrX-40100000-40200000	-0.206221	0.574735	-0.02968	2.57938
chrX-20800000-20900000	-0.122562	0.396186	0.503307	1.14625
chrX-3300000-3400000	-0.092505	0.04986	0.586199	1.27126
chrX-68500000-68600000	-0.145226	0.183904	-0.276031	1.28708
chrX-79600000-79700000	-0.274574	0.269269	-0.080628	1.15838
chrX-20900000-21000000	0.056607	0.194176	0.341391	1.19667
chrX-21000000-21100000	0.05985	0.202357	0.65428	1.21366
chrX-96500000-96600000	-0.266702	0.049755	-0.323362	1.32961
chrX-21100000-21200000	0.038905	0.305246	0.351973	1.05395
chrX-21700000-21800000	-0.101225	0.384581	0.465613	1.38875
chrX-21900000-22000000	-0.168675	0.371378	0.488963	2.80025
chrX-39000000-39100000	0.059458	0.455317	0.078176	1.15527
chrX-75800000-75900000	0.193927	0.296859	-0.379404	1.09081
chrX-22800000-22900000	-0.321192	0.223263	0.244202	1.10778
chrX-38600000-38700000	-0.13684	0.611406	0.169522	3.45115
chrX-23000000-23100000	0.166982	0.386041	0.399012	1.12778
chrX-23100000-23200000	0.027182	0.134629	0.520077	1.15426
chrX-50300000-50400000	0.287853	0.336292	0.240352	1.25242
chrX-23200000-23300000	-0.255907	0.123298	0.378763	1.07844
chrX-23400000-23500000	0.01414	0.193039	0.402958	1.1802
chrX-47900000-48000000	0.127669	0.666858	0.416113	2.26471
chrX-23900000-24000000	0.104726	0.486569	0.441756	1.93644
chrX-37100000-37200000	-0.281217	0.821866	0.180445	1.53986
chrX-24100000-24200000	0.433537	0.195693	0.790999	3.78122
chrX-24300000-24400000	0.105339	0.512459	0.493686	1.68752
chrX-24500000-24600000	0.070623	0.377163	0.394997	1.26641
chrX-24600000-24700000	0.244084	0.171468	0.564128	1.09987
chrX-24900000-25000000	0.327482	0.267731	0.332499	1.20892
chrX-25000000-25100000	0.123932	0.378928	0.539474	1.18322
chrX-25400000-25500000	0.017946	0.160152	0.334131	1.09878
chrX-94100000-94200000	0.020556	-0.151461	-0.275171	1.18895
chrX-25900000-26000000	-0.274538	0.476201	0.257183	1.20659
chrX-82900000-83000000	0.467659	0.114797	-0.251312	1.10811
chrX-26100000-26200000	-0.33079	0.202862	0.187657	1.20737
chrX-4500000-4600000	-0.224249	0.203713	0.260025	1.13894
chrX-26500000-26600000	-0.158486	0.1364	0.327354	1.12785
chrX-55700000-55800000	0.261665	0.595091	0.042368	2.18778
chrX-64500000-64600000	-0.388099	0.301484	-0.174007	1.18341
chrX-86600000-86700000	0.381392	-0.099211	-0.198912	1.12274
chrX-48400000-48500000	0.326095	0.729965	0.302944	4.47688
chrX-37200000-37300000	-0.302988	0.494297	0.178359	2.38943
chrX-26700000-26800000	-0.272447	0.173039	0.411274	1.14221
chrX-93200000-93300000	0.289989	0.051695	-0.037994	1.09023
chrX-26800000-26900000	-0.082574	0.416774	0.504709	1.18578
chrX-26900000-27000000	-0.034472	0.143524	0.344913	1.30957
chrX-64900000-65000000	-0.40058	0.332923	0.013314	1.89105
chrX-85900000-86000000	0.430655	0.060103	0.2171	1.14742
chrX-53800000-53900000	0.030334	0.845315	0.003719	1.18888
chrX-2700000-2800000	0.219125	0.352847	0.766058	2.11339
chrX-44000000-44100000	-0.067021	0.596814	0.212799	1.21252
chrX-46300000-46400000	-0.300829	0.572129	0.07557	2.90068
chrX-28300000-28400000	-0.080677	0.1733	0.335877	1.11385
chrX-68200000-68300000	-0.357376	0.223356	-0.13812	2.27732
chrX-28400000-28500000	-0.223809	0.442826	0.394661	1.16514
chrX-79400000-79500000	0.116033	0.045254	-0.339457	1.11364
chrX-28600000-28700000	0.259645	0.21925	0.378516	1.34146
chrX-28700000-28800000	-0.014681	0.357375	0.276236	1.06586
chrX-80400000-80500000	0.196482	0.050209	-0.232839	2.01931
chrX-28900000-29000000	0.035768	0.31149	0.633677	1.26966
chrX-29000000-29100000	0.30508	0.212241	0.529054	1.14395
chrX-90500000-90600000	0.725882	0.027209	0.115695	1.18374
chrX-29400000-29500000	0.349569	0.190857	0.534651	1.19903
chrX-85200000-85300000	0.605278	0.10917	0.180837	1.55877
chrX-92700000-92800000	0.270694	-0.223688	-0.328153	1.18831
chrX-3000000-3100000	-0.032414	0.179977	0.76936	1.74068
chrX-72200000-72300000	0.29302	0.306706	-0.486952	1.141
chrX-30400000-30500000	-0.266602	0.392585	0.086506	1.08404
chrX-70100000-70200000	-0.277981	0.591907	-0.373655	1.23603
chrX-52000000-52100000	0.294458	0.663068	-0.060716	3.30736
chrX-56400000-56500000	0.235266	0.510315	0.217808	1.11425
chrX-30500000-30600000	-0.396442	0.245184	0.338392	1.28662
chrX-8000000-8100000	-0.271405	0.066676	0.567926	1.16322
chrX-85800000-85900000	0.423887	0.213097	-0.064097	1.20165
chrX-30900000-31000000	-0.126565	0.458232	0.473066	2.16619
chrX-31000000-31100000	-0.185688	0.55048	0.173593	1.16462
chrX-91700000-91800000	0.666825	-0.493493	-0.457945	1
chrX-42700000-42800000	0.213249	0.470459	0.313254	1.09564
chrX-39100000-39200000	-0.230769	0.451779	-0.025368	1.13659
chrX-35100000-35200000	0.014436	0.372491	0.188706	1.14745
chrX-31300000-31400000	-0.079815	0.249869	0.380473	1.41176
chrX-31700000-31800000	-0.04952	0.173885	0.246455	1.17744
chrX-31900000-32000000	-0.048342	0.313135	0.188762	1.22986
chrX-45200000-45300000	-0.260613	0.546325	0.084397	1.92671
chrX-3200000-3300000	-0.00575	0.250609	0.788002	1.73908
chrX-43300000-43400000	0.090629	0.562715	0.140936	1.24222
chrX-32100000-32200000	-0.005822	0.335553	0.170126	1.15832
chrX-58000000-58100000	0.262321	0.404204	0.052582	1.17703
chrX-32300000-32400000	0.013319	0.247887	0.245593	1.14488
chrX-38700000-38800000	-0.07645	0.627848	-0.134394	1.72746
chrX-32700000-32800000	-0.000248	0.279266	0.257985	1.18707
chrX-32900000-33000000	0.01843	0.24802	0.267896	1.53749
chrX-33200000-33300000	0.090875	0.218444	0.318412	1.31879
chrX-84300000-84400000	0.272033	0.119309	-0.361646	1.27785
chrX-88400000-88500000	0.811627	0.193225	-0.362033	1.09084
chrX-53300000-53400000	0.32826	0.452727	0.313477	2.97064
chrX-33600000-33700000	0.03408	0.194386	0.337353	1.07191
chrX-33800000-33900000	0.127276	0.248864	0.34727	1.10757
chrX-33900000-34000000	-0.073872	0.332644	0.122811	1.17653
chrX-34400000-34500000	-0.259675	0.2473	0.466345	1.20979
chrX-49500000-49600000	0.325979	0.466279	0.000301	1.12929
chrX-81000000-81100000	0.30191	0.198173	-0.199004	1.16353
chrX-34700000-34800000	-0.202694	0.463519	0.317171	1.52482
chrX-34900000-35000000	-0.194006	0.506562	0.171583	1.30583
chrX-35400000-35500000	-0.222543	0.483873	0.285461	1.09077
chrX-35900000-36000000	0.089018	0.479594	0.471877	1.23981
chrX-36300000-36400000	-0.294901	0.32251	0.146425	1.05805
chrX-85500000-85600000	0.522469	0.025345	-0.056831	1.1506
chrX-37900000-38000000	0.180142	0.400283	0.309541	1.35628
chrX-3800000-3900000	0.211992	0.240157	0.914227	1.13287
chrX-87200000-87300000	0.446925	0.021974	0.079459	1.15916
chrX-38900000-39000000	0.229646	0.496438	0.339533	1.09116
chrX-3900000-4000000	0.085493	0.167895	0.630532	1.1915
chrX-39400000-39500000	0.330595	0.410212	0.006942	1.2475
chrX-79200000-79300000	-0.403095	0.203073	-0.252335	1.11585
chrX-86100000-86200000	0.362704	-0.238235	-0.257269	1.27944
chrX-40300000-40400000	-0.302605	0.500264	0.150751	1.58993
chrX-40400000-40500000	-0.164851	0.599889	-0.118453	2.13954
chrX-82300000-82400000	0.22647	0.027757	-0.155477	1.13323
chrX-40900000-41000000	-0.205578	0.635	0.160772	3.52417
chrX-41400000-41500000	0.176422	0.527756	0.064332	1.57755
chrX-41700000-41800000	0.296158	0.440921	0.050779	2.39269
chrX-41900000-42000000	0.131809	0.494067	0.074298	1.27969
chrX-5300000-5400000	-0.000924	0.143229	0.612588	1.1134
chrX-8500000-8600000	-0.222557	0.033828	0.522526	1.1114
chrX-44100000-44200000	0.055015	0.765099	-0.01186	1.39783
chrX-42100000-42200000	0.107171	0.413366	0.351444	1.08852
chrX-66400000-66500000	0.038786	0.371978	-0.088682	1.08399
chrX-48500000-48600000	0.453362	0.490064	0.460887	3.44023
chrX-42200000-42300000	0.159727	0.291378	0.060355	1.05828
chrX-7100000-7200000	-0.459291	0.229515	0.351655	1.37236
chrX-71200000-71300000	-0.192294	0.171848	-0.057869	1.46411
chrX-9900000-10000000	-0.399326	0.23362	0.247654	2.33007
chrX-99100000-99200000	0.379756	-0.076784	-0.213987	1.08327
chrX-42600000-42700000	0.401763	0.219429	0.290746	1.23819
chrX-42800000-42900000	0.051552	0.384672	0.059922	1.13179
chrX-42900000-43000000	0.303829	0.504303	0.220575	1.15125
chrX-43000000-43100000	0.462304	0.235803	0.234468	1.22643
chrX-43100000-43200000	0.361454	0.37378	0.476703	1.07586
chrX-43500000-43600000	0.259817	0.338793	0.23316	2.21152
chrX-43900000-44000000	0.139897	0.404764	0.086435	1.19248
chrX-49100000-49200000	0.081008	0.809274	0.06652	3.17801
chrX-4400000-4500000	-0.017992	0.184428	0.504765	1.13056
chrX-69100000-69200000	0.097766	0.253528	-0.329295	1.0424
chrX-44300000-44400000	-0.319531	0.359572	0.00258	1.31331
chrX-44400000-44500000	-0.257158	0.653589	-0.059401	2.49079
chrX-82400000-82500000	-0.045697	-0.004218	-0.317943	1.21786
chrX-53000000-53100000	0.50944	0.640721	0.305658	4.046
chrX-46400000-46500000	-0.024456	0.616113	-0.077197	3.11823
chrX-88700000-88800000	0.811959	0.192033	-0.363274	1
chrX-44800000-44900000	-0.009908	0.740693	-0.131147	1.55117
chrX-62600000-62700000	0.395904	0.46538	-0.016136	1.52969
chrX-66700000-66800000	0.102159	0.389954	-0.153944	1.23705
chrX-44900000-45000000	0.003324	0.467378	0.009643	1.6063
chrX-45100000-45200000	-0.028695	0.568508	-0.111693	2.55065
chrX-81100000-81200000	0.443614	0.053889	0.037599	1.151
chrX-98400000-98500000	0.106235	-0.239148	-0.222661	1.24494
chrX-49200000-49300000	0.079664	0.975608	-0.02085	0
chrX-63200000-63300000	0.111618	0.333839	-0.219732	1.15091
chrX-83400000-83500000	0.506727	0.221865	-0.087606	1.98873
chrX-92500000-92600000	0.409733	0.073727	-0.302197	1.08747
chrX-45300000-45400000	-0.024882	0.672835	0.254699	2.9057
chrX-98300000-98400000	0.047149	-0.051448	0.031733	1.11399
chrX-47000000-47100000	-0.055521	0.708013	-0.051639	5.02827
chrX-45600000-45700000	0.095736	0.726585	-0.032922	2.58804
chrX-45900000-46000000	0.004125	0.737705	-0.057521	1.12218
chrX-46900000-47000000	0.219671	0.830359	0.03487	1.8525
chrX-51300000-51400000	0.279566	0.630339	0.189411	1.1741
chrX-48100000-48200000	-0.195995	1.01789	0.54269	1.05475
chrX-48600000-48700000	0.422355	0.508345	0.149667	2.71728
chrX-66800000-66900000	0.33038	0.208687	-0.058309	1.16319
chrX-48900000-49000000	0.086462	0.754013	0.175249	4.65583
chrX-4900000-5000000	0.058404	0.173544	0.612806	1.23175
chrX-49400000-49500000	0.110824	0.697398	-0.00555	1.1816
chrX-49700000-49800000	0.325266	0.322133	0.257327	1.64446
chrX-5000000-5100000	-0.217144	0.290131	0.492459	1.10271
chrX-50200000-50300000	0.125093	0.419521	-0.018977	1.15742
chrX-50900000-51000000	0.365211	0.517416	0.343421	1.10134
chrX-51800000-51900000	0.553678	0.773887	0.073405	1.28091
chrX-51200000-51300000	0.347841	0.678385	-0.126162	1.74949
chrX-66000000-66100000	0.340377	0.193156	-0.210991	1.13607
chrX-51400000-51500000	0.300958	0.800234	-0.081877	3.27508
chrX-51900000-52000000	0.551852	0.773667	0.07381	1.0244
chrX-52500000-52600000	0.489511	0.808851	-0.194549	1.15649
chrX-53200000-53300000	0.419573	0.455212	0.016805	3.60402
chrX-79100000-79200000	-0.113201	0.10504	-0.362054	1.15149
chrX-53400000-53500000	0.401779	0.542475	0.033545	3.46633
chrX-53600000-53700000	0.38561	0.474215	-0.141044	1.82394
chrX-53900000-54000000	0.303577	0.734644	0.054162	1.35563
chrX-5400000-5500000	-0.31052	0.098172	0.51977	1.07257
chrX-58100000-58200000	0.514796	0.488763	0.235025	1.03678
chrX-54200000-54300000	0.255996	0.467681	0.067182	3.12543
chrX-74000000-74100000	0.346808	0.371797	-0.0904	1.21512
chrX-54900000-55000000	0.446048	0.549062	0.204933	2.1628
chrX-5500000-5600000	-0.328461	0.227216	0.23355	1.06988
chrX-99200000-99300000	0.318434	-0.018864	0.094169	1.04491
chrX-55200000-55300000	0.078497	0.685845	0.06507	1.15625
chrX-55500000-55600000	0.376966	0.68097	0.124354	3.53261
chrX-7700000-7800000	-0.071888	0.106201	0.52563	1.12955
chrX-55600000-55700000	0.184947	0.560479	0.353544	1.05266
chrX-55800000-55900000	0.545798	0.650373	0.147548	1.24572
chrX-56100000-56200000	0.382071	0.637914	0.217256	1.27771
chrX-56900000-57000000	0.533829	0.32874	0.171918	1.13514
chrX-57000000-57100000	0.423953	0.63209	0.247457	2.69119
chrX-57100000-57200000	0.448099	0.337898	0.345774	2.59481
chrX-57200000-57300000	0.489279	0.339644	0.038845	1.30659
chrX-57400000-57500000	0.560667	0.376254	0.106604	1.30017
chrX-57800000-57900000	0.576991	0.294887	0.089487	1.22035
chrX-75300000-75400000	0.226165	0.497291	-0.440966	3.04803
chrX-57900000-58000000	0.353101	0.256368	0.319346	1.95384
chrX-5800000-5900000	-0.207104	0.352314	0.396739	1.11663
chrX-58300000-58400000	0.248076	0.350467	0.184797	1.38891
chrX-5900000-6000000	-0.123047	0.064097	0.48674	1.17724
chrX-6000000-6100000	-0.379746	0.138928	0.320989	1.11575
chrX-60100000-60200000	0.81349	0.308268	0.386766	0
chrX-6100000-6200000	-0.156538	0.268543	0.5124	1.18968
chrX-61700000-61800000	0.662974	0.193723	0.156479	1.2522
chrX-87000000-87100000	0.414906	0.116446	-0.321717	1.05655
chrX-61800000-61900000	0.481698	0.425593	0.04673	1.29882
chrX-61900000-62000000	0.405884	0.135724	0.115433	1.14336
chrX-6200000-6300000	0.159249	0.332162	0.566212	1.04884
chrX-62000000-62100000	0.097464	0.21246	0.095993	1.1052
chrX-62300000-62400000	0.200827	0.713512	-0.266667	1.21904
chrX-62400000-62500000	-0.023147	0.909114	-0.167377	1.17944
chrX-62500000-62600000	0.149092	0.627342	-0.151704	2.03551
chrX-75400000-75500000	0.410023	0.218436	-0.446353	1.19903
chrX-62900000-63000000	0.180783	0.225013	0.0235	2.12527
chrX-63100000-63200000	0.304458	0.512249	-0.044692	1.50129
chrX-63300000-63400000	0.296911	0.593487	-0.219642	1.14182
chrX-63500000-63600000	0.457481	0.212616	0.259953	1.16189
chrX-6400000-6500000	-0.199732	0.065263	0.485866	1.12995
chrX-90300000-90400000	0.726528	0.02726	0.116319	1.13938
chrX-64100000-64200000	0.002486	0.54131	-0.197657	1.58448
chrX-64200000-64300000	0.278064	0.412392	-0.112773	2.36541
chrX-64400000-64500000	-0.160355	0.505584	-0.113232	1.37794
chrX-64800000-64900000	-0.184341	0.39399	-0.186381	3.62752
chrX-65000000-65100000	-0.239975	0.554981	-0.163847	1.32973
chrX-67600000-67700000	-0.155818	0.558397	-0.194338	2.16908
chrX-65100000-65200000	0.040335	0.410783	-0.143979	1.1834
chrX-65300000-65400000	0.253526	0.470706	-0.17438	1.15819
chrX-89300000-89400000	0.871877	0.057732	-0.267939	1.27749
chrX-65500000-65600000	-0.223396	0.391406	-0.154587	1.07985
chrX-89800000-89900000	0.995068	-0.008196	-0.112444	1
chrX-65600000-65700000	-0.01142	0.329665	0.07038	1.08919
chrX-74500000-74600000	-0.179067	0.420202	-0.356934	1.18123
chrX-65800000-65900000	0.025979	0.322108	-0.065199	2.07902
chrX-67200000-67300000	-0.160405	0.345343	-0.249926	1.25258
chrX-65900000-66000000	0.1448	0.414951	-0.346766	1.59904
chrX-6600000-6700000	-0.188801	0.066138	0.464139	1.16771
chrX-94700000-94800000	0.483331	-0.221305	-0.040734	1.07801
chrX-66100000-66200000	0.127363	0.228005	-0.426994	1.0753
chrX-95600000-95700000	0.387212	0.055631	-0.205494	1.51172
chrX-66900000-67000000	0.035511	0.289653	-0.099587	1.15068
chrX-6700000-6800000	-0.010842	0.163004	0.685802	1.14386
chrX-67000000-67100000	-0.171783	0.448649	-0.284656	1.41692
chrX-67100000-67200000	0.138667	0.47025	-0.269312	1.19518
chrX-85600000-85700000	0.316002	0.131645	0.154912	1.08825
chrX-67500000-67600000	-0.303993	0.313097	-0.083587	1.42401
chrX-96100000-96200000	-0.314302	0.04701	-0.075827	1.41149
chrX-67700000-67800000	0.147185	0.506038	-0.117183	2.79913
chrX-98200000-98300000	0.218505	0.100304	-0.191643	1.06969
chrX-67800000-67900000	0.258068	0.446913	-0.414081	1.53588
chrX-67900000-68000000	0.238912	0.132558	-0.358754	1.87312
chrX-68600000-68700000	0.14606	0.145591	-0.371484	1.14374
chrX-80000000-80100000	0.248792	0.176658	-0.000929	2.25202
chrX-68700000-68800000	0.139416	0.438227	-0.235143	1.19372
chrX-68900000-69000000	0.082122	0.440177	-0.268839	1.13601
chrX-6900000-7000000	-0.48801	0.250833	0.413326	1.52965
chrX-69000000-69100000	0.38898	0.364471	-0.296355	1.24229
chrX-69800000-69900000	-0.186723	0.453497	-0.176301	1.26814
chrX-81200000-81300000	0.395267	0.289259	-0.160214	1.19238
chrX-70200000-70300000	-0.143023	0.396405	-0.175413	2.50612
chrX-70300000-70400000	0.129298	0.356753	-0.322467	2.41068
chrX-70700000-70800000	-0.154444	0.32555	-0.448814	2.75052
chrX-71100000-71200000	-0.101314	0.443597	-0.19317	1.31391
chrX-86800000-86900000	0.608278	0.142364	0.130971	1.13793
chrX-71300000-71400000	0.067548	0.296451	-0.198887	1.62105
chrX-77600000-77700000	-0.315506	0.317589	-0.167615	1.0733
chrX-71600000-71700000	-0.137362	0.356461	-0.269217	1.3372
chrX-71700000-71800000	0.167171	0.378068	-0.183326	1.76866
chrX-71800000-71900000	0.239585	0.171446	-0.423434	1.43412
chrX-84600000-84700000	0.477393	-0.010317	-0.117891	1.12395
chrX-91000000-91100000	0.850775	-0.332013	-0.091527	1
chrX-71900000-72000000	0.344186	0.329348	-0.651609	1.94356
chrX-7200000-7300000	-0.224613	0.433868	0.356895	1.6789
chrX-72500000-72600000	0.417183	0.223787	-0.347244	1.14428
chrX-72900000-73000000	-0.131743	0.44549	-0.394888	1.13796
chrX-73600000-73700000	-0.204923	0.278577	-0.413585	2.94708
chrX-73800000-73900000	0.150886	0.280297	-0.573306	3.01386
chrX-73900000-74000000	0.406133	0.241956	-0.369197	1.14317
chrX-7400000-7500000	-0.266122	0.218075	0.579059	1.09646
chrX-74200000-74300000	-0.030141	0.438838	-0.366474	1.12239
chrX-76400000-76500000	-0.207492	0.453193	-0.320791	1.17096
chrX-74800000-74900000	0.345791	0.136521	-0.482408	1.10495
chrX-74900000-75000000	0.165859	0.385085	-0.379567	1.45357
chrX-75500000-75600000	0.411402	0.219516	-0.44566	1.11087
chrX-75700000-75800000	0.478965	0.293364	-0.210553	1.10196
chrX-75900000-76000000	-0.126826	0.298749	-0.348866	1.13562
chrX-7600000-7700000	-0.152241	0.175219	0.823239	1.24883
chrX-76000000-76100000	0.164819	0.309158	-0.217082	1.15401
chrX-76300000-76400000	0.051368	0.326475	-0.408699	1.21941
chrX-76500000-76600000	0.098918	0.555022	-0.240073	1.11638
chrX-76800000-76900000	-0.139305	0.387495	-0.128825	1.55355
chrX-76900000-77000000	-0.147051	0.213039	-0.395373	1.78554
chrX-77000000-77100000	-0.002285	0.502258	-0.421689	2.19184
chrX-77400000-77500000	-0.138752	0.218393	-0.449761	1.1972
chrX-77700000-77800000	-0.033358	0.262981	-0.311847	1.16422
chrX-77900000-78000000	0.038482	0.308385	-0.174293	1.47221
chrX-7800000-7900000	-0.157381	0.415168	0.484935	3.16884
chrX-78300000-78400000	0.305845	0.28848	-0.178514	1.12898
chrX-81500000-81600000	0.280033	0.264709	0.103786	1.09668
chrX-78900000-79000000	-0.139414	0.192665	-0.327603	1.05018
chrX-7900000-8000000	0.014274	0.185786	0.62504	1.27743
chrX-79300000-79400000	-0.099539	0.186291	-0.140257	1.07716
chrX-79900000-80000000	0.003687	0.263062	-0.16753	1.27388
chrX-80100000-80200000	0.319043	0.369165	-0.250267	1.32937
chrX-80200000-80300000	0.144631	0.11244	-0.347295	1.18297
chrX-80300000-80400000	-0.106229	0.109623	-0.147285	1.40714
chrX-97400000-97500000	0.358472	0.198286	-0.214495	1.18813
chrX-80500000-80600000	0	0	0	1.47106
chrX-80600000-80700000	0.046312	0.299578	-0.125712	1.22226
chrX-95400000-95500000	0.319612	0.115162	-0.125183	1.22741
chrX-95800000-95900000	0.159829	-0.162313	-0.435093	1.22447
chrX-80700000-80800000	0.240231	0.193698	-0.361173	1.16603
chrX-8700000-8800000	-0.418719	0.092388	0.565772	1.38896
chrX-80800000-80900000	0.477573	0.133564	-0.154865	1.08164
chrX-80900000-81000000	0.298869	0.109469	0.110989	1.1604
chrX-81600000-81700000	0.395864	0.007255	-0.040716	1.17251
chrX-83000000-83100000	0.302756	0.297056	-0.063142	1.10255
chrX-81700000-81800000	0.352986	0.214191	-0.282016	1.06802
chrX-81900000-82000000	0.334438	0.235761	0.139007	1.16411
chrX-8200000-8300000	0.042145	0.199563	0.584373	1.15466
chrX-83100000-83200000	0.55742	0.168705	0.084966	1.14172
chrX-83800000-83900000	0.596381	0.287854	0.056579	1.18579
chrX-83900000-84000000	0.302672	0.176143	-0.012959	1.23148
chrX-8400000-8500000	-0.196881	0.281261	0.71565	1.14945
chrX-84700000-84800000	0.292353	0.174413	0.066871	1.13256
chrX-84900000-85000000	0.305155	0.225473	0.034319	1.1185
chrX-85300000-85400000	0.546998	0.217184	-0.102046	2.09112
chrX-85400000-85500000	0.24036	0.172629	-0.059077	1.54622
chrX-86000000-86100000	0.260967	-0.009329	-0.045842	1.07078
chrX-86200000-86300000	0.444881	0.065235	-0.251423	1.11557
chrX-9100000-9200000	-0.058202	0.115191	0.603176	1.92879
chrX-86300000-86400000	0.508685	0.296963	-0.047221	1.25695
chrX-86400000-86500000	0.493154	0.001142	-0.180399	1.16968
chrX-86500000-86600000	0.259637	0.196617	-0.133418	1.13421
chrX-86900000-87000000	0.544111	-0.080794	-0.104351	1.15224
chrX-87100000-87200000	0.193963	0.002428	-0.122103	1.09566
chrX-87300000-87400000	0.193409	0.153421	-0.066528	1.08857
chrX-87500000-87600000	0.587859	0.115858	-0.046864	1.15828
chrX-87800000-87900000	0.384808	0.215269	-0.113908	1.14559
chrX-87900000-88000000	0.392293	-0.073796	0.026876	1.20057
chrX-88000000-88100000	0.659925	0.064333	0.131088	1.13743
chrX-88200000-88300000	0.414215	0.285219	0.024241	1.13131
chrX-88300000-88400000	0.543763	0.119097	-0.221774	1.05888
chrX-88500000-88600000	0.812865	0.193241	-0.360614	1
chrX-88600000-88700000	0.813411	0.192201	-0.362087	1
chrX-88900000-89000000	0.811245	0.189567	-0.365515	1.09186
chrX-8900000-9000000	-0.414134	0.153587	0.338589	1.48398
chrX-89000000-89100000	0.75277	0.191157	-0.590394	1
chrX-89100000-89200000	0.753002	0.190328	-0.592069	0
chrX-89200000-89300000	0.594206	0.045382	-0.366276	1.05966
chrX-98100000-98200000	-0.059223	-0.002213	-0.085908	1.17542
chrX-89500000-89600000	0.869172	0.057683	-0.268324	1.1689
chrX-89600000-89700000	0.870183	0.056714	-0.269584	1
chrX-90100000-90200000	0.988418	-0.039909	0.149111	1.31993
chrX-90900000-91000000	0.850721	-0.332928	-0.089882	1.22822
chrX-91100000-91200000	0.850272	-0.331865	-0.093336	0
chrX-91300000-91400000	0.851395	-0.329619	-0.091885	1
chrX-91400000-91500000	0.579749	-0.282288	-0.247075	1.09895
chrX-91600000-91700000	0.668392	-0.494441	-0.458384	1
chrX-91800000-91900000	0.665738	-0.492267	-0.458874	1
chrX-91900000-92000000	0.666479	-0.490987	-0.457709	1
chrX-92000000-92100000	0.665331	-0.491873	-0.458911	1
chrX-92300000-92400000	0.445364	-0.37539	-0.285556	1.11269
chrX-92900000-93000000	0.457904	0.168638	0.01868	2.1988
chrX-9300000-9400000	-0.260565	0.367088	0.535719	1.93323
chrX-93000000-93100000	0.388505	-0.13013	-0.059208	1.13487
chrX-93100000-93200000	0.177057	-0.116546	-0.285849	1.17953
chrX-93300000-93400000	0.490054	0.15804	0.180688	1.14497
chrX-93800000-93900000	0.119005	0.076287	-0.134539	1.13554
chrX-97100000-97200000	0.04345	0.013971	-0.319417	1.27895
chrX-9400000-9500000	0.022962	0.465952	0.597086	2.41459
chrX-94000000-94100000	0.289885	-0.021346	-0.392341	1.14212
chrX-94300000-94400000	0.064129	0.089109	-0.280021	1.23125
chrX-94500000-94600000	-0.052804	-0.009354	-0.197534	1.16743
chrX-94900000-95000000	-0.010189	0.120767	-0.076285	1.11841
chrX-9500000-9600000	-0.17919	0.231294	0.559073	2.34495
chrX-95100000-95200000	0.25262	-0.250254	-0.104431	1.09403
chrX-95300000-95400000	0.270745	-0.184419	-0.229979	1.1413
chrX-95500000-95600000	0.575206	0.073802	0.062992	1.19105
chrX-95900000-96000000	-0.100977	-0.040997	-0.54083	2.44965
chrX-96000000-96100000	-0.128386	-0.147415	-0.248765	1.35704
chrX-96300000-96400000	-0.166994	0.066125	-0.056287	1.27077
chrX-96400000-96500000	-0.431019	0.227736	-0.121871	1.33943
chrX-96900000-97000000	0.005353	0.025047	-0.227869	1.34991
chrX-97200000-97300000	0.11696	-0.24277	-0.16098	1.14234
chrX-97600000-97700000	-0.229911	-0.006665	-0.210382	1.07354
chrX-97700000-97800000	0.076443	-0.005663	-0.300508	1.08875
chrX-97800000-97900000	0.203618	0.10999	-0.041669	1.1131
chrX-98500000-98600000	0.105211	0.064025	-0.331788	1.1567
chrX-98600000-98700000	0.282994	-0.016272	-0.079728	1.1686
chrX-98700000-98800000	-0.032137	0.007404	-0.139035	1.14753
chrX-98900000-99000000	0.141137	0.047532	-0.053219	1.11469
chrX-99600000-99700000	0.00758	-0.126673	-0.14052	1.1724
chrX-99900000-100000000	-0.101263	0.054207	-0.318816	2.4979
