chrX-111400000-111500000	-0.501405	-0.335843	-0.233549	1.17946
chrX-133400000-133500000	-0.688406	-0.609032	-0.440213	1.13356
chrX-105000000-105100000	-0.519558	-0.227321	-0.250502	1.74115
chrX-76700000-76800000	-0.096672	0.139213	-0.398847	1.66391
chrX-47300000-47400000	-0.528666	0.55079	-0.337063	3.14007
chrX-38100000-38200000	-0.584981	0.518025	-0.245971	1.71124
chrX-115600000-115700000	-0.331392	-0.643716	0.095839	1.09299
chrX-87700000-87800000	-0.238078	-0.25073	0.323131	1.12916
chrX-140200000-140300000	-0.86281	-0.41821	-0.801722	2.77987
chrX-4200000-4300000	-1.09878	0.233221	0.039182	1.10893
chrX-101800000-101900000	-0.043517	-0.360379	-0.591595	2.49977
chrX-100600000-100700000	-0.238656	-0.103794	-0.644315	4.00262
chrX-101000000-101100000	0.008583	-0.351833	-0.315796	1.17674
chrX-76100000-76200000	0.120166	0.046659	-0.374294	1.07737
chrX-83300000-83400000	-0.32913	-0.031757	-0.096553	1.59026
chrX-109000000-109100000	-0.126509	-0.117954	-0.566889	1.37653
chrX-128400000-128500000	-0.95652	-0.674335	-0.205672	1.25861
chrX-78200000-78300000	-0.257119	0.107145	-0.009507	1.13163
chrX-49800000-49900000	-0.204545	0.559099	-0.33073	1.17281
chrX-133800000-133900000	-0.921268	-0.479465	-0.115628	2.7198
chrX-105600000-105700000	0.052635	-0.503864	-0.150176	1.14581
chrX-92400000-92500000	0.095713	-0.249732	-0.114233	1.12992
chrX-113600000-113700000	-0.215496	-0.432245	-0.38481	1.15586
chrX-122600000-122700000	-0.28695	-0.72652	-0.109746	1.20094
chrX-41000000-41100000	-0.487859	0.73388	-0.097258	1.76558
chrX-102000000-102100000	-0.05241	-0.349984	-0.532366	2.1488
chrX-108200000-108300000	-0.403394	-0.266816	-0.218376	1.75162
chrX-32600000-32700000	0.011335	0.172358	0.383295	1.24765
chrX-153800000-153900000	-1.42594	-0.351491	0.018037	2.49464
chrX-105200000-105300000	-0.207925	-0.484314	-0.49352	1.13491
chrX-145200000-145300000	-0.880409	-0.297357	-0.100353	1.13812
chrX-87600000-87700000	-0.065565	-0.085219	-0.106699	1.11507
chrX-98800000-98900000	-0.016515	-0.30141	-0.501201	1.10467
chrX-106000000-106100000	-0.225854	-0.316157	-0.251364	2.85432
chrX-12000000-12100000	-0.85233	0.26295	-0.072151	1.4983
chrX-129800000-129900000	-0.515954	-0.348202	-0.245812	1.35143
chrX-135200000-135300000	-0.872633	-0.28403	-0.130981	2.62877
chrX-92800000-92900000	0.1338	-0.521555	-0.041961	1.10677
chrX-121000000-121100000	-0.744439	-0.314477	-0.148858	1.20072
chrX-122200000-122300000	-0.817584	-0.267316	-0.366121	1.18903
chrX-70800000-70900000	-0.205064	0.460929	-1.06602	2.15031
chrX-83600000-83700000	0.135196	-0.042864	-0.08563	1.38334
chrX-49000000-49100000	-0.351813	0.7524	-0.412023	4.57255
chrX-124400000-124500000	-0.390344	-0.808212	0.121856	1.83486
chrX-12800000-12900000	-1.03894	0.601072	0.012414	1.93395
chrX-135800000-135900000	-0.925774	-0.605402	-0.032887	2.08385
chrX-72800000-72900000	0.202376	-0.147819	0.438606	1.36884
chrX-74400000-74500000	0.101323	0.094312	-0.476105	3.26812
chrX-50400000-50500000	-0.655078	0.436544	-0.28533	1.57796
chrX-41800000-41900000	-0.484787	0.644273	0.169778	1.11151
chrX-125600000-125700000	-0.475257	-0.669742	-0.430919	1.09897
chrX-69200000-69300000	-0.506625	0.199396	-0.562436	1.2906
chrX-104600000-104700000	-0.067554	-0.394006	-0.432466	1.07181
chrX-131200000-131300000	-0.725991	-0.504979	-0.696286	1.17529
chrX-90800000-90900000	0.664204	-0.870026	-0.048328	1
chrX-4800000-4900000	-0.523072	0.237876	0.657372	1.24732
chrX-45500000-45600000	-0.018931	0.561998	-0.231592	2.81158
chrX-27000000-27100000	-0.504279	0.33519	0.14435	1.14004
chrX-102800000-102900000	-0.226716	-0.300714	-0.424371	4.24817
chrX-133200000-133300000	-0.649476	-0.769826	-0.484035	1.10644
chrX-146400000-146500000	-0.872225	-0.561091	-0.201401	1.18276
chrX-67400000-67500000	0.139455	0.146258	0.213916	1.37695
chrX-29200000-29300000	0.129531	0.144028	0.421538	1.22137
chrX-119800000-119900000	-0.666211	-0.424266	-0.646497	1.32019
chrX-89400000-89500000	0.54367	-0.475413	0.743008	1
chrX-38400000-38500000	-0.276803	0.449576	0.107717	1.6388
chrX-21600000-21700000	-0.411505	0.322623	-0.088814	1.31035
chrX-120800000-120900000	-0.821914	-0.702976	-0.259898	1.18964
chrX-58200000-58300000	0.07643	0.634871	-0.501391	1.38477
chrX-23300000-23400000	-0.343503	0.41021	0.187286	1.21928
chrX-151400000-151500000	-0.605006	-0.752546	-0.011668	1.04815
chrX-135400000-135500000	-0.655225	-0.671815	-0.512282	1.13175
chrX-137200000-137300000	-0.574797	-0.627486	0.21609	1.36611
chrX-56000000-56100000	-0.458315	0.449002	-0.250783	1.56653
chrX-72100000-72200000	0.115489	0.332069	-0.882822	1
chrX-27800000-27900000	-0.589743	0.07973	0.60625	1.18187
chrX-18600000-18700000	-0.789898	0.447808	-0.127025	1.75049
chrX-89900000-90000000	0.184337	-0.587011	0.826248	1
chrX-148600000-148700000	-0.966855	-0.88251	0.059042	3.47444
chrX-102400000-102500000	-0.388178	-0.200908	-0.252922	1.91108
chrX-117600000-117700000	-0.453694	-0.519273	-0.500803	2.11018
chrX-78600000-78700000	-0.1048	0.06353	-0.399902	1.13646
chrX-18000000-18100000	-0.359821	0.160587	0.527414	1.12454
chrX-56800000-56900000	0.102152	0.256155	0.15154	2.90549
chrX-72600000-72700000	-0.123479	-0.075785	0.1982	1.13287
chrX-115400000-115500000	-0.24881	-0.52294	0.108825	1.08123
chrX-63800000-63900000	-0.443661	0.30659	-0.560193	1.15991
chrX-81400000-81500000	0.137426	-0.220719	-0.076979	1.13383
chrX-90600000-90700000	-0.121594	-0.360576	-0.169982	1.83884
chrX-100200000-100300000	0.166957	-0.43083	-0.306602	2.10705
chrX-131600000-131700000	-0.442731	-0.670381	0.035621	2.07073
chrX-72400000-72500000	0.13722	0.111262	-0.286437	1.33985
chrX-129600000-129700000	-0.84489	-0.420508	-0.122714	1.28866
chrX-7000000-7100000	-0.718931	0.539149	0.328547	3.04877
chrX-52800000-52900000	0.050191	1.09163	-0.242767	1.79703
chrX-34800000-34900000	-0.47235	0.024305	0.379583	1.39568
chrX-76200000-76300000	0.243964	0.31038	0.008127	1.1018
chrX-111000000-111100000	-0.575753	-0.457889	0.114023	1.41296
chrX-117000000-117100000	-0.29979	-0.596059	-0.068551	1.02994
chrX-117200000-117300000	-0.463768	-0.542996	-0.611176	1.6896
chrX-117800000-117900000	-0.620315	-0.341401	-0.078723	2.20124
chrX-69600000-69700000	-0.460028	0.342577	-0.648761	3.02553
chrX-78000000-78100000	0.007712	0.166829	-0.58992	1.14652
chrX-9200000-9300000	-0.833428	0.324301	0.445405	1.48674
chrX-94200000-94300000	-0.366451	-0.307145	-0.076203	1.16517
chrX-10000000-10100000	-0.980866	0.351688	-0.148228	1.96035
chrX-135600000-135700000	-0.68739	-0.405137	-0.719977	1.2337
chrX-8800000-8900000	-0.77892	0.453538	0.340332	1.43466
chrX-92200000-92300000	0.800214	-0.59312	-0.234298	1
chrX-12600000-12700000	-0.651268	0.101991	0.457085	1.49927
chrX-74600000-74700000	0.180359	0.006683	-0.485052	1.08356
chrX-132400000-132500000	-0.998761	-0.419092	-0.166502	1.13232
chrX-102600000-102700000	-0.225612	-0.304291	-0.636963	3.31618
chrX-107200000-107300000	-0.008037	-0.579748	-0.210598	1.59233
chrX-100000000-100100000	0.162621	-0.381657	-0.265185	2.29491
chrX-114200000-114300000	-0.490665	-0.279355	-0.235305	1.31938
chrX-100400000-100500000	0.105406	-0.168883	-0.348178	2.82056
chrX-140000000-140100000	-0.911892	-0.512392	-0.692404	1.20862
chrX-108800000-108900000	-0.332166	-0.342529	-0.609861	1.36686
chrX-102500000-102600000	-0.574837	0.040229	-0.637963	3.3985
chrX-102100000-102200000	0.128603	-0.575631	-0.149981	1.37381
chrX-31200000-31300000	-0.593577	0.036562	0.210426	1.66716
chrX-82600000-82700000	0.146482	-0.151489	0.03844	1.22305
chrX-100700000-100800000	0.157198	-0.265698	-0.393731	1.88777
chrX-33100000-33200000	-0.51779	0.055078	0.252376	1.38465
chrX-104500000-104600000	-0.385347	-0.26185	-0.082287	1.10158
chrX-106300000-106400000	0.107471	-0.489883	-0.23727	1.97633
chrX-100500000-100600000	-0.235278	-0.494542	-0.351139	1.95579
chrX-116300000-116400000	-0.642656	-0.440909	-0.202662	1.1505
chrX-26400000-26500000	-0.746063	0.323081	-0.021207	1.10763
chrX-105500000-105600000	-0.362047	-0.302615	-0.310597	1.17142
chrX-107500000-107600000	-0.367377	-0.295867	-0.241231	1.58064
chrX-116700000-116800000	-0.656221	-0.608192	-0.461277	1.13641
chrX-109500000-109600000	-0.353791	-0.143582	-0.70814	3.02906
chrX-77500000-77600000	-0.374234	0.297657	-0.607446	1.1602
chrX-91200000-91300000	0.663073	-0.868124	-0.048263	1
chrX-102700000-102800000	-0.601523	-0.026832	-0.561717	1.67904
chrX-138100000-138200000	-0.697908	-0.496536	0.238868	1.14002
chrX-22100000-22200000	-0.474403	0.47279	0.411854	1.53601
chrX-135100000-135200000	-0.740256	-0.348516	-0.562272	1.72195
chrX-15700000-15800000	-0.934271	0.447324	-0.148424	1.82589
chrX-31400000-31500000	-0.336033	0.316899	0.08875	1.41698
chrX-130700000-130800000	-0.680198	-0.406815	-0.33145	1.20045
chrX-100300000-100400000	-0.104188	-0.297318	0.068823	2.48255
chrX-152700000-152800000	-1.11475	-0.430628	0.025842	2.29792
chrX-105100000-105200000	-0.271021	-0.571449	-0.013839	1.1747
chrX-82500000-82600000	-0.024786	-0.167924	-0.423522	1.24204
chrX-101100000-101200000	-0.435961	-0.217737	-0.139324	2.01652
chrX-11500000-11600000	-0.636243	0.116928	0.417217	1.39962
chrX-134700000-134800000	-0.870071	-0.652163	0.213552	1.22518
chrX-35200000-35300000	-0.189113	0.075787	0.486331	1.14689
chrX-33500000-33600000	-0.068612	0.039864	0.420841	1.11186
chrX-73300000-73400000	0.29111	0.338886	-0.240033	1.75235
chrX-99500000-99600000	0.039818	-0.411553	-0.083471	1.09961
chrX-28500000-28600000	-0.805	0.253365	-0.057667	1.2519
chrX-112100000-112200000	-0.565008	-0.122926	-0.489137	1.22125
chrX-51100000-51200000	-0.055063	0.451522	-0.322776	1.28607
chrX-19100000-19200000	-0.93315	0.155754	0.274498	1.40396
chrX-100100000-100200000	-0.102858	-0.705949	-0.038975	1.50013
chrX-68100000-68200000	-0.179579	0.217353	-0.26282	2.19104
chrX-103500000-103600000	-0.359639	-0.176516	-0.731872	2.59371
chrX-103100000-103200000	0.014616	-0.561254	-0.404223	2.00219
chrX-141100000-141200000	-0.787166	-0.391198	0.288654	1.13054
chrX-73100000-73200000	0.126683	0.040694	0.224013	2.24287
chrX-8100000-8200000	-0.851762	0.181976	0.62371	1.1868
chrX-84200000-84300000	0.012822	0.022478	-0.347477	1.79789
chrX-46500000-46600000	0.017855	0.63315	0.008248	1.7879
chrX-116500000-116600000	-0.57307	-0.317525	-0.658804	1.1594
chrX-140500000-140600000	-0.8285	-0.838754	-0.311707	1.92592
chrX-15500000-15600000	-0.420627	-0.046031	0.47977	1.65433
chrX-101500000-101600000	0.230082	-0.531529	-0.942725	1.49022
chrX-64000000-64100000	0.064302	0.234829	0.090392	1.14955
chrX-6500000-6600000	-0.991705	0.069344	0.452806	1.09015
chrX-47400000-47500000	-0.114641	0.73969	-0.513499	3.18054
chrX-122400000-122500000	-0.790949	-0.29815	-0.116959	1.09763
chrX-85700000-85800000	-0.299095	-0.245933	-0.131688	1.13188
chrX-3600000-3700000	-0.941009	0.613789	-0.020991	1.92607
chrX-100800000-100900000	-0.182933	-0.539438	-0.595159	3.77981
chrX-22900000-23000000	-0.332135	0.244663	0.061735	1.30112
chrX-100900000-101000000	-0.435647	-0.175993	-0.410914	3.03356
chrX-112900000-113000000	-0.020928	-0.704391	-0.262538	1.09998
chrX-12100000-12200000	-0.570459	0.431896	0.288675	1.53794
chrX-130400000-130500000	-0.451718	-0.742092	-0.055839	1.15437
chrX-103800000-103900000	-0.510065	-0.204518	-0.725401	1.15553
chrX-106200000-106300000	-0.354291	-0.327004	-0.184577	2.04762
chrX-118200000-118300000	-0.75662	-0.131825	-0.552774	1.13951
chrX-103000000-103100000	-0.06649	-0.130984	-0.607859	1.5533
chrX-107400000-107500000	-0.568198	-0.114124	-0.644959	1.668
chrX-43800000-43900000	-0.415302	0.335615	-0.090624	1.70407
chrX-146600000-146700000	-0.361591	-0.675794	0.136554	1.14202
chrX-126800000-126900000	-0.232751	-0.689635	-0.076239	1.15567
chrX-150200000-150300000	-1.11549	-0.44848	-0.1702	1.14377
chrX-122800000-122900000	-0.407838	-0.867075	-0.074447	2.22037
chrX-130000000-130100000	-0.457747	-0.678527	-0.453462	2.23854
chrX-102200000-102300000	-0.069525	-0.27285	-0.492705	1.97051
chrX-47800000-47900000	-0.356251	0.568269	-0.621511	2.89723
chrX-47500000-47600000	-0.409931	0.728877	-0.124187	3.4451
chrX-16500000-16600000	-0.772922	0.813563	0.026939	1.68279
chrX-10100000-10200000	-0.847157	0.100699	0.258416	1.9418
chrX-23800000-23900000	-0.895273	0.509559	0.336612	2.12417
chrX-105800000-105900000	0.068425	-0.458093	-0.165176	1.29788
chrX-115000000-115100000	-0.559698	-0.392679	-0.61733	1.9013
chrX-36700000-36800000	-0.474101	0.235007	-0.019179	1.1493
chrX-105400000-105500000	-0.180133	-0.506532	-0.716584	1.03252
chrX-29100000-29200000	-0.327464	0.036798	0.523592	1.17431
chrX-34600000-34700000	-0.404156	-0.069726	0.449765	1.59027
chrX-151600000-151700000	-1.03167	-0.31319	-0.135477	1.01759
chrX-149600000-149700000	-1.06651	-0.26935	0.011025	1.69504
chrX-10200000-10300000	-0.821894	0.355872	-0.145799	1.5025
chrX-137600000-137700000	-0.883669	-0.404277	-0.184131	1.03689
chrX-21500000-21600000	-0.42597	0.447057	0.375848	1.24994
chrX-101200000-101300000	-0.037745	-0.494726	-0.09017	1.48761
chrX-114800000-114900000	-0.387248	-0.088792	-0.499256	1.90466
chrX-131000000-131100000	-0.631076	-0.498869	-0.633336	1.1493
chrX-94400000-94500000	0.120221	-0.277881	-0.453549	1.21752
chrX-94600000-94700000	-0.310864	-0.238563	-0.173246	1.14454
chrX-96200000-96300000	0.045924	-0.501804	-0.122084	1.36454
chrX-148200000-148300000	-1.01361	-0.203402	-0.189863	1.15459
chrX-23700000-23800000	-0.827728	0.22583	0.719158	2.13995
chrX-108600000-108700000	-0.469008	-0.234969	-0.222169	1.11137
chrX-130600000-130700000	-0.390939	-0.688213	-0.061589	1.15703
chrX-37600000-37700000	-0.019976	0.151026	0.283827	1.37406
chrX-13800000-13900000	-0.875715	0.100712	0.155366	1.20379
chrX-141700000-141800000	-0.798609	-0.552603	0.293173	1.09955
chrX-97300000-97400000	-0.427011	-0.014046	-0.63734	1.14042
chrX-46700000-46800000	-0.579786	0.354954	-0.396217	1.91498
chrX-105300000-105400000	-0.481643	-0.124971	-0.677316	1.13995
chrX-40000000-40100000	0.022435	0.607585	0.405543	3.96923
chrX-75100000-75200000	0.232236	0.02044	-0.004615	1.10903
chrX-129900000-130000000	-0.441686	-0.725864	0.035142	1.24154
chrX-64300000-64400000	-0.070489	0.228708	-0.646678	1.20632
chrX-101300000-101400000	-0.031902	-0.405326	-0.575882	1.17913
chrX-120500000-120600000	-0.882758	-0.282117	-0.466969	1.17577
chrX-104200000-104300000	-0.0395	-0.424028	-0.472851	1.09425
chrX-69900000-70000000	-0.046525	0.298672	-0.394451	1.17414
chrX-14400000-14500000	-0.46777	-0.074039	0.435615	1.08037
chrX-116000000-116100000	-0.442473	-0.383471	-0.591814	1.53249
chrX-83700000-83800000	-0.352753	-0.09826	-0.1312	2.17251
chrX-45800000-45900000	-0.065439	0.269259	0.309126	1.18182
chrX-151800000-151900000	-1.16878	-0.590977	-0.024498	1.21333
chrX-101400000-101500000	0.229949	-0.532563	-0.941997	1.20196
chrX-125200000-125300000	-0.37083	-0.706753	-0.274726	1.24543
chrX-121200000-121300000	-0.865664	-0.248022	-0.431489	1.09459
chrX-81800000-81900000	0.115467	-0.142939	-0.27351	1.07093
chrX-27700000-27800000	-0.201052	-0.156891	0.417196	1.24711
chrX-150800000-150900000	-0.847447	-0.711938	0.065546	1.1565
chrX-125000000-125100000	-0.357621	-0.721115	0.126129	1.12153
chrX-56600000-56700000	-0.339003	0.671257	-0.508966	1.30101
chrX-70500000-70600000	-0.404891	0.314749	-0.596789	3.19273
chrX-119400000-119500000	-0.724665	-0.229725	-0.618027	1.16165
chrX-36400000-36500000	-0.122362	0.367136	0.38201	1.15605
chrX-10400000-10500000	-0.851762	0.270233	-0.159001	1.6476
chrX-74700000-74800000	0.206341	0.243778	-0.063383	1.35053
chrX-36000000-36100000	-0.220913	0.343132	0.419382	1.09508
chrX-30700000-30800000	-0.504539	0.424272	0.091737	1.39371
chrX-30100000-30200000	-0.324526	0.228169	-0.00811	1.4655
chrX-101600000-101700000	0.229004	-0.530866	-0.942849	1.2732
chrX-137800000-137900000	-0.955766	-0.281203	-0.341924	1.17015
chrX-54800000-54900000	-0.402962	0.873362	-0.210984	3.83745
chrX-110400000-110500000	-0.507021	-0.090407	-0.652662	1.08698
chrX-90200000-90300000	0.061747	-0.830818	0.666785	1.26252
chrX-101700000-101800000	0.228884	-0.530169	-0.943905	1.1669
chrX-86700000-86800000	0.055892	-0.107178	0.080529	1.30647
chrX-124300000-124400000	-0.429478	-0.420816	-0.186355	1.28024
chrX-101900000-102000000	-0.439747	-0.102061	-0.684717	2.65839
chrX-44600000-44700000	-0.096368	0.685467	0.368189	1.39434
chrX-15200000-15300000	-0.455177	0.473506	0.211904	1.34508
chrX-104700000-104800000	-0.485191	-0.156562	-0.337514	1.10762
chrX-104100000-104200000	-0.085004	-0.579562	-0.015127	1.13261
chrX-111100000-111200000	-0.105709	-0.452743	-0.004085	1.33069
chrX-142100000-142200000	-0.363973	-0.546919	0.335852	1.17469
chrX-15800000-15900000	-0.665987	0.551179	0.226589	2.99644
chrX-115500000-115600000	-0.575678	-0.360278	-0.216873	1.09942
chrX-11600000-11700000	-0.785939	0.235298	-0.033498	1.18617
chrX-146500000-146600000	-0.424588	-0.696773	-0.347413	1.1883
chrX-102300000-102400000	-0.462749	-0.190755	-0.733928	1.187
chrX-135500000-135600000	-1.0146	-0.402194	-0.3724	2.2406
chrX-91500000-91600000	0.79464	-0.593537	-0.234898	1.09604
chrX-142300000-142400000	-0.997041	-0.276926	-0.277154	1.07419
chrX-144700000-144800000	-0.859996	-0.483097	-0.098973	1.09657
chrX-102900000-103000000	-0.525573	-0.068613	-0.718957	2.39844
chrX-18300000-18400000	-0.859376	0.355548	0.397331	1.74197
chrX-120200000-120300000	-0.761075	-0.428826	-0.228786	1.09601
chrX-14100000-14200000	-0.86178	0.512777	0.269908	1.13455
chrX-147800000-147900000	-0.905499	-0.302108	-0.567657	1.18556
chrX-103400000-103500000	-0.682587	0.038438	-0.436362	2.83543
chrX-25700000-25800000	-0.287421	0.079002	0.485322	1.10327
chrX-132000000-132100000	-0.538607	-0.560969	0.160665	1.19133
chrX-103200000-103300000	-0.170743	-0.349559	-0.79695	1.60463
chrX-47100000-47200000	0.16694	0.543844	-0.070278	1.74573
chrX-27200000-27300000	-0.31543	0.242653	0.026004	1.162
chrX-10300000-10400000	-0.840993	0.20086	0.30061	1.33934
chrX-90700000-90800000	0.327613	-0.51283	-0.160504	1.14684
chrX-26300000-26400000	-0.291879	0.36142	0.167079	1.07988
chrX-103300000-103400000	-0.609808	-0.175206	-0.87452	1.92452
chrX-110700000-110800000	-0.451233	-0.353296	-0.224436	1.09841
chrX-128300000-128400000	-0.524619	-0.646514	-0.45047	1.62361
chrX-126700000-126800000	-0.42178	-0.583973	-0.515571	1.15939
chrX-57300000-57400000	-0.267481	0.21838	-0.039046	1.33132
chrX-54700000-54800000	-0.034671	0.57085	-0.33678	1.08025
chrX-10500000-10600000	-0.89951	0.562935	0.199069	1.96206
chrX-103600000-103700000	-0.005691	-0.468624	-0.565952	1.09458
chrX-103700000-103800000	-0.368363	-0.323182	-0.276779	1.24003
chrX-123300000-123400000	-0.294217	-0.659559	-0.266654	1.33962
chrX-84800000-84900000	-0.319115	-0.128413	-0.192421	1.20356
chrX-103900000-104000000	-0.0698	-0.112958	-0.555023	1.08394
chrX-104800000-104900000	-0.235563	-0.310391	0.054433	1.12392
chrX-29700000-29800000	-0.286319	0.236065	0.587973	1.38925
chrX-104000000-104100000	-0.265504	-0.555096	-0.471189	1.11291
chrX-27500000-27600000	-0.204583	0.098367	0.491218	1.24277
chrX-16300000-16400000	-0.440603	0.276652	0.612346	1.26286
chrX-104300000-104400000	-0.38614	-0.144213	-0.669844	1.11391
chrX-138500000-138600000	-0.520917	-0.696721	0.186803	1.13754
chrX-82100000-82200000	-0.362557	-0.224366	-0.145063	1.17269
chrX-115100000-115200000	-0.227399	-0.727032	-0.446304	1.14973
chrX-129100000-129200000	-0.961092	-0.209072	-0.265927	2.7531
chrX-52700000-52800000	0.050348	1.09287	-0.243045	1
chrX-25300000-25400000	-0.346293	0.058931	0.526155	1.21794
chrX-18500000-18600000	-0.662661	0.168824	0.228318	1.40239
chrX-104400000-104500000	-0.142119	-0.491699	-0.437545	1.13491
chrX-104900000-105000000	-0.086594	-0.374765	-0.412934	1.10462
chrX-31100000-31200000	-0.397277	0.469104	0.138358	1.20091
chrX-122100000-122200000	-0.742231	-0.752021	-0.386347	1.13991
chrX-105700000-105800000	-0.167614	-0.404403	-0.584623	1.11206
chrX-93600000-93700000	-0.01688	-0.523096	0.076904	1.17285
chrX-105900000-106000000	-0.226371	-0.471563	0.216233	1.52246
chrX-54600000-54700000	-0.16774	0.816728	0.063856	1.87139
chrX-149400000-149500000	-0.959449	-0.369684	0.054444	1.4613
chrX-43600000-43700000	-0.32611	0.208148	-0.17195	1.12248
chrX-139200000-139300000	-0.995231	-0.521309	-0.552992	1.20185
chrX-29900000-30000000	-0.202585	0.276296	0.395526	1.42129
chrX-25600000-25700000	-0.54371	0.209492	0.097777	1.10969
chrX-12400000-12500000	-0.629662	0.091726	0.555847	1.70779
chrX-10600000-10700000	-1.098	0.162741	0.011522	1.42701
chrX-35600000-35700000	-0.373974	0.238692	0.065259	1.16172
chrX-121100000-121200000	-0.509416	-0.564654	-0.494517	1.16098
chrX-75200000-75300000	0.11763	-0.128039	-0.462999	1.12369
chrX-106100000-106200000	-0.502551	-0.053231	-0.566881	2.08598
chrX-11300000-11400000	-0.696461	0.047797	0.191344	1.43407
chrX-119200000-119300000	-0.753181	-0.3423	-0.896876	1.34638
chrX-132600000-132700000	-0.909249	-0.771569	-0.158522	1.25743
chrX-14000000-14100000	-0.855599	0.351264	-0.196039	2.79866
chrX-25100000-25200000	-0.760038	0.078602	0.179705	1.1298
chrX-106400000-106500000	-0.142199	-0.247449	-0.570766	1.09984
chrX-139600000-139700000	-0.858824	-0.355989	-0.504961	1.4606
chrX-106500000-106600000	-0.398066	-0.503846	-0.240153	1.12935
chrX-108700000-108800000	-0.656905	0.013018	-0.611899	2.01668
chrX-75000000-75100000	0.03171	-0.160701	-0.42146	1.14581
chrX-143100000-143200000	-0.984564	-0.897311	0.392644	1.13013
chrX-71000000-71100000	-0.204787	0.461887	-1.06695	1.23113
chrX-73700000-73800000	0.005423	0.061838	-0.049689	2.02515
chrX-39200000-39300000	-0.071957	0.603808	-0.122278	1.156
chrX-22500000-22600000	-0.460462	0.047858	0.589561	1.22915
chrX-11700000-11800000	-0.811774	0.150456	0.436661	2.92688
chrX-35000000-35100000	0.020037	0.541666	0.013401	1.18939
chrX-49600000-49700000	-0.268865	0.346531	0.1075	2.64671
chrX-45700000-45800000	-0.370247	0.525193	0.045764	1.96615
chrX-106600000-106700000	0.006934	-0.254601	-0.31648	1.14825
chrX-37500000-37600000	-0.32443	0.285989	-0.068568	1.74181
chrX-99400000-99500000	-0.30182	-0.3955	0.270364	1.14939
chrX-108500000-108600000	-0.253067	-0.247036	-0.658149	1.23324
chrX-28100000-28200000	-0.707406	0.258257	-0.014191	1.57649
chrX-20100000-20200000	-0.724552	0.114753	0.209204	2.03332
chrX-106700000-106800000	-0.479085	-0.268188	-0.253433	1.28301
chrX-38200000-38300000	-0.236109	0.325358	0.050067	1.13214
chrX-29600000-29700000	0.037345	0.304427	0.24705	2.17904
chrX-110000000-110100000	-0.486016	-0.336794	-0.206166	1.21381
chrX-32000000-32100000	-0.684604	-0.00181	0.227969	1.1654
chrX-12200000-12300000	-0.884476	0.165993	0.058757	1.7825
chrX-106800000-106900000	-0.523515	-0.064874	-0.679666	3.08934
chrX-106900000-107000000	-0.274731	-0.468087	-0.596858	2.11491
chrX-18700000-18800000	-0.580001	0.477453	0.296667	1.22118
chrX-136000000-136100000	-0.35743	-0.8617	-0.268602	1.24724
chrX-136800000-136900000	-0.915168	-0.628238	-0.182878	1.08567
chrX-140400000-140500000	-0.912325	-0.410401	-0.4979	1.30173
chrX-10700000-10800000	-1.00718	0.6186	0.091164	1.49895
chrX-127600000-127700000	-0.624589	-0.336342	-0.152149	1.15988
chrX-54100000-54200000	-0.549058	0.751663	-0.299465	1.61502
chrX-56300000-56400000	0.200591	0.542851	-0.1785	1.2779
chrX-143400000-143500000	-0.85703	-0.300571	-0.138315	1.13895
chrX-148000000-148100000	-0.622404	-0.463793	-0.206482	1.27257
chrX-107000000-107100000	-0.497015	-0.052065	-0.649689	2.30461
chrX-119900000-120000000	-1.06716	-0.221948	-0.446033	1.18993
chrX-12700000-12800000	-0.895549	0.13346	0.052648	1.21193
chrX-9800000-9900000	-0.57304	0.611549	0.235861	2.43712
chrX-51500000-51600000	-0.329591	0.298071	-0.431836	1.79015
chrX-149500000-149600000	-0.916593	-0.393776	-0.414573	2.09184
chrX-107100000-107200000	-0.11426	-0.361671	-0.632156	1.15872
chrX-123100000-123200000	-0.46606	-0.5753	0.192902	1.74714
chrX-107300000-107400000	-0.101031	-0.226957	-0.52913	2.24965
chrX-13300000-13400000	-0.769547	0.566909	0.227889	1.72867
chrX-57600000-57700000	-0.323365	0.389817	-0.451282	1.93103
chrX-29800000-29900000	-0.56665	-0.044326	0.313034	1.24132
chrX-107600000-107700000	-0.468994	-0.102109	-0.668957	1.92678
chrX-31500000-31600000	-0.719648	0.316893	-0.202916	1.4676
chrX-17500000-17600000	-0.80505	0.218711	0.287949	2.08803
chrX-113100000-113200000	-0.42539	-0.27345	-0.152671	1.13857
chrX-107700000-107800000	-0.084439	-0.389027	-0.691501	1.49077
chrX-43400000-43500000	-0.241293	0.498956	-0.182945	1.21822
chrX-69400000-69500000	0.30896	0.166834	-0.133401	1.30439
chrX-107800000-107900000	-0.360535	-0.292456	-0.30204	1.34923
chrX-107900000-108000000	-0.113431	-0.476905	0.079941	1.37262
chrX-32200000-32300000	-0.366894	0.201839	0.005118	1.10079
chrX-74300000-74400000	-0.38673	0.17046	-0.514442	2.03797
chrX-98000000-98100000	-0.042488	-0.268939	-0.461392	1.08012
chrX-21200000-21300000	-0.485647	0.45405	0.477718	1.16557
chrX-10800000-10900000	-0.776535	0.305685	-0.193053	1.25521
chrX-29300000-29400000	-0.320414	0.226114	0.56871	1.2058
chrX-65400000-65500000	-0.059169	0.160328	-0.445516	1.107
chrX-27600000-27700000	-0.651458	0.013034	0.303285	1.25559
chrX-108000000-108100000	-0.019357	-0.617081	-0.383069	1.25571
chrX-12500000-12600000	-0.221547	0.299561	0.438759	1.25125
chrX-96700000-96800000	-0.436875	0.034369	-0.620971	1.19644
chrX-19500000-19600000	-0.70801	0.558869	0.340986	1.93305
chrX-130100000-130200000	-0.660466	-0.759413	-0.000525	1.17532
chrX-75600000-75700000	-0.073905	0.145766	-0.290716	1.9404
chrX-109100000-109200000	-0.511782	-0.418435	-0.502502	1.28847
chrX-142500000-142600000	-0.548106	-0.69638	-0.3222	1.1628
chrX-55300000-55400000	0.02183	0.435236	0.34767	1.18423
chrX-9700000-9800000	-1.02293	0.60085	0.093393	1.53422
chrX-39600000-39700000	-0.460115	0.539485	0.155065	3.23404
chrX-108100000-108200000	-0.265652	-0.311804	-0.677203	1.14469
chrX-129500000-129600000	-0.652785	-0.785019	0.150602	2.05875
chrX-108300000-108400000	-0.300885	-0.328173	-0.687159	1.02324
chrX-95200000-95300000	-0.00038	-0.228684	-0.519331	1.21729
chrX-133700000-133800000	-0.946401	-0.16508	-0.425012	2.06258
chrX-77300000-77400000	0.389825	0.152108	-0.213918	2.95646
chrX-39900000-40000000	-0.147854	0.74583	-0.022371	3.40821
chrX-127200000-127300000	-0.475803	-0.682923	0.141817	1.21128
chrX-108400000-108500000	-0.726175	-0.127442	-0.628337	1.10395
chrX-108900000-109000000	-0.017236	-0.461943	-0.259448	2.40162
chrX-10900000-11000000	-0.777108	0.068321	0.213159	1.33636
chrX-149200000-149300000	-0.995545	-0.450975	-0.576359	1.87372
chrX-109200000-109300000	-0.703009	0.016996	-0.48771	2.08751
chrX-129200000-129300000	-0.749646	-0.456869	-0.613739	3.28068
chrX-124500000-124600000	-0.792314	-0.528224	0.100291	1.16039
chrX-128700000-128800000	-0.581792	-0.572802	-0.503903	1.99346
chrX-109300000-109400000	-0.42119	-0.229066	-0.779674	1.56043
chrX-34500000-34600000	-0.261885	0.226608	0.080527	1.20796
chrX-111600000-111700000	-0.343829	0.072206	-0.5735	1.16207
chrX-50600000-50700000	-0.650067	0.303259	-0.173106	1.17746
chrX-29500000-29600000	-0.38597	0.239971	0.016639	1.17929
chrX-109400000-109500000	-0.669645	-0.093771	-0.374558	1.82875
chrX-36800000-36900000	-0.328094	0.439871	0.403042	1.05211
chrX-109600000-109700000	-0.453717	-0.351773	-0.288304	2.42168
chrX-118400000-118500000	-0.560324	-0.701075	0.103462	1.17688
chrX-63700000-63800000	0.036303	0.302682	-0.439417	1.23004
chrX-43700000-43800000	-0.059716	0.237317	0.243398	1.29737
chrX-154400000-154500000	-0.84176	-0.464514	0.246664	2.80839
chrX-78400000-78500000	0.163717	0.045687	-0.128668	1.11912
chrX-109800000-109900000	-0.109704	-0.672047	-0.411374	1.19455
chrX-33400000-33500000	-0.299324	0.140065	0.004423	1.21715
chrX-135300000-135400000	-0.896164	-0.249801	-0.603687	2.54862
chrX-109900000-110000000	-0.119581	-0.526575	0.051918	1.28411
chrX-22300000-22400000	-0.201693	0.192062	0.41948	1.32275
chrX-17400000-17500000	-0.727827	0.381866	-0.138837	1.45894
chrX-109700000-109800000	-0.1168	-0.252108	-0.645308	1.20107
chrX-114100000-114200000	-0.440843	-0.287692	-0.720449	1.18678
chrX-114300000-114400000	-0.095496	-0.298456	-0.514715	1.46547
chrX-19800000-19900000	-0.774943	0.65686	-0.119048	1.78766
chrX-62800000-62900000	-0.30323	0.313515	-0.535524	1.38815
chrX-147500000-147600000	-0.581615	-0.350469	-0.141644	1.13552
chrX-123500000-123600000	-0.672677	-0.404449	0.313395	1.22678
chrX-26000000-26100000	-0.085968	-0.041419	0.437899	1.1996
chrX-5700000-5800000	-0.902922	0.116021	0.577523	1.19047
chrX-152300000-152400000	-1.82464	-0.277918	-0.079902	1.23995
chrX-11000000-11100000	-0.898106	0.32267	-0.158533	1.24006
chrX-111500000-111600000	-0.789879	-0.119904	-0.54715	1.16424
chrX-110100000-110200000	-0.608608	-0.104615	-0.622082	1.14069
chrX-139700000-139800000	-0.675166	-0.801821	-0.465901	1.62199
chrX-66200000-66300000	0.135717	0.00241	0.015979	1.18361
chrX-150500000-150600000	-1.02992	-0.341842	-0.067436	2.79318
chrX-136500000-136600000	-0.484989	-0.577032	-0.232255	1.69873
chrX-110200000-110300000	-0.506441	-0.297343	-0.185507	1.27971
chrX-123600000-123700000	-0.294392	-0.672605	0.142218	1.18389
chrX-143200000-143300000	-0.98371	-0.898141	0.3922	1
chrX-6800000-6900000	-0.661989	0.153203	0.816797	1.3314
chrX-127000000-127100000	-0.387056	-0.667189	0.152772	1.07947
chrX-134800000-134900000	-0.882009	-1.12725	0.192059	1.10842
chrX-143000000-143100000	-0.661079	-0.619159	0.184575	1.19796
chrX-20700000-20800000	-0.792685	0.47754	-0.130398	1.16486
chrX-110300000-110400000	-0.125739	-0.342194	-0.481974	1.16414
chrX-139300000-139400000	-1.02141	-0.776554	-0.145023	1.17629
chrX-129700000-129800000	-0.502789	-0.707812	0.066821	1.16137
chrX-110500000-110600000	-0.478059	-0.268556	-0.189578	1.16103
chrX-13100000-13200000	-0.932159	0.306258	-0.249632	1.64136
chrX-57700000-57800000	-0.021856	0.322209	-0.077442	1.14112
chrX-4700000-4800000	-0.870157	-0.034914	0.488635	1.12681
chrX-123700000-123800000	-0.700923	-0.406016	0.199782	1.12995
chrX-27100000-27200000	-0.402964	-0.063672	0.397013	1.21552
chrX-23500000-23600000	-0.389908	0.532122	0.285037	1.12695
chrX-123000000-123100000	-0.639242	-0.742199	-0.219905	3.12486
chrX-110600000-110700000	-0.477771	-0.12027	-0.652233	1.09947
chrX-56500000-56600000	-0.273287	0.712662	-0.024754	2.86932
chrX-136600000-136700000	-0.726258	-0.456591	-0.639694	1.14002
chrX-72000000-72100000	0.115956	0.331049	-0.882224	1
chrX-94800000-94900000	-0.015856	-0.244252	-0.372336	1.11057
chrX-145000000-145100000	-0.458153	-0.696317	-0.052447	1.13272
chrX-38500000-38600000	-0.57849	0.398283	-0.271268	1.15518
chrX-3400000-3500000	-0.854177	0.533209	0.45424	2.02776
chrX-110800000-110900000	0.010764	-0.443075	-0.363022	1.18971
chrX-25200000-25300000	-0.306213	0.191051	0.05742	1.07882
chrX-133000000-133100000	-0.711521	-0.41041	-0.121481	1.14312
chrX-138200000-138300000	-0.915477	-0.551695	-0.178115	1.23282
chrX-78100000-78200000	0.16441	-0.046921	-0.182198	1.07904
chrX-154900000-155000000	-1.14318	-0.478202	0.618854	1.2668
chrX-132900000-133000000	-0.454409	-0.708383	-0.411189	1.23333
chrX-110900000-111000000	-0.404548	-0.200018	-0.260533	2.947
chrX-118900000-119000000	-0.758284	-0.089163	-0.597468	2.40236
chrX-3500000-3600000	-1.21815	0.330428	0.220502	1.60447
chrX-11100000-11200000	-0.778307	0.142718	0.271514	2.26517
chrX-111200000-111300000	-0.459486	-0.176621	-0.192046	1.16189
chrX-145800000-145900000	-0.844181	-0.799476	-0.298738	1.16174
chrX-63000000-63100000	0.126944	0.146975	0.083469	1.52068
chrX-67300000-67400000	-0.251603	0.206001	-0.084683	1.25523
chrX-27300000-27400000	-0.236654	0.213754	0.516006	1.23014
chrX-141000000-141100000	-0.711459	-0.825822	0.103459	1.14131
chrX-78800000-78900000	-0.321486	-0.07635	0.094895	1.14575
chrX-153600000-153700000	-1.31879	-0.639174	0.130694	7.1652
chrX-153000000-153100000	-1.49554	0.043383	-0.35851	4.15498
chrX-112000000-112100000	-0.276452	-0.431554	-0.247827	1.39738
chrX-141400000-141500000	-0.997919	-0.500539	0.18892	1.13897
chrX-69500000-69600000	-0.04022	0.162948	-0.473035	1.72875
chrX-37000000-37100000	-0.213411	0.591538	0.501631	1.2669
chrX-111300000-111400000	-0.622631	-0.09854	-0.645565	1.27444
chrX-73200000-73300000	0.200034	-0.146332	-0.208582	1.75997
chrX-128100000-128200000	-0.624556	-0.708809	-0.400968	1.14799
chrX-64600000-64700000	0.156374	0.458786	-0.402987	1.18988
chrX-24200000-24300000	-0.442294	0.591668	0.271346	1.79539
chrX-77200000-77300000	0.056989	-0.007327	0.107343	1.39063
chrX-111700000-111800000	-0.332737	-0.396453	-0.695629	1.21453
chrX-62700000-62800000	-0.722499	0.242271	-0.299511	1.83138
chrX-88800000-88900000	0.529489	-0.622874	0.390947	1
chrX-47600000-47700000	-0.426905	0.407524	-0.480753	2.14973
chrX-154800000-154900000	-1.0491	-0.461585	0.183913	3.36289
chrX-152000000-152100000	-1.11275	-0.489873	0.06436	1.79113
chrX-117400000-117500000	-0.451877	-0.541132	-0.621577	3.11637
chrX-135000000-135100000	-0.796104	-0.759459	-0.315619	2.71473
chrX-70000000-70100000	0.198494	0.151601	0.00421	1.12027
chrX-111800000-111900000	-0.684762	-0.111362	-0.521937	1.87417
chrX-114400000-114500000	-0.501206	-0.028704	-0.589398	1.92391
chrX-119000000-119100000	-0.72044	-0.54532	-0.730043	3.43391
chrX-111900000-112000000	-0.217996	-0.158058	-0.653732	1.42637
chrX-3100000-3200000	-0.878837	0.561887	0.313868	2.33414
chrX-55000000-55100000	-0.376661	0.561367	-0.104407	2.44099
chrX-11200000-11300000	-0.815798	0.325944	-0.170783	1.71112
chrX-54300000-54400000	-0.325473	0.799957	-0.115354	2.10369
chrX-112200000-112300000	-0.187466	-0.423603	-0.526713	1.4034
chrX-46200000-46300000	-0.096096	0.589981	0.362772	1.4658
chrX-11800000-11900000	-0.335019	0.193552	0.517157	1.26074
chrX-24000000-24100000	-0.53075	0.575823	0.281726	2.83583
chrX-112300000-112400000	0.009896	-0.512909	-0.088982	1.09492
chrX-141200000-141300000	-1.0583	-0.613293	-0.060603	1.15579
chrX-9600000-9700000	-1.01815	0.147571	0.243626	2.4155
chrX-18400000-18500000	-0.834104	0.487953	-0.082329	1.70163
chrX-112400000-112500000	-0.299631	-0.606781	-0.44915	1.14905
chrX-131400000-131500000	-0.868201	-0.355117	-0.142746	1.16708
chrX-112500000-112600000	-0.002464	-0.212677	-0.487814	1.1596
chrX-112600000-112700000	-0.440204	-0.381549	-0.623702	1.25862
chrX-12300000-12400000	-0.606103	0.47338	0.268504	1.63633
chrX-112700000-112800000	-0.010961	-0.554787	-0.458806	1.23484
chrX-36500000-36600000	-0.359544	0.469017	-0.031883	1.06308
chrX-150400000-150500000	-0.962635	-0.184558	-0.507118	1.11217
chrX-141800000-141900000	-0.844946	-0.73708	-0.156413	1.06976
chrX-112800000-112900000	-0.365159	-0.365402	-0.190415	1.14891
chrX-118800000-118900000	-1.0649	-0.424289	-0.44249	1.95879
chrX-134200000-134300000	-0.750188	-0.588555	-0.675108	1.52229
chrX-90000000-90100000	-0.166711	-0.388073	1.11839	1
chrX-4600000-4700000	-0.640601	0.325116	0.688072	1.30696
chrX-38000000-38100000	-0.151125	0.314082	-0.224715	1.91435
chrX-151000000-151100000	-1.14798	-0.274217	0.084346	1.64386
chrX-133600000-133700000	-0.977615	-0.538581	-0.176239	3.06495
chrX-139000000-139100000	-0.918568	-0.608016	-0.195341	3.06253
chrX-45000000-45100000	-0.283151	0.579021	-0.350178	1.38355
chrX-114000000-114100000	-0.041641	-0.467787	-0.490816	1.1123
chrX-115800000-115900000	-0.500675	-0.47617	-0.617774	1.12076
chrX-113000000-113100000	-0.09014	-0.457787	0.157292	1.16126
chrX-119600000-119700000	-0.600476	-0.38851	-0.65045	2.97281
chrX-113200000-113300000	-0.206028	-0.268278	-0.588028	1.1053
chrX-118000000-118100000	-0.542863	-0.785414	-0.284152	1.17312
chrX-113300000-113400000	-0.104394	-0.694415	-0.357727	1.02906
chrX-5200000-5300000	-0.898221	0.090588	0.1901	1.11782
chrX-78500000-78600000	-0.290335	-0.041129	0.042261	1.05082
chrX-78700000-78800000	0.144033	-0.171691	-0.04522	1.15648
chrX-144600000-144700000	-0.588267	-0.875488	-0.02589	1.16225
chrX-16200000-16300000	-0.811634	0.194466	0.31853	1.92784
chrX-113400000-113500000	-0.21512	-0.221544	-0.437091	1.1273
chrX-28200000-28300000	-0.628259	-0.023208	0.370428	1.18349
chrX-113500000-113600000	-0.334992	-0.442283	-0.861015	1.1763
chrX-117500000-117600000	-0.876001	-0.311729	-0.653015	1.75824
chrX-46100000-46200000	-0.273471	0.707647	-0.087959	1.19341
chrX-117300000-117400000	-0.391243	-0.790586	-0.193586	1.20722
chrX-139100000-139200000	-0.519242	-0.637614	-0.508698	1.43868
chrX-140700000-140800000	-0.833702	-0.892009	-0.253635	1.24164
chrX-66500000-66600000	-0.225926	0.154658	-0.102595	1.2117
chrX-113700000-113800000	-0.068444	-0.632887	0.037609	1.0878
chrX-144300000-144400000	-0.397369	-0.749031	-0.076003	1.17675
chrX-134300000-134400000	-1.18935	-0.678124	-0.496784	1.28816
chrX-41500000-41600000	0.040007	0.297482	0.43519	1.39595
chrX-113800000-113900000	-0.376818	-0.299653	-0.149235	1.15496
chrX-11900000-12000000	-0.779942	0.096082	0.3612	1.65458
chrX-113900000-114000000	-0.426931	-0.181873	-0.623893	1.19221
chrX-51000000-51100000	-0.052085	0.430624	0.162529	1.17375
chrX-138300000-138400000	-0.778319	-0.505043	-0.635075	1.10144
chrX-39800000-39900000	-0.456138	0.714381	-0.367069	2.31898
chrX-79800000-79900000	0.009256	0.081847	-0.473897	1.15372
chrX-19400000-19500000	-0.949466	0.390873	-0.043291	1.25875
chrX-11400000-11500000	-0.969653	0.424034	0.293604	1.80724
chrX-84100000-84200000	0.207722	-0.201338	0.048858	1.11231
chrX-147700000-147800000	-0.77715	-0.295282	-0.100032	1.12059
chrX-136100000-136200000	-0.816455	-0.736753	-0.365933	1.19198
chrX-93400000-93500000	0.027685	-0.427936	0.054977	1.09077
chrX-154100000-154200000	-0.81941	-0.571417	0.294789	1.27724
chrX-84000000-84100000	-0.176525	-0.182063	0.356882	1.20694
chrX-114500000-114600000	-0.412608	-0.274142	-0.175024	1.39613
chrX-148800000-148900000	-1.40449	-0.304439	-0.240062	1.11606
chrX-147600000-147700000	-0.755578	-0.198288	-0.561286	1.3287
chrX-114600000-114700000	-0.529411	-0.024976	-0.5555	1.34826
chrX-42300000-42400000	-0.26487	0.251262	0.482651	1.2036
chrX-114700000-114800000	-0.314742	-0.16907	-0.955276	2.56693
chrX-125700000-125800000	-0.853485	-0.371769	-0.314447	1.13887
chrX-114900000-115000000	-0.091919	-0.318076	-0.809924	1.2439
chrX-115200000-115300000	-0.463959	-0.381321	-0.707375	1.17919
chrX-116400000-116500000	-0.26331	-0.625772	-0.442464	1.2033
chrX-145400000-145500000	-0.751623	-0.341326	-0.119307	1.07678
chrX-41100000-41200000	-0.265288	0.732795	0.30312	5.04541
chrX-152800000-152900000	-1.1689	-0.064867	-0.254019	2.13695
chrX-142800000-142900000	-1.04108	-0.558049	-0.066515	1.09545
chrX-53100000-53200000	-0.315846	0.745702	-0.012184	2.75457
chrX-115300000-115400000	-0.238184	-0.663462	-0.360889	1.16498
chrX-53700000-53800000	-0.231734	0.597253	-0.31775	3.84367
chrX-115700000-115800000	-0.15671	-0.707691	-0.353958	1.06633
chrX-126300000-126400000	-0.540912	-0.718197	0.183031	1.08222
chrX-44700000-44800000	-0.548681	0.746001	0.204982	4.21127
chrX-151700000-151800000	-0.784311	-0.479736	0.227536	1.11492
chrX-115900000-116000000	-0.267689	-0.653746	-0.226393	1.19599
chrX-116100000-116200000	-0.176122	-0.690354	-0.304764	1.1187
chrX-130300000-130400000	-0.492833	-0.672511	-0.530863	1.14693
chrX-131500000-131600000	-0.529474	-0.547261	-0.427673	1.19495
chrX-116200000-116300000	-0.354818	-0.63487	0.148027	1.17417
chrX-116600000-116700000	-0.170521	-0.520167	-0.476113	1.07555
chrX-38800000-38900000	-0.103508	0.439674	-0.137591	1.31827
chrX-116800000-116900000	-0.430387	-0.775042	-0.057658	1.1723
chrX-141600000-141700000	-0.789913	-0.337912	-0.147299	1.09706
chrX-72300000-72400000	-0.245503	0.220979	-0.567293	1.05201
chrX-72700000-72800000	0.291226	0.125155	0.040852	2.71968
chrX-152900000-153000000	-1.15136	0.079943	-0.67878	3.35634
chrX-116900000-117000000	-0.500061	-0.613479	-0.515356	1.12248
chrX-140900000-141000000	-0.71357	-0.700674	-0.37099	1.13765
chrX-63900000-64000000	-0.005155	0.186906	-0.392582	1.06369
chrX-136300000-136400000	-0.851269	-0.551776	-0.210731	1.11293
chrX-117100000-117200000	-0.638708	-0.285627	-0.232343	1.11975
chrX-51600000-51700000	-0.271641	0.683312	-0.131793	4.11233
chrX-134100000-134200000	-0.637396	-0.786773	-0.257579	3.26614
chrX-144100000-144200000	-0.752577	-0.732885	-0.181582	1.12576
chrX-42500000-42600000	-0.628137	0.278701	-0.263152	1.19911
chrX-147100000-147200000	-0.665765	-0.551806	0.294236	1.16798
chrX-99300000-99400000	-0.424646	-0.23972	-0.177598	1.14371
chrX-117700000-117800000	-0.78747	-0.182198	-0.49823	1.44346
chrX-127100000-127200000	-0.346458	-0.587575	-0.326874	1.29874
chrX-79000000-79100000	0.057432	0.058059	-0.411829	1.126
chrX-117900000-118000000	-0.407294	-0.677274	0.174669	1.39375
chrX-46800000-46900000	-0.210224	0.383361	-0.109396	1.49154
chrX-35500000-35600000	-0.612104	0.322525	-0.35075	1.08945
chrX-118100000-118200000	-0.710705	-0.368185	-0.140936	1.38376
chrX-118300000-118400000	-0.733887	-0.541121	-0.317627	2.50085
chrX-118500000-118600000	-0.3373	-0.752104	-0.301644	2.6462
chrX-66600000-66700000	-0.484074	0.21629	-0.513757	1.14583
chrX-50500000-50600000	-0.172573	0.404135	-0.194932	2.01942
chrX-118600000-118700000	-0.544201	-0.517577	-0.682659	2.71492
chrX-118700000-118800000	-0.74735	-0.730983	-0.325415	2.43395
chrX-46600000-46700000	-0.413461	0.734786	-0.138831	3.02662
chrX-127500000-127600000	-0.561622	-0.735791	-0.433278	1.27626
chrX-142700000-142800000	-0.710162	-0.319368	0.209772	1.10649
chrX-84500000-84600000	0.145478	-0.102989	0.192474	1.14884
chrX-4100000-4200000	-0.772831	0.473144	0.298494	1.24026
chrX-119100000-119200000	-1.10688	-0.295533	-0.555975	1.14861
chrX-82200000-82300000	0.048118	-0.095396	-0.387839	1.19854
chrX-134500000-134600000	-0.638272	-0.599082	-0.52843	1.29399
chrX-95000000-95100000	-0.081463	-0.311574	0.31347	1.1184
chrX-95700000-95800000	-0.232842	-0.312164	-0.178859	1.30075
chrX-121700000-121800000	-0.804605	-0.721798	-0.277286	1.39547
chrX-127700000-127800000	-0.277875	-0.65874	-0.273749	1.18085
chrX-48700000-48800000	-0.609236	0.559566	-0.553712	4.24579
chrX-119300000-119400000	-0.503009	-0.641783	-0.613177	2.59535
chrX-79700000-79800000	0.20599	-0.155597	-0.091122	1.11249
chrX-148700000-148800000	-1.05643	-0.621202	-0.312041	2.23291
chrX-77100000-77200000	-0.074589	0.129643	-0.334833	2.12802
chrX-119500000-119600000	-0.762925	-0.411763	-0.179995	1.32835
chrX-154300000-154400000	-0.996317	-0.146641	-0.056316	1.95148
chrX-119700000-119800000	-0.378876	-0.764747	-0.455521	2.68301
chrX-52600000-52700000	0.050522	1.09309	-0.244284	1.12638
chrX-149000000-149100000	-1.44176	-0.411973	-0.214147	1.33405
chrX-76600000-76700000	0.358816	0.287526	-0.451785	1.17308
chrX-85100000-85200000	0.108385	0.031687	0.027491	1.35745
chrX-120000000-120100000	-1.46113	-0.244614	-0.753254	1.04336
chrX-121800000-121900000	-0.579576	-0.515999	-0.661671	1.14978
chrX-146000000-146100000	-0.610993	-0.528859	0.269911	1.12229
chrX-70600000-70700000	0.021196	0.499711	-0.487126	1.65945
chrX-120100000-120200000	-1.03688	-0.409747	-0.616826	1.15042
chrX-42000000-42100000	-0.448813	0.496719	0.254081	1.14169
chrX-120300000-120400000	-0.517284	-0.691717	0.105925	1.13807
chrX-93500000-93600000	-0.360375	-0.245464	0.299935	1.15706
chrX-127300000-127400000	-0.575326	-0.765432	-0.338298	1.06817
chrX-120400000-120500000	-0.896939	-0.407441	0.004141	1.12788
chrX-132200000-132300000	-0.824406	-0.706379	-0.237126	1.12732
chrX-146200000-146300000	-0.832179	-0.689855	-0.426616	1.15135
chrX-152200000-152300000	-1.42183	-0.41195	-0.187439	1.69056
chrX-120600000-120700000	-0.513023	-0.5818	-0.585912	1.1306
chrX-14500000-14600000	-0.853763	0.10429	0.19553	1.26598
chrX-40700000-40800000	-0.388843	0.631701	0.158707	1.74643
chrX-37800000-37900000	-0.005949	0.31587	0.35193	1.24567
chrX-122500000-122600000	-0.625462	-0.603899	0.22397	1.16111
chrX-73400000-73500000	-0.041972	0.046106	-0.446489	1.72333
chrX-126500000-126600000	-0.626727	-0.644593	0.154325	1.1435
chrX-132700000-132800000	-1.0694	-0.325484	-0.273733	1.21097
chrX-120700000-120800000	-0.395268	-0.501371	-0.119475	1.10234
chrX-129300000-129400000	-0.403528	-0.627647	-0.342345	1.98469
chrX-73000000-73100000	0.130894	-0.100598	-0.252024	2.1475
chrX-120900000-121000000	-0.725692	-0.390065	-0.627159	1.25497
chrX-37400000-37500000	-0.29191	0.511824	0.347653	1.1312
chrX-153500000-153600000	-1.51487	-0.298091	-0.04765	4.41086
chrX-132300000-132400000	-0.697965	-0.534685	0.195821	1.19953
chrX-42400000-42500000	-0.232819	0.340699	0.005725	1.15961
chrX-121300000-121400000	-0.5921	-0.659703	-0.398999	1.1693
chrX-13200000-13300000	-0.611032	0.641392	-0.200351	1.47575
chrX-49900000-50000000	0.04759	0.66215	0.074708	1.18861
chrX-121400000-121500000	-0.231037	-0.93891	-0.206176	1.14106
chrX-152500000-152600000	-1.24929	-0.300067	0.071867	2.52369
chrX-121500000-121600000	-0.526276	-0.686604	-0.509752	1.1521
chrX-145100000-145200000	-0.738767	-0.613413	-0.434673	1.15769
chrX-36600000-36700000	-0.028751	0.163877	0.172305	1.09391
chrX-25500000-25600000	-0.3298	-0.092134	0.404404	1.11159
chrX-121600000-121700000	-0.357277	-0.758298	-0.065123	1.09282
chrX-121900000-122000000	-0.803149	-0.323362	-0.271352	1.21624
chrX-52100000-52200000	0.52372	0.815604	0.167157	1.21895
chrX-18100000-18200000	-0.74953	0.180512	0.278479	1.09434
chrX-81300000-81400000	-0.143839	-0.268242	0.326398	1.14321
chrX-122000000-122100000	-0.338969	-0.484466	-0.308872	1.08288
chrX-92100000-92200000	0.798943	-0.593095	-0.234305	1
chrX-26600000-26700000	-0.446514	0.464069	0.327278	1.42271
chrX-122300000-122400000	-0.365573	-0.44641	-0.283486	1.18741
chrX-79500000-79600000	-0.161571	0.051058	-0.031673	1.13895
chrX-150700000-150800000	-0.949969	-0.268367	-0.06835	1.19605
chrX-122700000-122800000	-0.584306	-0.551523	0.232791	1.21493
chrX-122900000-123000000	-0.732562	-0.696154	0.249483	2.30848
chrX-123200000-123300000	-0.707246	-0.880954	-0.100419	1.57068
chrX-58500000-58600000	-0.628262	0.654147	-0.69581	1.7149
chrX-123400000-123500000	-0.667048	-0.80618	0.015362	1.13183
chrX-89700000-89800000	0.172453	-0.742877	0.83574	1
chrX-21800000-21900000	-0.759344	0.254485	0.043993	2.17537
chrX-123800000-123900000	-0.386731	-0.746357	0.046308	1.15665
chrX-134400000-134500000	-0.889619	-0.481806	-0.147632	2.77746
chrX-138000000-138100000	-0.927018	-0.588368	-0.177715	1.15203
chrX-52900000-53000000	0.457056	0.835361	-0.275294	9.73225
chrX-123900000-124000000	-0.712498	-0.425989	-0.112374	1.13582
chrX-124000000-124100000	-0.507335	-0.577433	0.301101	1.14962
chrX-14600000-14700000	-0.712934	0.390817	-0.163519	1.17434
chrX-124800000-124900000	-0.481347	-0.61082	0.157154	1.15851
chrX-96600000-96700000	-0.010392	-0.209069	-0.627048	1.61355
chrX-124100000-124200000	-0.353169	-0.626584	-0.154574	1.16242
chrX-133500000-133600000	-0.857427	-0.139421	-0.43629	2.06103
chrX-41300000-41400000	-0.51864	0.672795	0.168134	1.83874
chrX-147200000-147300000	-1.03045	-0.426139	-0.007071	1.08337
chrX-144400000-144500000	-0.76002	-0.423504	0.019398	1.06097
chrX-124200000-124300000	-0.596921	-0.515666	0.258104	1.12707
chrX-124600000-124700000	-0.384946	-0.789173	0.20109	1.12939
chrX-126000000-126100000	-0.564726	-0.734035	-0.511211	1.1138
chrX-124700000-124800000	-0.158824	-0.647545	-0.206234	1.28586
chrX-13600000-13700000	-0.510381	0.160862	0.553364	2.67567
chrX-124900000-125000000	-0.435061	-0.568204	-0.329789	1.15275
chrX-19200000-19300000	-0.845348	0.289844	-0.169688	1.1384
chrX-140300000-140400000	-0.773777	-0.856346	-0.600876	1.19042
chrX-24400000-24500000	-0.644962	0.460154	0.268612	1.76728
chrX-148500000-148600000	-1.03406	-0.425078	-0.092001	2.32978
chrX-125100000-125200000	-0.803876	-0.62425	-0.059968	1.16617
chrX-125300000-125400000	-0.397809	-0.690082	0.211287	1.11302
chrX-97500000-97600000	0.026794	-0.310688	0.053309	1.1128
chrX-13700000-13800000	-0.635054	0.498675	0.243681	3.49698
chrX-4000000-4100000	-0.820524	0.262011	-0.127064	1.14072
chrX-30300000-30400000	-0.715189	0.307044	-0.152034	1.18164
chrX-5600000-5700000	-0.443111	-0.013976	0.564695	1.22162
chrX-128800000-128900000	-0.448201	-0.177487	-0.692489	1.73489
chrX-125400000-125500000	-0.329315	-0.702943	-0.272549	1.09617
chrX-126600000-126700000	-0.22261	-0.752095	-0.107177	1.15425
chrX-8600000-8700000	-0.753476	0.092984	0.230271	1.15608
chrX-31800000-31900000	-0.035661	0.279179	0.363127	1.24622
chrX-22000000-22100000	-0.811493	0.540235	0.05608	1.64728
chrX-137300000-137400000	-0.654679	-0.748287	-0.254651	1.13473
chrX-125500000-125600000	-0.749367	-0.787682	-0.038104	1.26599
chrX-44500000-44600000	-0.388778	0.661401	-0.007382	1.32331
chrX-148100000-148200000	-0.827885	-0.308966	-0.615806	1.36119
chrX-131100000-131200000	-0.899168	-0.232922	-0.332818	1.08614
chrX-54000000-54100000	-0.325136	0.412351	-0.553186	2.5794
chrX-30800000-30900000	-0.114769	0.13067	0.101712	1.31446
chrX-150000000-150100000	-1.13983	-0.357947	-0.069507	2.04053
chrX-125800000-125900000	-0.464254	-0.625491	-0.461107	1.04756
chrX-138600000-138700000	-0.853838	-0.382994	0.003426	1.17022
chrX-70400000-70500000	-0.036408	0.462793	-0.8334	3.05545
chrX-125900000-126000000	-0.847075	-0.326805	-0.573995	1.12531
chrX-126100000-126200000	-0.497736	-0.333751	-0.221582	1.07363
chrX-153200000-153300000	-1.319	-0.353111	-0.018511	6.49171
chrX-65200000-65300000	-0.316054	0.081492	-0.102999	1.16057
chrX-85000000-85100000	-0.012953	-0.449806	0.09405	1.27805
chrX-128000000-128100000	-0.542122	-0.278095	-0.185385	1.22153
chrX-140600000-140700000	-1.02949	-1.26002	-0.439456	1.35944
chrX-34000000-34100000	0.164946	0.356586	0.124857	1.0928
chrX-14800000-14900000	-0.403686	0.207674	0.578653	2.05277
chrX-126200000-126300000	-0.282063	-0.774902	-0.22359	1.17942
chrX-83200000-83300000	-0.008555	-0.094946	0.269104	1.25647
chrX-41200000-41300000	-0.220699	0.754234	-0.180786	1.60693
chrX-152600000-152700000	-1.04488	-0.149951	-0.330031	1.72147
chrX-126400000-126500000	-0.496286	-0.756549	-0.307233	1.09496
chrX-126900000-127000000	-0.683524	-0.820969	-0.214201	1.32626
chrX-130800000-130900000	-0.386268	-0.817399	-0.311898	2.47599
chrX-50700000-50800000	-0.187338	0.465743	-0.235033	1.10865
chrX-127400000-127500000	-0.805995	-0.333719	-0.312544	1.15185
chrX-69700000-69800000	0.007345	0.233418	-0.53314	1.49409
chrX-50100000-50200000	-0.286082	0.319381	-0.121052	1.04918
chrX-134000000-134100000	-1.09402	-0.630365	-0.251124	2.25884
chrX-25800000-25900000	-0.721566	0.290192	0.472417	1.22612
chrX-127800000-127900000	-0.563721	-0.785177	0.109674	1.11801
chrX-127900000-128000000	-0.40404	-0.716025	-0.342288	1.20734
chrX-2800000-2900000	-1.19513	0.537585	0.301732	2.49601
chrX-143600000-143700000	-0.924137	-0.225009	-0.522172	1.05948
chrX-148400000-148500000	-0.77582	-0.819662	-0.162781	1.11342
chrX-9000000-9100000	-0.787504	0.587139	-0.205186	1.47434
chrX-128200000-128300000	-0.397626	-0.625673	0.020485	1.20689
chrX-131300000-131400000	-0.483781	-0.631797	-0.29073	2.91814
chrX-128500000-128600000	-0.480065	-0.635549	-0.079672	1.33281
chrX-128600000-128700000	-0.880258	-0.35918	-0.18228	2.54674
chrX-128900000-129000000	-0.696056	-0.548748	-0.560776	2.2285
chrX-12900000-13000000	-0.792512	0.483888	0.400188	3.39379
chrX-129000000-129100000	-1.07915	-0.320611	-0.705519	3.03612
chrX-129400000-129500000	-0.864517	-0.775618	-0.274938	2.12194
chrX-13000000-13100000	-0.663563	0.615993	-0.043799	1.79075
chrX-8300000-8400000	-0.840763	0.037657	0.302664	1.14841
chrX-153400000-153500000	-1.62565	-0.025609	-0.402493	1.36503
chrX-130200000-130300000	-0.958878	-0.760975	-0.366213	1.14045
chrX-130500000-130600000	-0.525154	-0.668841	-0.533041	1.16664
chrX-2900000-3000000	-0.974404	0.448024	0.678631	1.34255
chrX-130900000-131000000	-0.865143	-0.704268	-0.239968	2.20349
chrX-46000000-46100000	-0.276842	0.511454	0.363363	1.18069
chrX-39300000-39400000	-0.497955	0.607034	-0.346699	1.20397
chrX-131700000-131800000	-0.704835	-0.340484	-0.209972	1.18851
chrX-50800000-50900000	-0.66544	0.415072	-0.265385	1.09847
chrX-131800000-131900000	-0.538216	-0.489866	-0.654278	1.17569
chrX-36900000-37000000	0.125821	0.241615	0.456958	1.13055
chrX-131900000-132000000	-0.697968	-0.320823	-0.229201	1.14641
chrX-39700000-39800000	-0.10281	0.722045	-0.075632	2.34038
chrX-93700000-93800000	-0.055986	-0.479518	-0.41818	1.12084
chrX-132100000-132200000	-0.352717	-0.814757	-0.212807	1.1529
chrX-136700000-136800000	-0.460032	-0.701639	-0.32066	1.1279
chrX-62200000-62300000	-0.10142	0.302618	-0.212733	1.1657
chrX-68300000-68400000	-0.151611	0.366506	-0.303829	2.26097
chrX-33000000-33100000	-0.061401	0.232154	0.249161	1.24513
chrX-149900000-150000000	-0.867164	-0.464304	0.310951	2.11713
chrX-132500000-132600000	-0.653052	-0.508684	0.149808	1.28946
chrX-77800000-77900000	0.201343	-0.269011	0.176318	1.26434
chrX-136400000-136500000	-0.640704	-0.480943	0.215915	1.12057
chrX-87400000-87500000	-0.512642	-0.241757	-0.043857	1.17283
chrX-132800000-132900000	-0.845593	-0.737849	-0.126077	1.38243
chrX-17800000-17900000	-0.687366	0.20233	-0.316782	1.31044
chrX-137100000-137200000	-0.900715	-0.868538	-0.064741	1.24951
chrX-40800000-40900000	-0.841365	0.550154	0.029417	2.29585
chrX-64700000-64800000	-0.271802	0.324988	-0.600001	2.12383
chrX-17100000-17200000	-0.797978	0.579976	0.234466	1.18236
chrX-133100000-133200000	-0.534974	-0.840274	-0.01147	1.15345
chrX-44200000-44300000	0.0051	0.569098	-0.119489	1.47224
chrX-133300000-133400000	-0.380653	-0.731691	-0.08737	1.27226
chrX-28000000-28100000	-0.386348	0.439283	0.302297	1.2231
chrX-133900000-134000000	-0.71575	-0.590126	-0.527356	1.90384
chrX-13400000-13500000	-0.841679	0.439454	-0.20396	1.7191
chrX-143700000-143800000	-0.680245	-0.639455	-0.553697	1.14228
chrX-47700000-47800000	-0.186997	0.719203	-0.196246	1.35086
chrX-134600000-134700000	-0.506524	-0.734695	-0.084407	2.46299
chrX-27900000-28000000	-0.188786	0.001357	0.346101	1.17316
chrX-134900000-135000000	-1.0259	-1.19342	-0.279343	1.10298
chrX-13500000-13600000	-0.872706	0.278632	0.265144	1.59687
chrX-82700000-82800000	-0.244232	-0.28489	0.31071	1.13513
chrX-135700000-135800000	-0.842687	-0.207231	-0.304746	1.2287
chrX-141900000-142000000	-0.731365	-0.473278	0.224335	1.10662
chrX-135900000-136000000	-0.576363	-0.865921	0.174864	2.17152
chrX-136200000-136300000	-0.932447	-0.359124	-0.650828	1.10938
chrX-136900000-137000000	-0.587733	-0.613651	0.168186	1.14759
chrX-32500000-32600000	-0.340118	0.232356	0.048076	1.24755
chrX-27400000-27500000	-0.331216	0.240889	0.031426	1.50097
chrX-137000000-137100000	-0.952794	-0.38192	-0.050032	1.09584
chrX-54400000-54500000	-0.025078	0.542714	-0.403808	2.37591
chrX-32800000-32900000	-0.288033	0.419181	0.399207	1.3286
chrX-142000000-142100000	-0.55204	-0.888483	0.044691	1.14827
chrX-144200000-144300000	-0.694868	-0.545656	0.266259	1.14256
chrX-96800000-96900000	-0.129599	-0.243822	-0.356987	1.22946
chrX-137400000-137500000	-0.844783	-0.318128	-0.35345	1.11531
chrX-48000000-48100000	0.09895	1.07141	-0.283228	1.13152
chrX-35300000-35400000	-0.623597	-0.032355	0.304074	1.16519
chrX-137500000-137600000	-0.594822	-0.73418	-0.393081	1.18677
chrX-15100000-15200000	-0.712025	0.058488	0.253442	1.187
chrX-138700000-138800000	-0.703709	-0.830049	0.109182	1.16917
chrX-137700000-137800000	-0.594718	-0.559904	-0.539997	1.11504
chrX-13900000-14000000	-0.711449	0.531945	0.227433	1.46407
chrX-137900000-138000000	-0.491805	-0.384948	-0.192242	1.10112
chrX-49300000-49400000	0.010893	1.12182	0.292651	1.09588
chrX-23600000-23700000	-0.755908	0.20922	0.246996	2.13925
chrX-138400000-138500000	-0.763245	-0.787324	-0.232278	1.15493
chrX-142600000-142700000	-0.588326	-0.790547	0.156042	1.1324
chrX-144800000-144900000	-0.603263	-0.577783	0.294171	1.15212
chrX-138800000-138900000	-0.840587	-0.372813	0.037369	1.31161
chrX-144000000-144100000	-0.594385	-0.555379	0.249634	1.18083
chrX-138900000-139000000	-0.766574	-0.213663	-0.414899	1.62001
chrX-30600000-30700000	-0.31567	0.359273	0.534759	2.02179
chrX-30000000-30100000	-0.648077	0.451287	0.296834	1.6103
chrX-139400000-139500000	-0.554279	-0.787307	-0.027274	1.18591
chrX-56200000-56300000	0.027218	0.45868	0.265442	1.30879
chrX-139500000-139600000	-0.77144	-0.359261	-0.022862	1.34087
chrX-146300000-146400000	-0.677485	-0.97857	-0.068378	1.21013
chrX-51700000-51800000	-0.175835	0.637664	0.352425	1.10833
chrX-140100000-140200000	-1.02968	-0.578412	-1.14296	1
chrX-73500000-73600000	0.116607	0.131275	0.002459	2.70667
chrX-24800000-24900000	-0.586101	0.492396	-0.243132	1.17788
chrX-99000000-99100000	-0.037632	-0.1705	-0.490181	1.16887
chrX-139800000-139900000	-0.805565	-0.371871	-0.679625	2.20773
chrX-34300000-34400000	-0.500273	0.303283	0.378384	1.16082
chrX-139900000-140000000	-0.886887	-0.50332	-0.204858	1.18713
chrX-14700000-14800000	-0.65945	0.086129	0.199823	1.33389
chrX-140800000-140900000	-0.907355	-0.508438	0.030518	1.18564
chrX-83500000-83600000	0.169981	-0.148277	0.377143	1.3775
chrX-141300000-141400000	-0.638183	-0.812904	0.09856	1.26844
chrX-82000000-82100000	-0.179418	-0.277553	0.316628	1.10523
chrX-144500000-144600000	-0.663973	-0.611301	-0.429921	1.10341
chrX-31600000-31700000	-0.314587	0.145504	-0.015142	1.30226
chrX-141500000-141600000	-0.802323	-0.813796	-0.126532	1.09694
chrX-14200000-14300000	-0.430743	0.351427	0.415184	1.14452
chrX-21400000-21500000	-0.506307	-0.003017	0.54959	1.12957
chrX-142200000-142300000	-0.805501	-0.458814	0.137235	1.10089
chrX-43200000-43300000	-0.298073	0.238827	0.024574	1.1165
chrX-142400000-142500000	-0.677184	-0.347756	-0.639526	1.12474
chrX-142900000-143000000	-0.640682	-0.686617	-0.29887	1.22974
chrX-41600000-41700000	0.189569	0.43348	-0.021822	1.40599
chrX-14300000-14400000	-0.826969	0.162865	0.232543	1.46561
chrX-48300000-48400000	-0.486085	0.876401	-0.182671	3.92696
chrX-143300000-143400000	-0.698809	-0.500627	0.280226	1.11761
chrX-26200000-26300000	-0.370116	0.011692	0.498894	1.17908
chrX-22600000-22700000	-0.008621	0.118614	0.4499	1.19414
chrX-143500000-143600000	-1.06152	-0.659961	-0.393789	1.12338
chrX-143800000-143900000	-0.337432	-0.795845	-0.251993	1.20664
chrX-143900000-144000000	-0.788855	-0.617395	-0.197654	1.15247
chrX-144900000-145000000	-0.861767	-0.426174	-0.088036	1.09572
chrX-145300000-145400000	-0.908863	-0.720446	0.138138	1.17769
chrX-145500000-145600000	-0.341813	-0.573986	-0.004173	1.1715
chrX-145600000-145700000	-0.706377	-0.648488	-0.307135	1.12974
chrX-22200000-22300000	-0.650898	0.027119	0.355711	1.22712
chrX-145700000-145800000	-0.612181	-0.861339	0.12483	1.11256
chrX-145900000-146000000	-0.457376	-0.8886	-0.016692	1.52412
chrX-93900000-94000000	0.031835	-0.526814	-0.109302	1.13975
chrX-146100000-146200000	-0.488327	-0.815372	-0.10871	1.19899
chrX-88100000-88200000	0.101507	-0.188509	0.012782	1.10428
chrX-40600000-40700000	-0.63173	0.617373	-0.237888	1.71161
chrX-37300000-37400000	-0.012407	0.682159	-0.021971	1.3959
chrX-35800000-35900000	-0.325683	0.219058	0.003508	1.1456
chrX-146700000-146800000	-0.725386	-0.38972	0.257812	1.16328
chrX-36200000-36300000	0.054768	0.142722	0.276069	1.16132
chrX-30200000-30300000	-0.675234	0.02354	0.244888	1.29931
chrX-146800000-146900000	-0.868385	-0.212758	-0.162622	1.15386
chrX-146900000-147000000	-0.854239	-0.374202	-0.626921	2.0965
chrX-147000000-147100000	-0.825127	-0.412952	-0.146007	1.20148
chrX-147300000-147400000	-0.664652	-0.433005	0.305401	1.16954
chrX-71500000-71600000	-0.599026	0.288919	-0.473438	1.38001
chrX-97000000-97100000	-0.391238	-0.27689	-0.155984	1.18819
chrX-147400000-147500000	-0.377999	-0.728291	0.065734	1.13716
chrX-147900000-148000000	-1.01907	-0.219825	-0.108463	1.34194
chrX-33700000-33800000	-0.133397	0.157204	0.481375	1.07091
chrX-148300000-148400000	-0.887471	-0.489594	0.175066	1.3338
chrX-15400000-15500000	-0.776629	0.121202	0.200689	1.50816
chrX-7300000-7400000	-0.956438	0.113273	0.254215	1.16765
chrX-148900000-149000000	-1.24623	-0.345205	0.194009	1.61303
chrX-14900000-15000000	-0.783012	0.157911	0.307876	2.11248
chrX-149100000-149200000	-1.01934	-0.162366	-0.209077	2.76095
chrX-7500000-7600000	-0.950475	0.183806	0.326068	1.1002
chrX-149300000-149400000	-1.19724	-0.15642	-0.278329	1.81006
chrX-4300000-4400000	-0.948443	0.078704	0.472527	1.15336
chrX-149700000-149800000	-1.10207	-0.137388	-0.441064	2.06627
chrX-6300000-6400000	-1.02699	0.525019	0.02242	1.13246
chrX-17000000-17100000	-0.728235	0.318359	-0.16765	1.30605
chrX-38300000-38400000	-0.614039	0.436509	-0.232577	1.14255
chrX-92600000-92700000	0.101193	-0.261757	-0.128814	1.13029
chrX-149800000-149900000	-0.956329	-0.487034	-0.16393	2.51655
chrX-15000000-15100000	-0.818522	0.314965	-0.14314	1.23244
chrX-71400000-71500000	-0.152401	0.2717	-0.677052	3.10179
chrX-150100000-150200000	-1.077	-0.733103	0.222512	1.62181
chrX-82800000-82900000	-0.164236	0.004871	-0.08115	1.16392
chrX-150300000-150400000	-0.896376	-0.658829	-0.550571	1.09909
chrX-150600000-150700000	-0.784685	-0.528318	0.289499	1.14352
chrX-56700000-56800000	0.047687	0.41596	-0.324053	2.76427
chrX-150900000-151000000	-0.886342	-0.382826	-0.294592	1.24178
chrX-151100000-151200000	-0.801135	-0.490951	0.304036	1.60859
chrX-34200000-34300000	-0.113931	0.219454	0.077027	1.06016
chrX-151200000-151300000	-1.17471	-0.2642	0.120941	1.16935
chrX-24700000-24800000	-0.368071	0.455912	0.192701	1.38249
chrX-153100000-153200000	-1.20348	-0.247513	-0.46678	3.58658
chrX-84400000-84500000	-0.264413	-0.254937	0.407916	1.2401
chrX-151300000-151400000	-0.966991	-0.525402	-0.214204	1.12195
chrX-66300000-66400000	-0.290886	0.220751	-0.071453	1.17272
chrX-151500000-151600000	-0.84345	-0.452104	0.278298	1.08097
chrX-151900000-152000000	-1.22407	-0.201684	-0.290671	2.47121
chrX-33300000-33400000	-0.453324	0.088583	0.4741	1.12478
chrX-152100000-152200000	-1.04375	-0.543297	-0.419712	2.457
chrX-50000000-50100000	-0.378152	0.79375	-0.131733	1.13486
chrX-152400000-152500000	-1.45038	-0.49447	-0.271467	1.15793
chrX-15300000-15400000	-0.740781	0.3849	-0.189033	1.7113
chrX-55100000-55200000	0.118439	0.507269	-0.09734	3.41775
chrX-55400000-55500000	0.066391	0.774009	0.001248	3.31418
chrX-68800000-68900000	-0.346698	0.177789	-0.341323	1.20862
chrX-20500000-20600000	-0.262656	0.262531	0.498494	1.43808
chrX-153300000-153400000	-1.21994	-0.072821	-0.338793	2.86693
chrX-40500000-40600000	-0.344495	0.332706	0.013913	3.39631
chrX-153700000-153800000	-1.30618	-0.448287	0.482909	5.97129
chrX-153900000-154000000	-1.18135	-0.049404	-0.184306	2.72706
chrX-97900000-98000000	-0.103843	-0.574725	-0.076048	1.12666
chrX-154000000-154100000	-1.06638	-0.474465	-0.120485	2.15618
chrX-21300000-21400000	-0.793474	0.199869	0.214306	1.25297
chrX-63600000-63700000	-0.269829	0.228347	-0.059515	1.10063
chrX-154200000-154300000	-0.931474	-0.588671	-0.147342	2.59562
chrX-154500000-154600000	-1.10728	-0.825879	0.385767	1.18993
chrX-54500000-54600000	-0.47518	0.659628	-0.289565	4.01419
chrX-154600000-154700000	-1.32949	-0.429477	0.374715	1.50361
chrX-65700000-65800000	0.224167	0.067096	0.039162	1.10052
chrX-69300000-69400000	-0.161645	0.260971	-0.230247	2.65628
chrX-154700000-154800000	-1.3903	-0.32025	-0.081352	1.22334
chrX-15600000-15700000	-0.703109	0.144162	0.148169	4.94364
chrX-15900000-16000000	-0.881207	0.385904	-0.166291	1.57183
chrX-55900000-56000000	0.019544	0.535535	-0.259543	2.51866
chrX-47200000-47300000	-0.264202	0.72745	0.01301	2.00676
chrX-16000000-16100000	-0.74506	0.134597	0.190142	1.44887
chrX-36100000-36200000	-0.325482	-0.131951	0.431192	1.11521
chrX-16100000-16200000	-0.372019	0.263103	0.462697	1.91503
chrX-16400000-16500000	-0.794589	0.473827	0.351262	1.95991
chrX-16600000-16700000	-0.830293	0.375582	-0.136981	3.02804
chrX-63400000-63500000	-0.515297	0.286353	-0.512754	2.98788
chrX-74100000-74200000	0.241092	0.119044	-0.060174	1.22701
chrX-90400000-90500000	0.111168	-0.782711	0.6708	1.77717
chrX-16700000-16800000	-0.92636	0.623533	0.268572	3.06954
chrX-34100000-34200000	0.09247	0.039276	0.485128	1.18416
chrX-16800000-16900000	-0.749848	0.555354	-0.18817	3.32573
chrX-32400000-32500000	0.107958	0.352655	0.224647	1.15306
chrX-16900000-17000000	-0.510481	0.498508	0.210217	1.58249
chrX-39500000-39600000	-0.741273	0.484929	-0.227118	1.79361
chrX-17200000-17300000	-0.702323	0.112039	0.308646	1.08665
chrX-35700000-35800000	0.013919	0.228324	0.357598	1.19627
chrX-20600000-20700000	-0.35384	0.359958	0.025715	1.2523
chrX-17300000-17400000	-0.793921	0.582959	0.279178	2.04948
chrX-17600000-17700000	-0.418799	0.486338	0.244142	1.6973
chrX-22700000-22800000	-0.458992	-0.059673	0.418103	1.39391
chrX-17700000-17800000	-0.823419	0.568841	-0.01588	1.77717
chrX-57500000-57600000	0.099898	0.593946	-0.30626	1.20314
chrX-17900000-18000000	-0.653732	0.163475	0.156404	1.1351
chrX-18200000-18300000	-0.794377	0.534007	-0.044682	1.29961
chrX-45400000-45500000	-0.435052	0.618962	-0.021631	1.91551
chrX-58400000-58500000	-0.592294	0.331214	-0.360985	1.04541
chrX-18800000-18900000	-0.537139	0.190935	0.675088	1.26518
chrX-18900000-19000000	-0.723527	0.462542	0.318664	2.07546
chrX-3700000-3800000	-1.31486	0.598942	0.228808	6.22447
chrX-19000000-19100000	-0.598438	0.09263	0.602654	2.30207
chrX-99800000-99900000	0.055578	-0.289461	-0.120278	2.76217
chrX-19300000-19400000	-0.548982	0.664347	-0.096425	2.04097
chrX-99700000-99800000	-0.234886	-0.45199	0.233997	1.28218
chrX-48200000-48300000	-0.426024	1.32468	-0.289689	1.11499
chrX-37700000-37800000	-0.37664	0.354357	0.032138	2.33926
chrX-68000000-68100000	0.272276	0.327166	-0.360665	2.49729
chrX-22400000-22500000	-0.591367	0.149642	0.1433	1.26901
chrX-19600000-19700000	-0.486455	0.187536	0.566003	2.14279
chrX-5100000-5200000	-0.661084	-0.082712	0.566224	1.10201
chrX-28800000-28900000	-0.225454	0.374664	0.232672	1.14179
chrX-19700000-19800000	-0.569673	0.567728	0.306332	2.22075
chrX-62100000-62200000	-0.490355	0.220506	-0.488561	1.15247
chrX-68400000-68500000	0.139555	0.043176	-0.47833	1.33594
chrX-2600000-2700000	-1.34391	0.549787	-0.103967	1
chrX-19900000-20000000	-0.746588	0.407953	0.291489	2.12118
chrX-20000000-20100000	-0.381915	0.224263	0.520889	1.92359
chrX-53500000-53600000	-0.362428	0.580487	-0.575714	2.35338
chrX-48800000-48900000	-0.44652	0.849953	-0.217613	4.15413
chrX-20200000-20300000	-0.497578	0.081611	0.634318	2.50087
chrX-20300000-20400000	-0.248744	0.4067	0.388576	1.5928
chrX-40200000-40300000	-0.348452	0.507734	0.292549	1.21674
chrX-20400000-20500000	-0.651128	0.240627	0.191499	1.43649
chrX-40100000-40200000	-0.084842	0.687706	-0.053566	2.57938
chrX-20800000-20900000	-0.502968	0.453642	0.244799	1.14625
chrX-3300000-3400000	-0.994446	0.129938	0.330215	1.27126
chrX-68500000-68600000	0.026901	0.207797	-0.031367	1.28708
chrX-79600000-79700000	-0.008923	-0.004683	-0.499624	1.15838
chrX-20900000-21000000	-0.393673	-0.001936	0.352072	1.19667
chrX-21000000-21100000	-0.495684	0.467805	0.400309	1.21366
chrX-96500000-96600000	-0.000312	-0.493853	-0.239366	1.32961
chrX-21100000-21200000	-0.460598	-0.016804	0.427951	1.05395
chrX-21700000-21800000	-0.483932	0.517929	0.348393	1.38875
chrX-21900000-22000000	-0.343195	0.445655	0.167613	2.80025
chrX-39000000-39100000	-0.66793	0.411511	-0.201481	1.15527
chrX-75800000-75900000	0.275475	0.041964	-0.499544	1.09081
chrX-22800000-22900000	-0.040608	0.18226	0.441351	1.10778
chrX-38600000-38700000	-0.219598	0.46637	0.060821	3.45115
chrX-23000000-23100000	-0.363267	0.042369	0.499992	1.12778
chrX-23100000-23200000	-0.778126	0.10437	0.260086	1.15426
chrX-50300000-50400000	-0.179189	0.50822	-0.168846	1.25242
chrX-23200000-23300000	-0.357801	0.038409	0.49188	1.07844
chrX-23400000-23500000	-0.726355	0.188386	0.372737	1.1802
chrX-47900000-48000000	-0.084288	0.624644	-0.218436	2.26471
chrX-23900000-24000000	-0.765453	0.497485	-0.123691	1.93644
chrX-37100000-37200000	-0.069557	0.845259	0.108081	1.53986
chrX-24100000-24200000	-0.263752	0.453304	0.675704	3.78122
chrX-24300000-24400000	-0.535883	0.559483	-0.190374	1.68752
chrX-24500000-24600000	-0.291673	0.21998	0.062023	1.26641
chrX-24600000-24700000	-0.716879	0.345711	-0.140933	1.09987
chrX-24900000-25000000	-0.418943	0.177478	0.07125	1.20892
chrX-25000000-25100000	-0.755226	0.348523	-0.217884	1.18322
chrX-25400000-25500000	-0.70589	0.179839	0.226761	1.09878
chrX-94100000-94200000	0.110996	-0.223605	-0.110399	1.18895
chrX-25900000-26000000	-0.251895	0.417981	0.417013	1.20659
chrX-82900000-83000000	0.025307	-0.236094	0.304221	1.10811
chrX-26100000-26200000	-0.261725	0.234659	0.082499	1.20737
chrX-4500000-4600000	-0.81083	0.020748	0.357264	1.13894
chrX-26500000-26600000	-0.620988	0.010417	0.333642	1.12785
chrX-55700000-55800000	-0.636488	0.540481	-0.270701	2.18778
chrX-64500000-64600000	0.175938	0.358109	0.077541	1.18341
chrX-86600000-86700000	-0.331059	-0.211731	-0.193013	1.12274
chrX-48400000-48500000	-0.165693	0.724432	-0.526372	4.47688
chrX-37200000-37300000	-0.497372	0.664821	-0.022744	2.38943
chrX-26700000-26800000	-0.044727	0.199661	0.432871	1.14221
chrX-93200000-93300000	-0.040116	-0.388943	0.130023	1.09023
chrX-26800000-26900000	-0.43653	0.435556	0.238066	1.18578
chrX-26900000-27000000	-0.28712	0.016532	0.432138	1.30957
chrX-64900000-65000000	0.051928	0.40166	0.22191	1.89105
chrX-85900000-86000000	-0.36769	-0.24109	0.30636	1.14742
chrX-53800000-53900000	-0.462095	0.863233	0.008303	1.18888
chrX-2700000-2800000	-1.34351	0.548627	-0.10363	2.11339
chrX-44000000-44100000	-0.461834	0.278975	0.27009	1.21252
chrX-46300000-46400000	0.07024	0.6307	-0.103217	2.90068
chrX-28300000-28400000	-0.736223	0.202575	-0.051317	1.11385
chrX-68200000-68300000	-0.515343	0.29136	-0.593118	2.27732
chrX-28400000-28500000	-0.481002	0.524986	-0.303891	1.16514
chrX-79400000-79500000	-0.10954	-0.185318	0.386043	1.11364
chrX-28600000-28700000	-0.649171	-0.018389	0.309773	1.34146
chrX-28700000-28800000	-0.232372	0.011035	0.554927	1.06586
chrX-80400000-80500000	0	0	0	2.01931
chrX-28900000-29000000	-0.403295	-0.007384	0.468565	1.26966
chrX-29000000-29100000	-0.330396	0.277721	0.092674	1.14395
chrX-90500000-90600000	-0.113561	-0.50236	0.306866	1.18374
chrX-29400000-29500000	-0.615696	0.528229	0.33796	1.19903
chrX-85200000-85300000	-0.169919	-0.171193	0.361287	1.55877
chrX-92700000-92800000	-0.128408	-0.304803	0.312918	1.18831
chrX-3000000-3100000	-1.07483	0.157561	0.313669	1.74068
chrX-72200000-72300000	0.115027	0.333097	-0.88341	1.141
chrX-30400000-30500000	-0.409446	0.224269	0.208423	1.08404
chrX-70100000-70200000	0.174427	0.272149	-0.463299	1.23603
chrX-52000000-52100000	0.127194	0.548841	0.035985	3.30736
chrX-56400000-56500000	-0.196794	0.520968	-0.456561	1.11425
chrX-30500000-30600000	0.0816	0.212977	0.28143	1.28662
chrX-8000000-8100000	-0.579999	0.499681	0.383257	1.16322
chrX-85800000-85900000	0.093689	-0.198709	0.138801	1.20165
chrX-30900000-31000000	-0.423715	0.491072	0.209931	2.16619
chrX-31000000-31100000	-0.149544	0.176793	0.445956	1.16462
chrX-91700000-91800000	0.796193	-0.594055	-0.233717	1
chrX-42700000-42800000	-0.351387	0.70813	-0.162625	1.09564
chrX-39100000-39200000	-0.323652	0.271616	0.09303	1.13659
chrX-35100000-35200000	-0.393957	0.308747	0.121484	1.14745
chrX-31300000-31400000	-0.711061	0.255129	-0.199654	1.41176
chrX-31700000-31800000	-0.458546	0.048627	0.450943	1.17744
chrX-31900000-32000000	-0.330376	0.232308	-0.017398	1.22986
chrX-45200000-45300000	-0.321693	0.719289	-0.075114	1.92671
chrX-3200000-3300000	-1.1335	0.405275	-0.005214	1.73908
chrX-43300000-43400000	-0.697962	0.322815	-0.24025	1.24222
chrX-32100000-32200000	-0.23038	-0.022142	0.418256	1.15832
chrX-58000000-58100000	-0.012827	0.397107	-0.21069	1.17703
chrX-32300000-32400000	-0.172543	-0.006477	0.411633	1.14488
chrX-38700000-38800000	-0.496151	0.683136	-0.253671	1.72746
chrX-32700000-32800000	-0.250238	0.180625	-0.031445	1.18707
chrX-32900000-33000000	-0.412767	-0.036828	0.468423	1.53749
chrX-33200000-33300000	-0.032559	0.065121	0.23545	1.31879
chrX-84300000-84400000	0.093769	-0.207191	0.083752	1.27785
chrX-88400000-88500000	0.039243	-0.651106	0.217879	1.09084
chrX-53300000-53400000	-0.150474	0.386768	-0.328042	2.97064
chrX-33600000-33700000	-0.414234	0.115803	0.084567	1.07191
chrX-33800000-33900000	-0.513624	-0.106668	0.322679	1.10757
chrX-33900000-34000000	-0.293855	0.221785	0.041769	1.17653
chrX-34400000-34500000	-0.070869	0.092208	0.515189	1.20979
chrX-49500000-49600000	0.115108	0.486474	-0.170896	1.12929
chrX-81000000-81100000	0.180474	-0.052929	0.036363	1.16353
chrX-34700000-34800000	-0.061058	0.269467	0.348184	1.52482
chrX-34900000-35000000	-0.077965	0.313058	0.426241	1.30583
chrX-35400000-35500000	-0.329229	0.25207	0.040546	1.09077
chrX-35900000-36000000	0.145175	0.138154	0.157049	1.23981
chrX-36300000-36400000	-0.341452	-0.064477	0.467169	1.05805
chrX-85500000-85600000	0.120667	-0.22251	-0.083986	1.1506
chrX-37900000-38000000	-0.439513	0.346219	0.168735	1.35628
chrX-3800000-3900000	-1.11773	0.344447	0.615002	1.13287
chrX-87200000-87300000	-0.145459	-0.083621	-0.268965	1.15916
chrX-38900000-39000000	-0.434412	0.395068	0.220723	1.09116
chrX-3900000-4000000	-0.911065	0.564875	0.237664	1.1915
chrX-39400000-39500000	-0.446816	0.614301	0.129243	1.2475
chrX-79200000-79300000	0.245387	0.094936	-0.479942	1.11585
chrX-86100000-86200000	-0.053529	-0.351825	0.379521	1.27944
chrX-40300000-40400000	-0.46138	0.758017	-0.100231	1.58993
chrX-40400000-40500000	-0.661656	0.377576	-0.353245	2.13954
chrX-82300000-82400000	-0.315416	0.007113	-0.069818	1.13323
chrX-40900000-41000000	-0.727225	0.470302	-0.410872	3.52417
chrX-41400000-41500000	-0.158577	0.393535	0.012286	1.57755
chrX-41700000-41800000	-0.262748	0.241343	0.012919	2.39269
chrX-41900000-42000000	-0.432337	0.34169	-0.202507	1.27969
chrX-5300000-5400000	-0.888564	0.472585	-0.102077	1.1134
chrX-8500000-8600000	-0.500496	0.402611	0.484468	1.1114
chrX-44100000-44200000	0.001422	0.399831	0.337598	1.39783
chrX-42100000-42200000	-0.645111	0.417926	-0.178831	1.08852
chrX-66400000-66500000	-0.43757	0.300684	-0.525753	1.08399
chrX-48500000-48600000	-0.64831	0.666408	-0.579692	3.44023
chrX-42200000-42300000	-0.336802	0.099022	0.024342	1.05828
chrX-7100000-7200000	-0.651085	0.212759	0.678403	1.37236
chrX-71200000-71300000	-0.540366	0.19474	-0.223637	1.46411
chrX-9900000-10000000	-0.940434	0.327163	0.302325	2.33007
chrX-99100000-99200000	-0.416053	-0.265307	-0.184518	1.08327
chrX-42600000-42700000	-0.509046	0.412288	0.182291	1.23819
chrX-42800000-42900000	-0.233534	0.236273	-0.151342	1.13179
chrX-42900000-43000000	-0.299962	0.3289	0.32312	1.15125
chrX-43000000-43100000	0.130851	0.390007	0.098332	1.22643
chrX-43100000-43200000	-0.096861	0.171094	0.468314	1.07586
chrX-43500000-43600000	-0.24508	0.380024	0.282269	2.21152
chrX-43900000-44000000	-0.002071	0.237878	0.144155	1.19248
chrX-49100000-49200000	-0.14627	0.84958	0.002153	3.17801
chrX-4400000-4500000	-0.818535	0.502053	0.282868	1.13056
chrX-69100000-69200000	-0.027977	0.221789	-0.45959	1.0424
chrX-44300000-44400000	-0.228341	0.366067	0.255001	1.31331
chrX-44400000-44500000	0.08473	0.700799	0.089233	2.49079
chrX-82400000-82500000	-0.429733	0.098155	-0.539291	1.21786
chrX-53000000-53100000	0.093887	0.504084	-0.134517	4.046
chrX-46400000-46500000	-0.411118	0.657735	-0.167616	3.11823
chrX-88700000-88800000	0.530352	-0.622233	0.391626	1
chrX-44800000-44900000	-0.205842	0.62358	0.474965	1.55117
chrX-62600000-62700000	-0.243327	0.296824	-0.403505	1.52969
chrX-66700000-66800000	-0.258418	0.14589	-0.086532	1.23705
chrX-44900000-45000000	-0.411036	0.43324	0.102189	1.6063
chrX-45100000-45200000	0.091149	0.456723	-0.062149	2.55065
chrX-81100000-81200000	-0.156971	-0.278989	0.307959	1.151
chrX-98400000-98500000	0.089627	-0.352092	-0.036782	1.24494
chrX-49200000-49300000	0.012053	1.12136	0.292893	0
chrX-63200000-63300000	-0.477556	0.16406	-0.512666	1.15091
chrX-83400000-83500000	0.138709	-0.182406	-0.114866	1.98873
chrX-92500000-92600000	-0.086981	-0.621023	0.151969	1.08747
chrX-45300000-45400000	-0.486593	0.619543	-0.509325	2.9057
chrX-98300000-98400000	-0.385847	-0.227643	-0.074771	1.11399
chrX-47000000-47100000	0.012251	0.74907	0.339858	5.02827
chrX-45600000-45700000	-0.444496	0.535085	-0.441857	2.58804
chrX-45900000-46000000	0.023155	0.633504	0.011967	1.12218
chrX-46900000-47000000	-0.448701	0.686654	0.183444	1.8525
chrX-51300000-51400000	-0.338622	0.654593	-0.266276	1.1741
chrX-48100000-48200000	-0.150586	1.20858	0.10943	1.05475
chrX-48600000-48700000	-0.320257	0.775509	-0.239276	2.71728
chrX-66800000-66900000	-0.206111	0.259661	-0.556398	1.16319
chrX-48900000-49000000	0.018338	0.807791	-0.116158	4.65583
chrX-4900000-5000000	-0.663079	0.551469	0.317709	1.23175
chrX-49400000-49500000	-0.183964	0.741857	0.112793	1.1816
chrX-49700000-49800000	-0.631682	0.376075	-0.221714	1.64446
chrX-5000000-5100000	-0.361015	0.297828	0.590108	1.10271
chrX-50200000-50300000	0.060688	0.330094	0.21878	1.15742
chrX-50900000-51000000	-0.218841	0.609519	-0.253702	1.10134
chrX-51800000-51900000	-0.07056	0.796202	-0.099183	1.28091
chrX-51200000-51300000	-0.03537	0.673933	0.120019	1.74949
chrX-66000000-66100000	-0.215754	0.291984	-0.058929	1.13607
chrX-51400000-51500000	-0.60369	0.611925	-0.691835	3.27508
chrX-51900000-52000000	0.121616	0.930296	0.336314	1.0244
chrX-52500000-52600000	0.488641	0.908706	-0.27789	1.15649
chrX-53200000-53300000	0.125345	0.572375	0.013491	3.60402
chrX-79100000-79200000	0.338939	-0.100022	-0.039923	1.15149
chrX-53400000-53500000	-0.432388	0.701153	-0.11565	3.46633
chrX-53600000-53700000	-0.677682	0.418302	-0.269908	1.82394
chrX-53900000-54000000	-0.70216	0.656233	-0.353351	1.35563
chrX-5400000-5500000	-0.709506	0.502417	0.342033	1.07257
chrX-58100000-58200000	-0.353898	0.736286	-0.319348	1.03678
chrX-54200000-54300000	-0.320361	0.33606	-0.245691	3.12543
chrX-74000000-74100000	0.047227	-0.023979	-0.489569	1.21512
chrX-54900000-55000000	-0.388753	0.557276	-0.592469	2.1628
chrX-5500000-5600000	-0.89925	0.071303	0.456898	1.06988
chrX-99200000-99300000	-0.004798	-0.232251	-0.42433	1.04491
chrX-55200000-55300000	-0.257105	0.751682	0.108471	1.15625
chrX-55500000-55600000	-0.215044	0.623054	-0.380399	3.53261
chrX-7700000-7800000	-0.723717	0.015912	0.342799	1.12955
chrX-55600000-55700000	-0.3024	0.588644	0.094414	1.05266
chrX-55800000-55900000	-0.308388	0.580207	-0.625707	1.24572
chrX-56100000-56200000	0.013961	0.534733	-0.21695	1.27771
chrX-56900000-57000000	0.093859	0.568912	-0.227629	1.13514
chrX-57000000-57100000	-0.250931	0.52479	-0.573289	2.69119
chrX-57100000-57200000	-0.142055	0.543188	-0.08928	2.59481
chrX-57200000-57300000	-0.568461	0.48183	-0.316044	1.30659
chrX-57400000-57500000	-0.346585	0.697312	-0.134112	1.30017
chrX-57800000-57900000	-0.171063	0.457223	-0.513492	1.22035
chrX-75300000-75400000	0.306964	0.310014	-0.306319	3.04803
chrX-57900000-58000000	-0.496061	0.412317	-0.148572	1.95384
chrX-5800000-5900000	-0.413985	0.103191	0.61486	1.11663
chrX-58300000-58400000	-0.169261	0.327475	-0.197098	1.38891
chrX-5900000-6000000	-0.744258	0.406369	0.409669	1.17724
chrX-6000000-6100000	-0.595383	-0.042527	0.469423	1.11575
chrX-60100000-60200000	-0.761708	1.11122	-0.834361	0
chrX-6100000-6200000	-0.705623	0.413026	0.580491	1.18968
chrX-61700000-61800000	-0.670189	0.732262	-0.696623	1.2522
chrX-87000000-87100000	-0.157959	-0.186592	-0.303579	1.05655
chrX-61800000-61900000	-0.288189	0.458319	-0.602748	1.29882
chrX-61900000-62000000	-0.63272	0.289447	-0.349051	1.14336
chrX-6200000-6300000	-1.04434	0.175331	0.333624	1.04884
chrX-62000000-62100000	-0.296552	0.115947	-0.053914	1.1052
chrX-62300000-62400000	0.182206	0.433439	-0.574496	1.21904
chrX-62400000-62500000	-0.152476	0.415737	-0.949165	1.17944
chrX-62500000-62600000	0.175965	0.226125	-0.634857	2.03551
chrX-75400000-75500000	0.133043	-0.058451	-0.59695	1.19903
chrX-62900000-63000000	-0.327033	0.158564	-0.070153	2.12527
chrX-63100000-63200000	-0.030808	0.263542	-0.368409	1.50129
chrX-63300000-63400000	-0.053015	0.390732	-0.587888	1.14182
chrX-63500000-63600000	-0.030763	0.214437	-0.482603	1.16189
chrX-6400000-6500000	-0.798082	0.504074	0.428135	1.12995
chrX-90300000-90400000	-0.076914	-0.496044	0.325051	1.13938
chrX-64100000-64200000	0.003976	0.267146	-0.389957	1.58448
chrX-64200000-64300000	-0.481109	0.268694	-0.390688	2.36541
chrX-64400000-64500000	0.090758	0.009176	-0.238145	1.37794
chrX-64800000-64900000	0.024027	0.213096	-0.201783	3.62752
chrX-65000000-65100000	0.039414	-0.06505	0.373822	1.32973
chrX-67600000-67700000	-0.411406	0.220472	-0.559352	2.16908
chrX-65100000-65200000	0.174618	0.101089	-0.059992	1.1834
chrX-65300000-65400000	0.16221	0.148229	-0.001117	1.15819
chrX-89300000-89400000	0.292752	-0.431356	0.314614	1.27749
chrX-65500000-65600000	-0.111816	0.243119	0.024083	1.07985
chrX-89800000-89900000	0.495812	-0.68286	0.471207	1
chrX-65600000-65700000	-0.120047	-0.153369	0.300134	1.08919
chrX-74500000-74600000	0.132233	0.018169	-0.004682	1.18123
chrX-65800000-65900000	-0.224988	0.149578	-0.149205	2.07902
chrX-67200000-67300000	-0.303567	0.238744	-0.566224	1.25258
chrX-65900000-66000000	0.234454	0.077899	-0.007786	1.59904
chrX-6600000-6700000	-0.593934	0.118648	0.708197	1.16771
chrX-94700000-94800000	0.058288	-0.478245	0.042744	1.07801
chrX-66100000-66200000	0.066223	0.188564	-0.433387	1.0753
chrX-95600000-95700000	-0.232101	-0.207357	0.286035	1.51172
chrX-66900000-67000000	-0.253731	0.163357	-0.078482	1.15068
chrX-6700000-6800000	-0.795846	0.491453	0.514917	1.14386
chrX-67000000-67100000	0.188572	0.006348	0.073799	1.41692
chrX-67100000-67200000	0.111523	0.294734	-0.293512	1.19518
chrX-85600000-85700000	-0.130542	-0.255844	0.327272	1.08825
chrX-67500000-67600000	-0.151757	0.215892	-0.154835	1.42401
chrX-96100000-96200000	-0.286523	-0.371238	0.214366	1.41149
chrX-67700000-67800000	0.035508	0.354433	-0.404591	2.79913
chrX-98200000-98300000	-0.482162	-0.047566	-0.525485	1.06969
chrX-67800000-67900000	0.226076	0.203752	0.017814	1.53588
chrX-67900000-68000000	-0.172552	0.386362	-0.163913	1.87312
chrX-68600000-68700000	-0.069821	0.230066	-0.507098	1.14374
chrX-80000000-80100000	-0.169256	0.158575	-0.473678	2.25202
chrX-68700000-68800000	0.014723	0.186248	-0.02411	1.19372
chrX-68900000-69000000	0.113131	0.151615	-0.483509	1.13601
chrX-6900000-7000000	-1.03813	0.24071	0.515151	1.52965
chrX-69000000-69100000	0.1486	0.229583	-0.008511	1.24229
chrX-69800000-69900000	-0.483638	0.175301	-0.581445	1.26814
chrX-81200000-81300000	0.177734	-0.146966	-0.031604	1.19238
chrX-70200000-70300000	-0.313729	0.246027	-0.463858	2.50612
chrX-70300000-70400000	0.151908	0.310608	-0.405423	2.41068
chrX-70700000-70800000	-0.313997	0.22583	-0.653452	2.75052
chrX-70900000-71000000	-0.203957	0.461553	-1.06605	1.5331
chrX-71100000-71200000	-0.275301	0.322136	-0.609585	1.31391
chrX-86800000-86900000	-0.240372	-0.339048	0.385976	1.13793
chrX-71300000-71400000	-0.081903	0.096792	-0.235999	1.62105
chrX-77600000-77700000	0.073497	0.097594	-0.572522	1.0733
chrX-71600000-71700000	-0.255054	0.142413	-0.155072	1.3372
chrX-71700000-71800000	-0.562891	0.144646	-0.519381	1.76866
chrX-71800000-71900000	-0.081672	0.217055	-0.469224	1.43412
chrX-84600000-84700000	0.12196	0.005566	-0.282546	1.12395
chrX-91000000-91100000	0.663724	-0.869633	-0.049316	1
chrX-71900000-72000000	0.116661	0.330559	-0.881286	1.94356
chrX-7200000-7300000	-0.713586	0.501606	0.319162	1.6789
chrX-72500000-72600000	0.247134	0.237134	0.179429	1.14428
chrX-72900000-73000000	0.19467	0.227375	0.114371	1.13796
chrX-73600000-73700000	0.020138	-0.16396	0.383356	2.94708
chrX-73800000-73900000	0.202168	-0.119339	0.355749	3.01386
chrX-73900000-74000000	0.174928	0.157078	-0.058288	1.14317
chrX-7400000-7500000	-1.00678	0.454119	-0.074995	1.09646
chrX-74200000-74300000	0.010034	-0.097708	-0.434258	1.12239
chrX-76400000-76500000	0.248088	-0.170142	0.3173	1.17096
chrX-74800000-74900000	0.231906	0.026949	-0.506455	1.10495
chrX-74900000-75000000	0.223261	0.034149	-0.016207	1.45357
chrX-75500000-75600000	-0.265127	0.212553	-0.744423	1.11087
chrX-75700000-75800000	0.264809	-0.095682	-0.025274	1.10196
chrX-75900000-76000000	0.339418	-0.126362	-0.046705	1.13562
chrX-7600000-7700000	-0.959168	0.016045	0.764448	1.24883
chrX-76000000-76100000	-0.146574	-0.15597	-0.002208	1.15401
chrX-76300000-76400000	0.253824	-0.144442	-0.161667	1.21941
chrX-76500000-76600000	0.441952	-0.008149	-0.094443	1.11638
chrX-76800000-76900000	0.04407	-0.073786	0.008616	1.55355
chrX-76900000-77000000	0.041453	0.024737	-0.470068	1.78554
chrX-77000000-77100000	-0.255537	0.226232	-0.780933	2.19184
chrX-77400000-77500000	0.018926	0.018824	-0.530869	1.1972
chrX-77700000-77800000	0.282596	0.116988	-0.132437	1.16422
chrX-77900000-78000000	-0.041125	0.019718	-0.127166	1.47221
chrX-7800000-7900000	-0.663462	0.491412	0.321366	3.16884
chrX-78300000-78400000	0.025006	-0.176385	0.282815	1.12898
chrX-81500000-81600000	-0.323431	-0.037372	-0.100576	1.09668
chrX-78900000-79000000	0.171487	-0.077712	0.047882	1.05018
chrX-7900000-8000000	-0.62851	0.042305	0.526434	1.27743
chrX-79300000-79400000	0.117624	-0.072886	-0.03528	1.07716
chrX-79900000-80000000	-0.155672	0.046399	-0.004648	1.27388
chrX-80100000-80200000	0.210059	-0.141405	-0.338816	1.32937
chrX-80200000-80300000	-0.012409	-0.152028	0.105441	1.18297
chrX-80300000-80400000	-0.488634	-0.052103	0.055124	1.40714
chrX-97400000-97500000	-0.039391	-0.229861	-0.421591	1.18813
chrX-80500000-80600000	0.012038	0.052769	-0.479541	1.47106
chrX-80600000-80700000	-0.16254	-0.022351	-0.026981	1.22226
chrX-95400000-95500000	-0.135636	-0.355777	-0.397757	1.22741
chrX-95800000-95900000	0.067384	-0.225641	0.190173	1.22447
chrX-80700000-80800000	0.310995	-0.151605	-0.110194	1.16603
chrX-8700000-8800000	-0.633768	0.158711	0.704658	1.38896
chrX-80800000-80900000	-0.000451	0.061067	-0.427086	1.08164
chrX-80900000-81000000	-0.291151	-0.094889	-0.055829	1.1604
chrX-81600000-81700000	0.149891	-0.066562	-0.233256	1.17251
chrX-83000000-83100000	-0.180704	0.033755	-0.053076	1.10255
chrX-81700000-81800000	-0.023369	-0.20575	0.202945	1.06802
chrX-81900000-82000000	0.064454	0.110094	0.146035	1.16411
chrX-8200000-8300000	-0.671004	0.475914	0.294972	1.15466
chrX-83100000-83200000	0.210639	-0.252679	-0.150021	1.14172
chrX-83800000-83900000	-0.095059	-0.069642	-0.548129	1.18579
chrX-83900000-84000000	0.020775	-0.227271	-0.094686	1.23148
chrX-8400000-8500000	-0.744153	0.089686	0.757085	1.14945
chrX-84700000-84800000	0.018356	-0.13315	0.175009	1.13256
chrX-84900000-85000000	-0.386937	-0.204072	0.288888	1.1185
chrX-85300000-85400000	0.159372	-0.28355	0.022782	2.09112
chrX-85400000-85500000	-0.27133	-0.190616	0.21689	1.54622
chrX-86000000-86100000	-0.086066	-0.212073	-0.096641	1.07078
chrX-86200000-86300000	0.192486	-0.250921	-0.034616	1.11557
chrX-9100000-9200000	-0.984646	0.217717	0.019317	1.92879
chrX-86300000-86400000	0.022338	-0.15336	-0.482284	1.25695
chrX-86400000-86500000	0.143817	-0.318434	-0.03329	1.16968
chrX-86500000-86600000	-0.226191	-0.330423	0.281981	1.13421
chrX-86900000-87000000	0.12441	-0.187462	0.086482	1.15224
chrX-87100000-87200000	-0.133845	-0.298372	0.174883	1.09566
chrX-87300000-87400000	-0.076136	-0.286175	0.173653	1.08857
chrX-87500000-87600000	-0.15424	-0.407355	0.254887	1.15828
chrX-87800000-87900000	0.10537	-0.315528	-0.012453	1.14559
chrX-87900000-88000000	-0.363899	-0.175167	-0.061932	1.20057
chrX-88000000-88100000	-0.202078	-0.379928	0.355638	1.13743
chrX-88200000-88300000	-0.371012	-0.189529	-0.128826	1.13131
chrX-88300000-88400000	-0.210844	-0.245429	0.336062	1.05888
chrX-88500000-88600000	0.331278	-0.969982	0.488709	1
chrX-88600000-88700000	0.330669	-0.970847	0.489414	1
chrX-88900000-89000000	0.52857	-0.623474	0.390306	1.09186
chrX-8900000-9000000	-0.919065	0.176876	-0.017096	1.48398
chrX-89000000-89100000	0.287394	-0.884872	0.746612	1
chrX-89100000-89200000	-0.151358	-0.834103	0.885561	0
chrX-89200000-89300000	-0.138601	-0.497673	0.531808	1.05966
chrX-98100000-98200000	-0.380051	-0.273205	-0.098986	1.17542
chrX-89500000-89600000	0.543569	-0.475047	0.744222	1.1689
chrX-89600000-89700000	0.544638	-0.474456	0.744575	1
chrX-90100000-90200000	-0.339442	-0.78978	0.902126	1.31993
chrX-90900000-91000000	0.662996	-0.869632	-0.048274	1.22822
chrX-91100000-91200000	0.66406	-0.868923	-0.048317	0
chrX-91300000-91400000	0.662834	-0.868732	-0.049354	1
chrX-91400000-91500000	0.333115	-0.5163	-0.09846	1.09895
chrX-91600000-91700000	0.795341	-0.594532	-0.234532	1
chrX-91800000-91900000	0.796971	-0.594409	-0.232776	1
chrX-91900000-92000000	0.797154	-0.593527	-0.233674	1
chrX-92000000-92100000	0.797779	-0.592584	-0.234254	1
chrX-92300000-92400000	0.396242	-0.414423	-0.449325	1.11269
chrX-92900000-93000000	0.033603	-0.304059	-0.478755	2.1988
chrX-9300000-9400000	-1.0773	0.218504	0.056924	1.93323
chrX-93000000-93100000	-0.392088	-0.06415	-0.529679	1.13487
chrX-93100000-93200000	0.012334	-0.279779	-0.347315	1.17953
chrX-93300000-93400000	-0.316846	-0.263841	-0.259629	1.14497
chrX-93800000-93900000	-0.344356	-0.213227	-0.113385	1.13554
chrX-97100000-97200000	-0.45449	-0.02254	-0.56697	1.27895
chrX-9400000-9500000	-0.877452	0.642905	0.022237	2.41459
chrX-94000000-94100000	-0.007241	-0.365886	-0.570138	1.14212
chrX-94300000-94400000	0.1027	-0.397148	0.03071	1.23125
chrX-94500000-94600000	0.089532	-0.475921	0.002611	1.16743
chrX-94900000-95000000	-0.395626	-0.254467	-0.067322	1.11841
chrX-9500000-9600000	-0.747389	0.464942	0.443075	2.34495
chrX-95100000-95200000	-0.036547	-0.516804	-0.123573	1.09403
chrX-95300000-95400000	-0.436132	-0.007755	-0.561601	1.1413
chrX-95500000-95600000	0.011093	-0.555596	0.023945	1.19105
chrX-95900000-96000000	-0.131784	-0.661378	0.193142	2.44965
chrX-96000000-96100000	0.129055	-0.309127	-0.029374	1.35704
chrX-96300000-96400000	-0.366981	-0.241807	-0.096937	1.27077
chrX-96400000-96500000	-0.07579	-0.426362	0.237222	1.33943
chrX-96900000-97000000	-0.498178	0.025217	-0.528888	1.34991
chrX-97200000-97300000	-0.119591	-0.370388	-0.516856	1.14234
chrX-97600000-97700000	0.026223	-0.360216	-0.428635	1.07354
chrX-97700000-97800000	-0.360122	-0.417816	-0.118996	1.08875
chrX-97800000-97900000	-0.00028	-0.188612	-0.366519	1.1131
chrX-98500000-98600000	-0.098364	-0.243064	-0.479699	1.1567
chrX-98600000-98700000	-0.021739	-0.472155	-0.052899	1.1686
chrX-98700000-98800000	-0.381248	-0.173489	-0.204377	1.14753
chrX-98900000-99000000	-0.29819	-0.302997	-0.102351	1.11469
chrX-99600000-99700000	-0.401654	-0.202773	-0.1603	1.1724
chrX-99900000-100000000	-0.158445	-0.137349	-0.530204	2.4979
